TITLE A Rendezvous With Sleep Paralysis
BPM   200.0
NOTES
1.2
1.5
1.7999999999999998
1.9499999999999997
2.25
2.4
2.742857142857143
3.0857142857142854
3.4285714285714284
3.771428571428571
3.9428571428571426
4.285714285714286
4.628571428571428
5.1
5.25
5.3999999999999995
5.475
5.55
5.625
5.699999999999999
5.7749999999999995
5.85
5.925
6.0
6.3
6.6
6.75
6.9
7.05
7.371428571428571
7.542857142857142
7.885714285714285
8.228571428571428
8.64
8.8
8.96
9.120000000000001
9.200000000000001
9.36
9.44
9.6
9.9
10.049999999999999
10.2
10.275
10.35
10.424999999999999
10.5
10.575
10.649999999999999
10.725
10.799999999999999
11.1
11.399999999999999
11.549999999999999
11.849999999999998
12.2
12.4
12.8
13.5
13.649999999999999
13.95
14.25
14.399999999999999
14.559999999999999
14.719999999999999
14.879999999999999
15.04
15.12
15.279999999999998
15.6
15.942857142857143
16.114285714285714
16.285714285714285
16.457142857142856
16.628571428571426
16.97142857142857
17.314285714285717
17.485714285714288
17.82857142857143
18.0
18.34285714285714
18.514285714285712
18.857142857142858
19.02857142857143
19.349999999999998
19.5
19.65
19.724999999999998
19.8
19.875
19.95
20.025
20.099999999999998
20.175
20.25
20.325
20.4
20.549999999999997
20.625
20.7
20.849999999999998
20.924999999999997
21.0
21.15
21.299999999999997
21.375
21.45
21.599999999999998
21.749999999999996
21.825
21.9
22.049999999999997
22.124999999999996
22.2
22.349999999999998
22.424999999999997
22.499999999999996
22.575
22.65
22.724999999999998
22.8
22.95
23.1
23.25
23.400000000000002
23.55
23.7
23.85
24.0
24.15
24.3
24.45
24.6
24.75
24.9
25.05
25.2
25.349999999999998
25.5
25.65
25.8
25.95
26.099999999999998
26.25
26.4
26.549999999999997
26.7
26.849999999999998
27.0
27.15
27.299999999999997
27.45
27.599999999999998
27.749999999999996
27.9
28.049999999999997
28.2
28.349999999999998
28.499999999999996
28.65
28.799999999999997
28.949999999999996
29.099999999999998
29.249999999999996
29.4
29.549999999999997
29.699999999999996
29.849999999999998
30.0
30.15
30.3
30.45
30.6
30.75
30.9
31.05
31.2
31.349999999999998
31.425
31.5
31.65
31.724999999999998
31.8
31.875
31.95
32.025
32.1
32.175
32.25
32.324999999999996
32.4
32.55
32.625
32.699999999999996
32.85
32.925
33.0
33.15
33.3
33.449999999999996
33.6
33.675000000000004
33.75
33.9
33.975
34.050000000000004
34.2
34.275
34.35
34.425000000000004
34.5
34.575
34.65
34.725
34.8
34.949999999999996
35.025
35.099999999999994
35.25
35.324999999999996
35.4
35.55
35.699999999999996
35.849999999999994
36.0
36.15
36.3
36.45
36.6
36.75
36.9
37.05
37.199999999999996
37.349999999999994
37.425
37.49999999999999
37.65
37.724999999999994
37.8
37.949999999999996
38.099999999999994
38.24999999999999
38.4
38.55
38.699999999999996
38.85
39.0
39.15
39.3
39.449999999999996
39.525
39.6
39.9
40.050000000000004
40.35
40.65
40.8
40.949999999999996
41.025
41.099999999999994
41.25
41.324999999999996
41.4
41.474999999999994
41.55
41.625
41.699999999999996
41.775
41.849999999999994
41.925
42.0
42.45
42.75
43.05
43.349999999999994
43.49999999999999
43.8
43.949999999999996
44.099999999999994
44.24999999999999
44.4
44.57142857142857
44.74285714285714
45.25714285714285
45.42857142857143
45.6
45.94285714285714
46.457142857142856
46.62857142857143
46.8
47.14285714285714
47.48571428571428
47.82857142857142
48.4
48.8
49.199999999999996
49.65
50.099999999999994
50.24999999999999
50.4
50.55
51.0
51.074999999999996
51.15
51.225
51.3
51.375
51.449999999999996
51.525
51.6
51.9
52.050000000000004
52.35
52.65
53.099999999999994
53.4
53.55
53.699999999999996
54.0
54.3
54.75
54.9
55.05
55.199999999999996
55.4
55.99999999999999
56.4
56.85
57.3
57.449999999999996
57.599999999999994
57.74999999999999
58.199999999999996
58.49999999999999
58.64999999999999
58.8
59.14285714285714
59.31428571428571
59.65714285714285
59.82857142857142
60.0
60.56
60.72
60.8
60.88
61.04
61.12
61.199999999999996
61.349999999999994
61.425
61.49999999999999
61.65
61.8
61.949999999999996
62.099999999999994
62.24999999999999
62.4
62.475
62.55
62.699999999999996
62.775
62.85
63.0
63.074999999999996
63.15
63.225
63.3
63.375
63.449999999999996
63.525
63.599999999999994
63.74999999999999
63.824999999999996
63.89999999999999
64.05
64.125
64.19999999999999
64.35
64.5
64.64999999999999
64.8
64.95
65.1
65.25
65.39999999999999
65.55
65.7
65.85
66.0
66.15
66.225
66.3
66.45
66.525
66.6
66.75
66.9
67.05
67.2
67.35000000000001
67.5
67.65
67.8
67.95
68.10000000000001
68.25
68.39999999999999
68.69999999999999
68.85
69.14999999999999
69.44999999999999
69.6
69.75
69.82499999999999
69.89999999999999
70.05
70.125
70.19999999999999
70.27499999999999
70.35
70.425
70.5
70.57499999999999
70.64999999999999
70.725
70.8
71.25
71.55
71.85
72.6
72.9
73.5
73.95
74.25
74.69999999999999
74.99999999999999
75.3
75.6
76.05
76.35
76.64999999999999
77.39999999999999
77.7
78.0
78.45
78.9
79.35000000000001
79.8
80.10000000000001
80.39999999999999
80.55
80.62499999999999
80.69999999999999
80.85
80.99999999999999
81.14999999999999
81.225
81.3
81.44999999999999
81.6
81.75
81.89999999999999
82.05
82.125
82.19999999999999
82.35
82.425
82.57499999999999
82.64999999999999
82.8
82.95
83.1
83.175
83.25
83.39999999999999
83.55
83.625
83.7
83.85
84.0
84.15
84.3
84.45
84.6
84.75
84.9
85.05
85.2
85.35000000000001
85.5
85.65
85.8
85.875
85.95
86.10000000000001
86.25
86.325
86.39999999999999
86.55
86.69999999999999
86.85
86.99999999999999
87.14999999999999
87.3
87.44999999999999
87.6
87.675
87.75
87.82499999999999
87.89999999999999
87.975
88.05
88.19999999999999
88.27499999999999
88.35
88.425
88.5
88.57499999999999
88.64999999999999
88.8
88.95
89.02499999999999
89.1
89.25
89.39999999999999
89.55
89.625
89.7
89.77499999999999
89.85
89.925
90.0
90.51428571428572
91.02857142857142
91.37142857142858
91.54285714285714
91.71428571428572
91.88571428571429
92.05714285714286
92.39999999999999
92.57142857142857
92.74285714285713
93.42857142857142
93.6
94.05
94.5
94.64999999999999
94.8
95.14285714285714
95.31428571428572
95.65714285714286
96.3
96.6
96.9
97.2
97.71428571428572
98.22857142857143
98.39999999999999
98.55
98.99999999999999
99.07499999999999
99.14999999999999
99.225
99.3
99.37499999999999
99.44999999999999
99.52499999999999
99.8
100.0
100.39999999999999
100.6
101.1
101.39999999999999
101.55
101.7
102.17142857142858
102.68571428571428
102.85714285714286
103.02857142857142
103.2
103.5
103.95
104.39999999999999
104.74285714285713
105.25714285714285
105.42857142857142
105.6
106.11428571428571
106.45714285714286
106.62857142857142
106.8
107.14285714285714
107.48571428571428
107.65714285714286
107.82857142857142
108.0
108.6
108.75
108.825
108.9
108.975
109.05
109.125
109.2
109.37142857142858
109.54285714285714
109.71428571428572
109.88571428571429
110.05714285714286
110.22857142857143
110.39999999999999
110.57142857142857
110.74285714285713
110.91428571428571
111.08571428571427
111.25714285714285
111.42857142857142
111.6
111.75
111.89999999999999
112.05
112.19999999999999
112.35
112.5
112.64999999999999
112.8
112.97142857142858
113.14285714285714
113.31428571428572
113.48571428571428
113.65714285714286
113.82857142857142
114.0
114.17142857142858
114.34285714285714
114.51428571428572
114.68571428571428
114.85714285714286
115.02857142857142
115.19999999999999
115.37142857142857
115.54285714285713
115.71428571428571
115.88571428571427
116.05714285714285
116.22857142857141
116.39999999999999
116.47999999999999
116.55999999999999
116.63999999999999
116.71999999999998
116.88
116.96
117.11999999999999
117.19999999999999
117.27999999999999
117.44
117.52
