TITLE After-School Stride
BPM   225.0
NOTES
6.4
6.933333333333334
7.466666666666667
8.0
8.066666666666666
8.133333333333333
8.2
8.266666666666667
8.533333333333333
8.8
9.066666666666666
9.2
9.333333333333334
9.466666666666667
9.733333333333333
9.866666666666667
10.133333333333333
10.266666666666666
10.4
10.533333333333333
10.799999999999999
10.933333333333334
11.2
11.333333333333332
11.466666666666667
11.6
11.866666666666665
12.0
12.266666666666666
12.533333333333333
12.6
12.666666666666666
12.733333333333333
12.8
13.066666666666668
13.333333333333334
13.466666666666667
13.600000000000001
13.733333333333334
14.0
14.133333333333335
14.4
14.533333333333333
14.666666666666668
14.8
15.066666666666666
15.200000000000001
15.466666666666667
15.6
15.733333333333334
15.866666666666667
16.133333333333333
16.266666666666666
16.533333333333335
16.8
16.866666666666667
16.933333333333334
17.0
17.066666666666666
17.333333333333332
17.6
17.733333333333334
17.866666666666667
18.0
18.266666666666666
18.4
18.666666666666668
18.933333333333334
19.2
19.466666666666665
19.733333333333334
19.866666666666667
20.0
20.133333333333333
20.4
20.53333333333333
20.8
21.066666666666666
21.133333333333333
21.2
21.266666666666666
21.333333333333332
21.599999999999998
21.866666666666667
22.0
22.133333333333333
22.266666666666666
22.53333333333333
22.666666666666664
22.933333333333334
23.2
23.466666666666665
23.73333333333333
24.0
24.133333333333333
24.266666666666666
24.4
24.666666666666664
24.799999999999997
25.066666666666666
25.2
25.333333333333332
25.4
25.466666666666665
25.53333333333333
25.6
25.733333333333334
25.866666666666667
26.0
26.133333333333336
26.400000000000002
26.533333333333335
26.8
26.933333333333334
27.066666666666666
27.200000000000003
27.46666666666667
27.733333333333334
27.866666666666667
28.0
28.133333333333333
28.26666666666667
28.533333333333335
28.666666666666668
28.933333333333334
29.066666666666666
29.2
29.333333333333336
29.46666666666667
29.6
29.733333333333334
29.866666666666667
30.266666666666666
30.400000000000002
30.533333333333335
30.8
30.933333333333334
31.066666666666666
31.333333333333332
31.46666666666667
31.733333333333334
32.0
32.266666666666666
32.4
32.666666666666664
32.8
33.06666666666666
33.199999999999996
33.46666666666666
33.599999999999994
33.86666666666666
34.13333333333333
34.266666666666666
34.4
34.53333333333333
34.666666666666664
34.93333333333333
35.06666666666666
35.333333333333336
35.46666666666667
35.6
35.733333333333334
36.0
36.266666666666666
36.4
36.53333333333333
36.666666666666664
36.8
37.06666666666666
37.199999999999996
37.46666666666667
37.6
37.733333333333334
37.86666666666667
38.0
38.13333333333333
38.266666666666666
38.4
38.857142857142854
39.009523809523806
39.16190476190476
39.31428571428571
39.46666666666667
39.61904761904762
39.77142857142857
39.923809523809524
40.076190476190476
40.22857142857143
40.38095238095238
40.53333333333333
40.8
40.93333333333333
41.199999999999996
41.33333333333333
41.6
41.733333333333334
42.0
42.13333333333333
42.4
42.666666666666664
42.93333333333333
43.199999999999996
43.33333333333333
43.46666666666666
43.599999999999994
43.86666666666667
44.0
44.266666666666666
44.53333333333333
44.8
45.06666666666666
45.33333333333333
45.46666666666666
45.599999999999994
45.73333333333333
46.0
46.13333333333333
46.4
46.666666666666664
46.733333333333334
46.8
46.86666666666667
46.93333333333333
47.199999999999996
47.46666666666666
47.599999999999994
47.73333333333333
47.86666666666666
48.13333333333333
48.266666666666666
48.53333333333333
48.8
49.06666666666666
49.33333333333333
49.599999999999994
49.73333333333333
49.86666666666666
49.99999999999999
50.266666666666666
50.4
50.666666666666664
50.8
50.93333333333333
51.0
51.06666666666666
51.13333333333333
51.2
51.333333333333336
51.46666666666667
51.6
51.733333333333334
52.0
52.13333333333333
52.4
52.53333333333333
52.666666666666664
52.8
53.06666666666666
53.333333333333336
53.46666666666667
53.6
53.733333333333334
53.86666666666667
54.13333333333333
54.266666666666666
54.53333333333333
54.666666666666664
54.8
54.93333333333333
55.06666666666666
55.199999999999996
55.33333333333333
55.46666666666667
55.923809523809524
56.076190476190476
56.22857142857143
56.38095238095238
56.53333333333333
56.68571428571428
56.838095238095235
56.99047619047619
57.14285714285714
57.29523809523809
57.44761904761904
57.6
57.86666666666667
58.0
58.266666666666666
58.4
58.666666666666664
58.8
59.06666666666666
59.199999999999996
59.46666666666666
59.733333333333334
59.86666666666667
60.0
60.13333333333333
60.266666666666666
60.53333333333333
60.666666666666664
60.93333333333333
61.06666666666666
61.199999999999996
61.33333333333333
61.599999999999994
61.86666666666667
62.0
62.13333333333333
62.266666666666666
62.4
62.666666666666664
62.8
63.06666666666666
63.199999999999996
63.33333333333333
63.46666666666666
63.599999999999994
63.73333333333333
63.86666666666666
64.0
64.4
64.53333333333333
64.66666666666667
64.93333333333334
65.06666666666666
65.2
65.46666666666667
65.6
65.73333333333333
65.86666666666666
66.0
66.13333333333333
66.39999999999999
66.53333333333333
66.8
66.93333333333332
67.2
67.33333333333334
67.60000000000001
67.73333333333333
68.0
68.26666666666667
68.66666666666667
69.06666666666666
69.46666666666667
69.86666666666666
70.13333333333333
70.4
70.80000000000001
71.2
71.60000000000001
72.0
72.26666666666667
72.53333333333333
72.93333333333334
73.33333333333333
73.73333333333333
74.13333333333333
74.39999999999999
74.66666666666667
75.06666666666668
75.46666666666667
75.86666666666667
76.26666666666667
76.4
76.66666666666667
76.8
77.06666666666666
77.2
77.46666666666667
77.6
77.86666666666666
78.0
78.13333333333333
78.26666666666667
78.39999999999999
78.66666666666666
78.8
78.93333333333334
79.2
79.33333333333334
79.60000000000001
79.73333333333333
80.0
80.13333333333334
80.26666666666667
80.4
80.53333333333333
80.8
80.93333333333334
81.06666666666666
81.33333333333333
81.46666666666667
81.73333333333333
81.86666666666666
82.13333333333333
82.26666666666667
82.39999999999999
82.53333333333333
82.66666666666666
82.93333333333332
83.06666666666666
83.2
83.46666666666667
83.73333333333333
84.0
84.26666666666667
84.93333333333334
85.06666666666666
85.2
85.33333333333333
85.46666666666667
85.6
85.73333333333333
85.86666666666666
86.13333333333333
86.26666666666667
86.53333333333335
86.80000000000001
87.06666666666668
87.33333333333334
87.46666666666667
87.60000000000001
87.73333333333333
87.86666666666667
88.0
88.26666666666667
88.4
88.66666666666667
88.93333333333334
89.2
89.46666666666667
89.6
89.86666666666666
90.0
90.26666666666667
90.39999999999999
90.93333333333334
91.2
91.46666666666667
91.73333333333333
92.0
92.13333333333334
92.4
92.53333333333333
93.06666666666666
93.33333333333333
93.6
93.66666666666666
93.73333333333333
93.8
93.86666666666666
94.0
94.13333333333333
94.26666666666667
94.39999999999999
94.66666666666666
94.8
95.06666666666668
95.33333333333334
95.60000000000001
95.86666666666667
96.0
96.13333333333334
96.26666666666667
96.4
96.53333333333333
96.8
96.93333333333334
97.2
97.46666666666667
97.73333333333333
98.0
98.13333333333333
98.39999999999999
98.53333333333333
98.8
98.93333333333332
99.46666666666667
99.73333333333333
100.0
100.26666666666667
100.53333333333333
100.66666666666667
100.93333333333334
101.06666666666666
101.6
101.86666666666666
102.0
102.13333333333333
102.26666666666667
102.4
102.66666666666667
102.93333333333334
103.2
103.46666666666667
103.73333333333333
104.0
104.26666666666667
104.53333333333333
104.8
105.06666666666666
105.33333333333333
105.6
105.86666666666666
106.13333333333333
106.26666666666667
106.39999999999999
106.53333333333333
106.66666666666667
106.93333333333334
107.06666666666668
107.33333333333334
107.46666666666667
107.60000000000001
107.73333333333333
107.86666666666667
107.93333333333334
108.0
108.13333333333334
108.26666666666667
108.4
108.53333333333333
108.6
108.66666666666667
108.73333333333333
108.8
109.06666666666666
109.2
109.46666666666667
109.6
109.73333333333333
109.86666666666666
110.0
110.06666666666666
110.13333333333333
110.26666666666667
110.39999999999999
110.53333333333333
110.66666666666666
110.73333333333332
110.8
110.86666666666666
110.93333333333334
111.2
111.33333333333334
111.60000000000001
111.73333333333333
111.86666666666667
112.0
112.53333333333333
117.33333333333333
117.46666666666667
118.13333333333333
118.93333333333332
