TITLE Altair
BPM   175.0
NOTES
10.971428571428572
11.142857142857142
11.314285714285715
11.485714285714286
11.657142857142857
11.82857142857143
12.0
12.17142857142857
12.342857142857143
12.514285714285714
12.685714285714287
12.857142857142858
13.028571428571428
13.200000000000001
13.371428571428572
13.542857142857143
13.714285714285715
13.885714285714286
14.057142857142859
14.22857142857143
14.4
14.571428571428573
14.742857142857144
14.914285714285715
15.085714285714285
15.257142857142856
15.428571428571429
15.6
15.77142857142857
15.942857142857143
16.114285714285714
16.285714285714285
16.457142857142856
16.628571428571426
16.799999999999997
16.971428571428568
17.142857142857142
17.314285714285713
17.485714285714284
17.657142857142855
17.82857142857143
18.0
18.17142857142857
18.34285714285714
18.514285714285716
18.685714285714287
18.857142857142858
19.02857142857143
19.2
19.285714285714285
19.37142857142857
19.457142857142856
19.54285714285714
19.628571428571426
19.714285714285715
19.8
19.885714285714286
19.97142857142857
20.057142857142857
20.142857142857142
20.228571428571428
20.314285714285713
20.4
20.485714285714284
21.6
21.771428571428572
22.285714285714285
22.457142857142856
22.8
23.142857142857142
23.485714285714284
23.657142857142855
23.82857142857143
24.34285714285714
24.514285714285712
24.857142857142858
25.02857142857143
25.200000000000003
25.542857142857144
25.714285714285715
25.885714285714286
26.228571428571428
26.742857142857144
26.914285714285715
27.085714285714285
27.257142857142856
27.42857142857143
27.771428571428572
27.942857142857143
28.28571428571429
28.45714285714286
28.62857142857143
28.97142857142857
29.314285714285717
29.65714285714286
30.0
30.17142857142857
30.514285714285712
30.685714285714283
30.857142857142858
31.2
31.37142857142857
31.542857142857144
31.885714285714286
32.05714285714286
32.4
32.74285714285715
32.91428571428571
33.25714285714285
33.599999999999994
33.942857142857136
34.285714285714285
34.628571428571426
34.97142857142857
35.31428571428572
35.65714285714286
36.0
36.34285714285714
36.68571428571428
37.02857142857143
37.371428571428574
37.714285714285715
38.057142857142864
38.4
38.74285714285714
39.08571428571428
39.42857142857143
39.77142857142857
40.114285714285714
40.457142857142856
40.8
41.142857142857146
41.48571428571429
41.82857142857143
42.0
42.34285714285715
42.857142857142854
43.028571428571425
43.714285714285715
43.885714285714286
44.05714285714286
44.22857142857143
44.4
44.57142857142857
44.74285714285714
45.08571428571429
45.25714285714286
45.42857142857143
45.6
45.77142857142857
45.94285714285714
46.114285714285714
46.628571428571426
46.8
46.97142857142857
47.14285714285714
47.31428571428571
47.48571428571428
47.82857142857143
48.0
48.17142857142857
48.34285714285714
48.51428571428571
48.68571428571428
48.77142857142857
48.857142857142854
48.94285714285714
49.028571428571425
49.114285714285714
49.2
49.285714285714285
49.371428571428574
49.714285714285715
50.05714285714286
50.400000000000006
50.57142857142858
50.74285714285714
51.08571428571428
51.25714285714285
51.42857142857142
51.77142857142857
52.114285714285714
52.628571428571426
52.97142857142857
53.14285714285714
54.17142857142857
54.51428571428572
54.85714285714286
55.371428571428574
55.714285714285715
56.057142857142864
56.74285714285714
56.91428571428571
57.25714285714285
57.42857142857143
57.77142857142857
57.94285714285714
58.114285714285714
58.457142857142856
58.62857142857143
58.800000000000004
59.142857142857146
59.48571428571429
59.65714285714286
59.82857142857143
60.17142857142858
60.857142857142854
61.028571428571425
61.199999999999996
61.542857142857144
62.22857142857143
62.4
62.74285714285715
62.91428571428572
63.42857142857143
63.77142857142857
63.94285714285714
64.11428571428571
64.28571428571429
64.62857142857143
64.97142857142858
65.31428571428572
65.65714285714286
66.0
66.34285714285714
66.68571428571428
67.02857142857142
67.71428571428572
67.88571428571429
68.22857142857143
68.4
68.74285714285715
69.08571428571429
69.42857142857143
69.6
69.77142857142857
70.11428571428573
70.45714285714287
70.62857142857143
70.80000000000001
70.97142857142858
71.14285714285715
71.82857142857144
72.17142857142858
72.51428571428572
72.85714285714286
73.2
73.37142857142857
73.71428571428571
73.88571428571429
74.22857142857144
74.4
74.57142857142858
74.91428571428573
75.08571428571429
75.25714285714287
75.60000000000001
76.28571428571429
76.45714285714286
76.62857142857143
76.8
76.97142857142858
77.14285714285714
77.22857142857143
77.48571428571428
77.74285714285713
78.0
78.17142857142858
78.34285714285716
78.51428571428572
78.60000000000001
78.85714285714286
79.11428571428571
79.37142857142858
79.54285714285714
79.71428571428572
79.88571428571429
79.97142857142858
80.22857142857143
80.48571428571428
80.74285714285715
80.91428571428571
81.08571428571429
81.25714285714285
81.34285714285714
81.6
81.85714285714285
82.11428571428571
82.28571428571429
82.45714285714287
82.62857142857143
82.71428571428572
82.88571428571429
82.97142857142858
83.14285714285715
83.22857142857143
83.4
83.4857142857143
83.65714285714286
83.82857142857144
84.0
84.08571428571429
84.25714285714285
84.34285714285714
84.51428571428572
84.6
84.77142857142857
84.85714285714286
85.02857142857142
85.2
85.37142857142857
85.45714285714286
85.62857142857142
85.71428571428571
85.88571428571429
85.97142857142856
86.14285714285714
86.22857142857143
86.4
86.57142857142858
86.74285714285715
86.82857142857144
87.0
87.08571428571429
87.25714285714287
87.34285714285714
87.51428571428572
87.60000000000001
87.77142857142857
87.94285714285715
88.11428571428571
88.2
88.37142857142857
88.45714285714286
88.62857142857143
88.71428571428571
88.88571428571429
88.97142857142858
89.14285714285714
89.31428571428572
89.48571428571428
89.57142857142857
89.74285714285713
89.82857142857142
90.0
90.08571428571427
90.25714285714285
90.34285714285714
90.51428571428572
90.6857142857143
90.85714285714286
90.94285714285715
91.11428571428571
91.2
91.37142857142858
91.45714285714286
91.62857142857143
91.71428571428572
91.88571428571429
92.05714285714286
92.22857142857143
92.31428571428572
92.48571428571428
92.57142857142857
92.74285714285715
92.82857142857142
93.0
93.08571428571429
93.25714285714285
93.42857142857143
93.6
93.68571428571428
93.85714285714285
93.94285714285714
94.11428571428571
94.19999999999999
94.37142857142857
94.45714285714286
94.62857142857143
94.80000000000001
94.97142857142858
95.05714285714286
95.22857142857143
95.31428571428572
95.4857142857143
95.57142857142857
95.74285714285715
95.82857142857144
96.0
96.08571428571429
96.17142857142858
96.25714285714285
96.34285714285714
96.42857142857143
96.51428571428572
96.6
96.68571428571428
96.77142857142857
96.85714285714286
96.94285714285714
97.02857142857142
97.11428571428571
97.2
97.28571428571429
97.37142857142857
97.45714285714286
97.54285714285714
97.62857142857142
97.71428571428571
97.8
97.88571428571429
97.97142857142856
98.05714285714285
98.14285714285714
98.22857142857143
98.39999999999999
98.57142857142857
98.65714285714286
98.74285714285715
98.91428571428573
99.08571428571429
99.17142857142858
99.34285714285714
99.42857142857143
99.60000000000001
99.68571428571428
99.85714285714286
99.94285714285715
100.11428571428571
100.28571428571429
100.45714285714286
100.54285714285714
100.71428571428571
100.8
100.97142857142858
101.05714285714285
101.22857142857143
101.31428571428572
101.48571428571428
101.65714285714286
101.82857142857142
101.91428571428571
102.08571428571427
102.17142857142856
102.34285714285714
102.42857142857142
102.6
102.68571428571428
102.85714285714286
103.02857142857144
103.2
103.28571428571429
103.45714285714286
103.54285714285714
103.71428571428572
103.8
103.97142857142858
104.05714285714286
104.22857142857143
104.4
104.57142857142857
104.65714285714286
104.82857142857142
104.91428571428571
105.08571428571429
105.17142857142856
105.34285714285714
105.42857142857143
105.6
105.77142857142857
105.94285714285714
106.02857142857142
106.19999999999999
106.28571428571428
106.45714285714286
106.54285714285713
106.71428571428571
106.8
106.97142857142858
107.14285714285715
107.31428571428572
107.4
107.57142857142857
107.65714285714286
107.82857142857144
107.91428571428571
108.08571428571429
108.17142857142858
108.34285714285714
108.51428571428572
108.68571428571428
108.77142857142857
108.94285714285714
109.02857142857142
109.2
109.28571428571428
109.45714285714286
109.54285714285714
109.71428571428572
109.8857142857143
110.05714285714286
110.14285714285715
110.31428571428572
110.4
110.57142857142858
110.65714285714286
110.82857142857144
110.91428571428573
111.08571428571429
111.25714285714287
111.42857142857143
111.51428571428572
111.68571428571428
111.77142857142857
111.94285714285715
112.02857142857142
112.2
112.28571428571429
112.45714285714286
112.62857142857143
112.8
112.88571428571429
113.05714285714285
113.14285714285714
113.31428571428572
113.39999999999999
113.57142857142857
113.65714285714286
113.82857142857144
114.00000000000001
114.17142857142858
114.25714285714287
114.42857142857143
114.51428571428572
114.6857142857143
114.77142857142857
114.94285714285715
115.02857142857144
115.2
115.37142857142858
115.54285714285714
115.71428571428572
115.88571428571429
116.05714285714286
116.22857142857143
116.4
116.57142857142857
116.74285714285715
116.91428571428571
117.08571428571429
117.25714285714285
117.42857142857143
117.6
117.77142857142857
117.94285714285715
118.02857142857144
118.11428571428573
118.2
118.28571428571429
118.37142857142858
118.45714285714287
118.54285714285714
118.62857142857143
118.71428571428572
118.80000000000001
118.88571428571429
118.97142857142858
119.05714285714286
119.14285714285715
119.22857142857144
119.31428571428572
119.4857142857143
119.65714285714286
119.74285714285715
119.91428571428571
120.0
120.17142857142858
120.25714285714285
120.42857142857143
120.51428571428572
120.68571428571428
120.85714285714286
121.02857142857142
121.2
121.37142857142857
121.54285714285714
121.71428571428571
121.88571428571429
122.05714285714286
122.22857142857144
122.4
122.57142857142858
122.74285714285715
122.91428571428573
123.08571428571429
123.25714285714287
123.42857142857143
123.60000000000001
123.77142857142857
123.94285714285715
124.11428571428571
124.28571428571429
124.45714285714286
124.62857142857143
124.8
124.97142857142858
125.14285714285714
125.31428571428572
125.48571428571428
125.65714285714286
125.82857142857142
126.0
126.17142857142858
126.34285714285716
126.51428571428572
126.6857142857143
126.85714285714286
127.02857142857144
127.2
127.37142857142858
127.54285714285714
127.71428571428572
127.88571428571429
128.05714285714285
128.22857142857143
128.4
128.57142857142858
128.74285714285713
128.9142857142857
129.0857142857143
129.25714285714287
129.42857142857142
129.6
129.77142857142857
129.94285714285715
130.1142857142857
130.28571428571428
130.45714285714286
130.62857142857143
130.79999999999998
130.97142857142856
131.14285714285714
131.31428571428572
131.48571428571427
131.65714285714284
131.82857142857142
132.0
132.17142857142855
132.34285714285713
132.5142857142857
132.68571428571428
132.85714285714283
133.02857142857144
133.20000000000002
133.3714285714286
133.54285714285714
133.71428571428572
133.8857142857143
134.05714285714288
134.22857142857143
134.4
134.57142857142858
134.74285714285716
134.9142857142857
135.0857142857143
135.25714285714287
135.42857142857144
135.6
135.77142857142857
135.94285714285715
136.11428571428573
136.28571428571428
136.45714285714286
136.62857142857143
136.8
136.97142857142856
137.14285714285714
137.31428571428572
137.4857142857143
137.65714285714284
137.82857142857142
138.0
138.17142857142858
138.34285714285713
138.5142857142857
138.68571428571428
138.85714285714286
139.0285714285714
139.2
139.37142857142857
139.54285714285714
139.7142857142857
139.8857142857143
139.9714285714286
140.05714285714288
140.14285714285717
140.22857142857146
140.31428571428572
140.4
140.4857142857143
140.57142857142858
140.65714285714287
140.74285714285716
140.82857142857145
140.91428571428574
141.00000000000003
141.0857142857143
141.17142857142858
141.25714285714287
141.94285714285715
142.02857142857144
142.11428571428573
142.20000000000002
142.2857142857143
142.3714285714286
142.45714285714286
