TITLE Animal Fortune-Telling
BPM   138.0
NOTES
01 1.7391304347826086
08 1.9565217391304348
02 2.1739130434782608
04 2.391304347826087
01 2.608695652173913
08 2.717391304347826
01 2.8260869565217392
02 3.0434782608695654
04 3.2608695652173916
08 3.4782608695652173
01 3.6956521739130435
04 3.9130434782608696
02 4.130434782608695
08 4.3478260869565215
04 4.456521739130435
08 4.565217391304348
01 4.782608695652174
04 5.0
01 5.217391304347826
02 5.434782608695652
04 5.6521739130434785
08 5.869565217391305
01 6.086956521739131
08 6.195652173913044
01 6.304347826086957
04 6.521739130434783
02 6.739130434782609
08 6.956521739130435
01 7.173913043478261
02 7.391304347826087
01 7.608695652173913
04 7.826086956521739
02 8.043478260869565
02 8.26086956521739
08 8.478260869565217
01 8.695652173913043
02 8.91304347826087
04 9.130434782608695
08 9.347826086956522
01 9.565217391304348
08 9.67391304347826
01 9.782608695652174
04 10.0
02 10.217391304347826
08 10.434782608695652
01 10.652173913043478
02 10.869565217391305
04 11.08695652173913
08 11.304347826086957
02 11.41304347826087
08 11.521739130434783
01 11.73913043478261
04 11.956521739130435
02 12.17391304347826
08 12.391304347826086
01 12.608695652173912
02 12.826086956521738
01 13.043478260869565
08 13.152173913043477
01 13.26086956521739
04 13.478260869565217
02 13.695652173913043
08 13.91304347826087
01 14.130434782608695
02 14.347826086956522
04 14.565217391304348
02 14.782608695652174
01 15.0
01 15.217391304347826
08 15.434782608695652
02 15.652173913043478
04 15.869565217391305
01 16.08695652173913
08 16.304347826086957
04 16.52173913043478
02 16.630434782608695
01 16.73913043478261
08 16.956521739130434
02 17.17391304347826
04 17.391304347826086
01 17.60869565217391
02 17.82608695652174
01 18.043478260869563
08 18.26086956521739
01 18.369565217391305
04 18.478260869565215
02 18.695652173913043
08 18.913043478260867
01 19.130434782608695
02 19.34782608695652
04 19.565217391304348
08 19.782608695652172
01 20.0
02 20.108695652173914
04 20.217391304347824
02 20.434782608695652
01 20.652173913043477
08 20.869565217391305
02 21.08695652173913
04 21.304347826086957
01 21.52173913043478
08 21.73913043478261
04 21.956521739130434
04 22.17391304347826
08 22.391304347826086
01 22.608695652173914
04 22.82608695652174
02 23.043478260869566
08 23.26086956521739
01 23.47826086956522
04 23.586956521739133
02 23.695652173913043
04 23.91304347826087
01 24.130434782608695
08 24.34782608695652
01 24.565217391304344
02 24.782608695652172
04 24.999999999999996
08 25.217391304347824
01 25.32608695652174
02 25.43478260869565
01 25.652173913043477
08 25.8695652173913
02 26.08695652173913
04 26.304347826086953
01 26.52173913043478
08 26.739130434782606
01 26.956521739130434
04 27.065217391304348
02 27.173913043478258
08 27.391304347826086
01 27.60869565217391
02 27.82608695652174
04 28.043478260869563
02 28.26086956521739
01 28.478260869565215
08 28.695652173913043
02 28.913043478260867
02 29.130434782608695
08 29.34782608695652
08 29.565217391304348
01 30.0
12 30.217391304347824
04 30.434782608695652
08 30.869565217391305
06 31.08695652173913
02 31.304347826086957
03 31.73913043478261
08 31.956521739130434
10 32.391304347826086
06 32.82608695652174
01 33.04347826086956
02 33.26086956521739
04 33.47826086956521
08 33.69565217391304
01 33.91304347826087
04 34.130434782608695
02 34.347826086956516
08 34.565217391304344
01 34.78260869565217
08 35.0
04 35.21739130434782
02 35.43478260869565
01 35.65217391304348
08 35.76086956521739
02 35.869565217391305
04 36.086956521739125
01 36.30434782608695
01 36.52173913043478
08 36.95652173913043
03 37.17391304347826
02 37.391304347826086
01 37.826086956521735
06 38.04347826086956
04 38.26086956521739
12 38.69565217391304
02 38.91304347826087
06 39.34782608695652
06 39.78260869565217
08 40.0
01 40.21739130434783
02 40.43478260869565
04 40.65217391304348
02 40.869565217391305
01 41.08695652173913
08 41.30434782608695
02 41.52173913043478
04 41.73913043478261
01 41.95652173913044
08 42.17391304347826
04 42.391304347826086
02 42.608695652173914
01 42.71739130434783
08 42.82608695652174
02 43.04347826086956
04 43.26086956521739
01 43.47826086956522
08 43.975155279503106
04 44.22360248447205
08 44.47204968944099
02 44.72049689440994
04 44.96894409937888
01 45.21739130434783
08 45.68115942028986
02 46.028985507246375
08 46.14492753623188
01 46.26086956521739
02 46.492753623188406
04 46.72463768115942
08 46.95652173913043
01 47.39130434782608
12 47.60869565217391
02 47.826086956521735
01 48.04347826086956
04 48.260869565217384
02 48.47826086956521
08 48.69565217391304
01 49.13043478260869
12 49.565217391304344
02 49.78260869565217
01 49.891304347826086
08 49.99999999999999
01 50.43478260869565
02 50.65217391304348
04 50.8695652173913
12 51.086956521739125
01 51.30434782608695
05 51.52173913043478
02 51.7391304347826
10 51.95652173913043
01 52.17391304347826
03 52.391304347826086
04 52.60869565217391
06 52.826086956521735
03 53.04347826086956
08 53.26086956521739
10 53.47826086956521
04 53.69565217391304
05 53.91304347826087
03 54.130434782608695
04 54.347826086956516
12 54.565217391304344
09 54.78260869565217
04 55.0
06 55.21739130434782
08 55.43478260869565
12 55.65217391304348
02 55.869565217391305
01 56.086956521739125
02 56.30434782608695
06 56.52173913043478
08 56.666666666666664
01 56.81159420289855
08 56.95652173913043
02 57.09239130434783
04 57.22826086956522
01 57.391304347826086
08 57.608695652173914
04 57.826086956521735
06 58.04347826086956
01 58.26086956521739
09 58.47826086956522
02 58.69565217391304
06 58.91304347826087
01 59.130434782608695
03 59.34782608695652
04 59.565217391304344
12 59.78260869565217
02 60.0
06 60.21739130434783
01 60.43478260869565
03 60.65217391304348
04 60.869565217391305
06 61.08695652173913
01 61.30434782608695
09 61.52173913043478
02 61.73913043478261
06 61.95652173913044
01 62.17391304347826
09 62.391304347826086
04 62.608695652173914
05 63.768115942028984
01 63.88405797101449
02 64.11594202898551
02 64.34782608695652
08 64.59627329192546
08 64.84472049689441
04 65.09316770186335
04 65.21739130434781
01 65.46583850931677
01 65.59006211180123
02 65.83850931677019
02 66.08695652173913
08 66.33540372670807
08 66.58385093167702
04 66.83229813664596
04 66.95652173913042
01 67.20496894409938
01 67.32919254658384
02 67.5776397515528
02 67.82608695652173
08 68.05797101449275
08 68.28985507246377
04 68.52173913043478
04 68.63768115942028
06 69.10144927536231
01 69.33333333333333
05 69.78260869565217
02 70.0
04 70.21739130434783
05 70.65217391304347
02 70.8695652173913
04 71.08695652173913
08 71.73913043478261
09 72.17391304347825
04 72.82608695652173
06 73.26086956521739
10 73.69565217391305
09 74.13043478260869
02 74.34782608695652
04 74.56521739130434
08 74.78260869565217
02 75.0
04 75.21739130434783
01 75.43478260869566
08 75.65217391304347
01 75.76086956521739
02 75.8695652173913
04 76.08695652173913
02 76.30434782608695
01 76.52173913043478
08 76.7536231884058
02 76.98550724637681
08 77.21739130434783
02 77.44927536231884
01 77.68115942028986
01 77.79710144927536
04 78.02898550724638
04 78.26086956521739
08 78.50931677018633
08 78.75776397515529
02 79.00621118012423
02 79.13043478260869
01 79.37888198757764
01 79.5031055900621
04 79.75155279503106
04 80.0
08 80.24844720496894
08 80.4968944099379
02 80.74534161490683
02 80.8695652173913
01 81.11801242236025
01 81.24223602484471
04 81.49068322981367
04 81.73913043478261
08 81.97101449275362
08 82.20289855072464
02 82.43478260869566
02 82.55072463768116
06 83.01449275362319
01 83.2463768115942
09 83.69565217391305
10 84.1304347826087
06 84.56521739130434
05 85.0
02 85.65217391304348
03 86.08695652173913
08 86.73913043478261
10 87.17391304347827
06 87.60869565217392
05 88.04347826086956
08 88.26086956521739
04 88.47826086956522
02 88.69565217391305
01 88.91304347826087
08 89.1304347826087
02 89.23913043478261
08 89.34782608695653
04 89.56521739130434
02 89.67391304347827
01 89.78260869565217
08 90.0
01 90.10869565217392
08 90.21739130434783
01 90.32608695652175
04 90.43478260869566
12 91.59420289855073
08 91.82608695652175
02 92.05797101449275
02 92.17391304347827
01 92.4223602484472
01 92.54658385093168
04 92.79503105590062
04 93.04347826086956
08 93.29192546583852
08 93.54037267080746
02 93.7888198757764
02 93.91304347826086
01 94.1614906832298
01 94.28571428571428
04 94.53416149068322
04 94.78260869565216
08 95.03105590062111
08 95.27950310559005
02 95.52795031055899
02 95.65217391304347
01 95.88405797101449
01 95.99999999999999
04 96.231884057971
04 96.46376811594202
06 96.92753623188405
08 97.15942028985506
12 97.6086956521739
02 97.82608695652173
04 98.04347826086956
12 98.4782608695652
01 98.69565217391303
04 98.91304347826086
01 99.56521739130434
03 99.99999999999999
04 100.65217391304347
12 101.08695652173913
09 101.52173913043478
05 101.95652173913042
02 102.17391304347825
08 102.39130434782608
01 102.6086956521739
02 102.82608695652173
04 103.04347826086956
08 103.26086956521739
01 103.4782608695652
04 103.58695652173913
02 103.69565217391303
08 103.91304347826086
01 104.13043478260869
02 104.34782608695652
04 104.57971014492753
08 104.81159420289855
01 105.04347826086956
02 105.27536231884058
08 105.5072463768116
08 105.73913043478261
04 105.97101449275362
04 106.08695652173913
01 106.33540372670807
01 106.45962732919254
02 106.70807453416148
02 106.95652173913042
08 107.20496894409938
08 107.45341614906832
04 107.70186335403726
04 107.82608695652173
01 108.07453416149067
01 108.19875776397515
02 108.44720496894409
02 108.69565217391303
08 108.94409937888199
08 109.19254658385093
04 109.44099378881987
04 109.56521739130434
01 109.79710144927536
01 109.91304347826086
02 110.14492753623188
02 110.37681159420289
06 110.84057971014492
08 111.07246376811594
09 111.52173913043478
04 111.73913043478261
02 111.95652173913044
08 112.17391304347825
04 112.39130434782608
02 112.6086956521739
01 112.82608695652173
08 113.47826086956522
09 113.91304347826086
04 114.56521739130434
06 115.0
10 115.43478260869566
12 115.8695652173913
02 116.08695652173913
01 116.30434782608695
08 116.52173913043478
02 116.73913043478261
04 116.95652173913044
01 117.06521739130434
08 117.17391304347827
04 117.39130434782608
02 117.5
01 117.6086956521739
08 117.82608695652173
02 117.93478260869566
08 118.04347826086956
02 118.15217391304348
04 118.26086956521739
01 118.47826086956522
08 118.58695652173913
04 118.69565217391305
08 118.91304347826087
01 119.13043478260869
02 119.34782608695652
02 119.56521739130434
04 119.78260869565217
08 120.0
01 120.21739130434783
04 120.43478260869566
02 120.65217391304348
08 120.8695652173913
01 120.97826086956522
08 121.08695652173913
04 121.30434782608695
02 121.52173913043478
01 121.73913043478261
08 121.95652173913044
02 122.17391304347827
04 122.3913043478261
01 122.6086956521739
02 122.71739130434783
01 122.82608695652173
08 123.04347826086956
02 123.26086956521739
08 123.47826086956522
04 123.69565217391305
02 123.91304347826087
01 124.1304347826087
08 124.34782608695652
01 124.45652173913044
08 124.56521739130434
02 124.78260869565217
04 125.0
01 125.21739130434783
08 125.43478260869566
04 125.65217391304348
08 125.86956521739131
02 126.08695652173913
04 126.30434782608695
04 126.52173913043478
01 126.73913043478261
08 126.95652173913044
04 127.17391304347827
02 127.3913043478261
01 127.60869565217392
08 127.82608695652173
01 127.93478260869566
08 128.04347826086956
02 128.2608695652174
04 128.47826086956522
01 128.69565217391303
08 128.91304347826085
04 129.1304347826087
02 129.3478260869565
01 129.56521739130434
04 129.67391304347825
01 129.78260869565216
08 130.0
02 130.2173913043478
04 130.43478260869566
01 130.65217391304347
08 130.8695652173913
04 131.08695652173913
02 131.30434782608697
01 131.52173913043478
08 131.73913043478262
02 131.95652173913044
04 132.17391304347825
01 132.39130434782606
02 132.6086956521739
04 132.82608695652172
08 133.04347826086956
04 133.26086956521738
08 133.47826086956522
01 133.69565217391303
09 134.34782608695653
09 137.3913043478261
