TITLE Beautiful Loli Thing
BPM   201.0
NOTES
1001 9.552238805970148
1000 9.701492537313431
0010 9.850746268656716
1000 10.0
0001 10.074626865671641
0010 10.149253731343283
0100 10.223880597014924
0010 10.298507462686565
0001 10.44776119402985
1000 10.597014925373134
0100 10.746268656716417
0010 10.8955223880597
0100 11.044776119402984
1000 11.194029850746269
0001 11.26865671641791
1000 11.343283582089551
0010 11.417910447761193
1000 11.492537313432834
0100 11.641791044776118
0010 11.791044776119403
0001 11.940298507462686
1000 12.089552238805968
0001 12.238805970149253
1000 12.388059701492537
0010 12.462686567164178
0100 12.53731343283582
0001 12.611940298507461
0100 12.686567164179102
0010 12.835820895522387
1000 12.985074626865671
0001 13.134328358208954
0010 13.283582089552237
0100 13.432835820895521
1000 13.582089552238806
0100 13.656716417910447
0010 13.731343283582088
0001 13.80597014925373
1000 13.880597014925371
0001 14.029850746268655
0100 14.17910447761194
0010 14.328358208955223
1000 14.477611940298505
0001 14.62686567164179
0100 14.776119402985074
0010 14.850746268656716
1000 14.925373134328357
0001 14.999999999999998
1000 15.07462686567164
0001 15.223880597014924
0010 15.373134328358208
0100 15.522388059701491
1000 15.671641791044774
0100 15.820895522388058
0010 15.970149253731343
0001 16.044776119402982
1000 16.119402985074625
0001 16.19402985074627
0010 16.268656716417908
0001 16.417910447761194
1000 16.567164179104477
0001 16.71641791044776
1000 16.865671641791042
0001 17.014925373134325
1000 17.16417910447761
0001 17.23880597014925
1000 17.313432835820894
0001 17.388059701492537
1000 17.462686567164177
0010 17.611940298507463
0100 17.761194029850746
0001 17.91044776119403
1000 17.98507462686567
0100 18.05970149253731
0010 18.134328358208954
0001 18.208955223880594
0010 18.283582089552237
0001 18.35820895522388
1000 18.43283582089552
0001 18.507462686567163
1000 18.80597014925373
0001 18.955223880597014
1000 19.104477611940297
0100 19.17910447761194
1000 19.25373134328358
0001 19.402985074626862
0100 19.55223880597015
0010 19.70149253731343
1000 19.850746268656714
0100 20.0
0010 20.149253731343283
0001 20.298507462686565
0010 20.447761194029848
0100 20.59701492537313
0010 20.746268656716417
0001 20.8955223880597
1000 21.044776119402982
0010 21.19402985074627
0100 21.34328358208955
0001 21.492537313432834
1000 21.567164179104477
0001 21.641791044776117
1000 21.7910447761194
0100 21.940298507462686
1000 22.089552238805968
0001 22.23880597014925
0100 22.388059701492537
0010 22.53731343283582
0100 22.686567164179102
0001 22.835820895522385
1000 22.985074626865668
0100 23.134328358208954
0010 23.283582089552237
0001 23.43283582089552
1000 23.582089552238806
0001 23.656716417910445
1000 23.73134328358209
0100 23.88059701492537
0010 23.955223880597014
0001 24.029850746268654
1000 24.179104477611936
0010 24.328358208955223
0100 24.477611940298505
0001 24.626865671641788
1000 24.776119402985074
0100 24.925373134328357
0010 25.07462686567164
0001 25.223880597014922
0100 25.373134328358205
0001 25.52238805970149
1000 25.671641791044774
0100 25.820895522388057
0010 25.970149253731343
0001 26.119402985074625
1000 26.268656716417908
0001 26.34328358208955
0100 26.41791044776119
0010 26.567164179104473
1000 26.71641791044776
0100 26.865671641791042
0010 27.014925373134325
0100 27.16417910447761
1000 27.313432835820894
0001 27.462686567164177
0100 27.61194029850746
0010 27.761194029850742
0100 27.91044776119403
0001 28.05970149253731
1000 28.208955223880594
0100 28.35820895522388
0010 28.507462686567163
0100 28.656716417910445
1000 28.73134328358209
0100 28.805970149253728
0010 28.95522388059701
0100 29.104477611940297
1000 29.25373134328358
0001 29.402985074626862
0010 29.55223880597015
0001 29.70149253731343
0100 29.850746268656714
0010 29.999999999999996
1000 30.14925373134328
0100 30.298507462686565
0010 30.447761194029848
0001 30.59701492537313
1000 30.746268656716417
0010 30.8955223880597
0100 31.044776119402982
0001 31.119402985074625
0100 31.194029850746265
0010 31.343283582089548
1000 31.492537313432834
0100 31.641791044776117
1000 31.7910447761194
0001 31.940298507462686
0100 32.089552238805965
0010 32.23880597014925
1000 32.38805970149254
0100 32.537313432835816
0010 32.6865671641791
0001 32.83582089552239
1000 32.98507462686567
0010 33.134328358208954
1000 33.28358208955223
0001 33.43283582089552
0010 33.50746268656716
0100 33.582089552238806
0010 33.731343283582085
0001 33.88059701492537
1000 34.02985074626865
0010 34.179104477611936
0100 34.32835820895522
0001 34.4776119402985
1000 34.62686567164179
0010 34.776119402985074
1000 34.92537313432835
0100 35.07462686567164
0010 35.223880597014926
0001 35.373134328358205
0100 35.52238805970149
0001 35.67164179104477
1000 35.82089552238806
0001 35.895522388059696
0010 35.97014925373134
0001 36.11940298507462
0100 36.26865671641791
0010 36.41791044776119
0100 36.56716417910447
0001 36.71641791044776
1000 36.86567164179104
0100 37.014925373134325
0010 37.16417910447761
0001 37.31343283582089
0010 37.46268656716418
0100 37.61194029850746
0100 37.91044776119403
1000 38.05970149253731
0001 38.208955223880594
1000 38.35820895522388
0010 38.50746268656716
0100 38.656716417910445
0001 38.731343283582085
1000 38.805970149253724
0001 38.88059701492537
1000 38.95522388059701
0100 39.1044776119403
0010 39.253731343283576
0001 39.40298507462686
1000 39.55223880597015
0010 39.70149253731343
0100 39.850746268656714
0001 39.92537313432835
0100 40.0
0010 40.07462686567164
1000 40.14925373134328
0001 40.298507462686565
1000 40.447761194029844
0100 40.59701492537313
0010 40.74626865671642
0001 40.895522388059696
1000 41.04477611940298
0010 41.11940298507462
0100 41.19402985074626
0001 41.26865671641791
0100 41.34328358208955
0001 41.492537313432834
1000 41.64179104477611
0001 41.7910447761194
0010 41.940298507462686
0100 42.089552238805965
0010 42.23880597014925
0001 42.31343283582089
0010 42.38805970149254
0100 42.46268656716418
1000 42.537313432835816
0010 42.6865671641791
0100 42.83582089552238
0010 42.98507462686567
1000 43.134328358208954
0001 43.28358208955223
0100 43.43283582089552
0001 43.50746268656716
0100 43.5820895522388
0001 43.656716417910445
1000 43.731343283582085
0010 43.88059701492537
0100 44.02985074626865
0001 44.179104477611936
1000 44.32835820895522
0100 44.4776119402985
0010 44.62686567164179
0001 44.70149253731343
1000 44.776119402985074
0010 44.850746268656714
0100 44.92537313432835
0010 45.07462686567164
1000 45.22388059701492
0100 45.373134328358205
0010 45.52238805970149
0001 45.67164179104477
0100 45.82089552238806
0001 45.895522388059696
0100 45.970149253731336
0001 46.04477611940298
1000 46.11940298507462
0010 46.26865671641791
0100 46.41791044776119
0001 46.56716417910447
1000 46.71641791044776
0100 46.86567164179104
0010 47.014925373134325
0001 47.16417910447761
0001 47.31343283582089
1000 47.46268656716418
0010 47.611940298507456
1000 47.76119402985074
0100 47.83582089552238
1000 47.91044776119403
0001 48.05970149253731
0100 48.208955223880594
0010 48.28358208955223
1000 48.35820895522387
0010 48.43283582089552
1000 48.50746268656716
0001 48.656716417910445
0010 48.805970149253724
0100 48.95522388059701
0010 49.1044776119403
0001 49.253731343283576
1000 49.40298507462686
0010 49.4776119402985
0100 49.55223880597015
0010 49.62686567164179
1000 49.70149253731343
0001 49.850746268656714
1000 49.99999999999999
0001 50.14925373134328
0010 50.22388059701492
0100 50.298507462686565
0010 50.447761194029844
0001 50.59701492537313
1000 50.67164179104477
0001 50.74626865671641
0100 50.82089552238806
0010 50.895522388059696
1000 51.04477611940298
0100 51.19402985074626
0010 51.34328358208955
0100 51.492537313432834
1000 51.64179104477611
0001 51.7910447761194
0100 51.86567164179104
0010 51.940298507462686
0100 52.014925373134325
0010 52.089552238805965
1000 52.23880597014925
0001 52.31343283582089
1000 52.38805970149253
0100 52.537313432835816
1000 52.611940298507456
0001 52.6865671641791
0100 52.83582089552238
0001 52.98507462686567
1000 53.05970149253731
0001 53.13432835820895
0010 53.208955223880594
0100 53.28358208955223
0010 53.43283582089552
0001 53.5820895522388
1000 53.731343283582085
0010 53.88059701492537
0100 54.02985074626865
0010 54.179104477611936
1000 54.253731343283576
0010 54.32835820895522
0100 54.40298507462686
0001 54.4776119402985
1000 54.62686567164179
0100 54.77611940298507
0010 54.92537313432835
0100 54.99999999999999
1000 55.07462686567164
0001 55.22388059701492
1000 55.373134328358205
0100 55.447761194029844
0010 55.522388059701484
0001 55.59701492537313
1000 55.67164179104477
0010 55.82089552238806
0100 55.970149253731336
0001 56.11940298507462
1000 56.26865671641791
0010 56.41791044776119
1000 56.56716417910447
0001 56.71641791044776
0001 56.86567164179104
1000 57.014925373134325
0100 57.164179104477604
1000 57.31343283582089
0001 57.46268656716418
0100 57.611940298507456
0010 57.76119402985074
1000 57.83582089552238
0010 57.91044776119402
1000 58.05970149253731
0100 58.208955223880594
0010 58.35820895522387
0001 58.50746268656716
1000 58.656716417910445
0010 58.805970149253724
0100 58.95522388059701
0001 59.02985074626865
0100 59.1044776119403
0010 59.179104477611936
1000 59.253731343283576
0001 59.40298507462686
1000 59.55223880597014
0010 59.62686567164179
0100 59.70149253731343
0001 59.850746268656714
0010 59.92537313432835
0100 59.99999999999999
0010 60.14925373134328
0001 60.22388059701492
1000 60.29850746268656
0010 60.447761194029844
0100 60.59701492537313
0001 60.74626865671641
0100 60.895522388059696
0001 61.04477611940298
0100 61.19402985074626
0010 61.34328358208955
1000 61.492537313432834
0001 61.64179104477611
1000 61.71641791044775
0010 61.7910447761194
0100 61.94029850746268
0001 61.990049751243774
0100 62.03980099502487
0001 62.089552238805965
1000 62.23880597014925
0100 62.38805970149253
0010 62.537313432835816
0100 62.686567164179095
1000 62.76119402985074
0001 62.83582089552238
1000 62.91044776119402
0010 62.98507462686567
1000 63.05970149253731
0001 63.13432835820895
1000 63.28358208955223
0100 63.35820895522387
0010 63.43283582089552
0001 63.50746268656716
1000 63.5820895522388
0010 63.631840796019894
1000 63.68159203980099
0010 63.731343283582085
1000 63.88059701492537
0001 63.93034825870646
1000 63.980099502487555
0001 64.02985074626865
0010 64.17910447761193
0001 64.32835820895522
1000 64.4776119402985
0010 64.62686567164178
0100 64.77611940298507
0001 64.92537313432835
0010 65.07462686567163
0100 65.22388059701493
1000 65.3731343283582
0010 65.52238805970148
1000 65.67164179104478
0001 65.74626865671642
0100 65.82089552238806
0001 65.8955223880597
1000 65.97014925373135
0001 66.04477611940298
0010 66.11940298507463
0001 66.19402985074628
1000 66.26865671641791
0100 66.34328358208955
0010 66.4179104477612
0001 66.49253731343283
1000 66.56716417910448
0010 66.64179104477613
0100 66.71641791044776
0001 66.7910447761194
1000 66.86567164179104
0010 67.01492537313432
1000 67.16417910447761
0001 67.31343283582089
0010 67.46268656716417
0001 67.61194029850746
1000 67.76119402985074
0010 67.83582089552239
0100 67.91044776119402
0010 67.98507462686567
1000 68.0597014925373
0001 68.20895522388058
0010 68.35820895522387
0100 68.50746268656715
1000 68.5820895522388
0100 68.65671641791043
0010 68.73134328358208
0001 68.80597014925372
1000 68.955223880597
0010 69.02985074626865
1000 69.10447761194028
0100 69.25373134328358
0010 69.40298507462686
0100 69.55223880597015
0010 69.70149253731343
0001 69.8507462686567
1000 69.92537313432835
0001 70.0
0100 70.14925373134328
0010 70.29850746268656
1000 70.3731343283582
0010 70.44776119402985
1000 70.59701492537313
0100 70.74626865671642
0010 70.8955223880597
0001 71.04477611940298
1000 71.19402985074628
0010 71.34328358208955
1030 71.49253731343283
3001 71.64179104477611
1000 71.79104477611939
0010 71.94029850746269
1000 72.08955223880596
0100 72.16417910447761
0010 72.23880597014924
0001 72.31343283582089
1000 72.38805970149254
0010 72.53731343283582
0100 72.6865671641791
0001 72.83582089552237
0010 72.98507462686565
0100 73.0597014925373
1000 73.13432835820895
0100 73.20895522388058
0010 73.28358208955223
0001 73.4328358208955
1000 73.50746268656715
0010 73.5820895522388
1000 73.73134328358208
0001 73.80597014925372
0100 73.88059701492536
0001 73.955223880597
1000 74.02985074626865
0010 74.17910447761193
1000 74.32835820895522
0100 74.4776119402985
0010 74.55223880597015
0001 74.62686567164178
1000 74.70149253731343
0010 74.77611940298507
1000 74.92537313432835
0010 75.07462686567163
0100 75.22388059701493
0001 75.3731343283582
0100 75.5223880597015
0010 75.67164179104478
1000 75.82089552238806
0100 75.97014925373135
0010 76.11940298507463
0001 76.26865671641791
1000 76.41791044776119
0010 76.49253731343283
0100 76.56716417910447
0010 76.71641791044776
1000 76.86567164179104
0100 77.01492537313432
0010 77.16417910447761
0001 77.31343283582089
1000 77.46268656716417
0010 77.61194029850745
1000 77.76119402985073
0001 77.91044776119402
1000 78.0597014925373
0100 78.20895522388058
0010 78.35820895522387
0100 78.50746268656715
1000 78.65671641791043
0001 78.80597014925372
1000 78.88059701492537
0010 78.955223880597
1000 79.1044776119403
0100 79.25373134328358
0010 79.40298507462686
0100 79.55223880597015
1000 79.70149253731343
0001 79.8507462686567
0100 80.0
0010 80.14925373134328
0100 80.29850746268657
0001 80.44776119402985
1000 80.59701492537313
0100 80.74626865671642
0010 80.8955223880597
0001 81.04477611940298
1000 81.19402985074626
0001 81.26865671641791
0100 81.34328358208954
0010 81.49253731343283
1000 81.64179104477611
0100 81.71641791044776
0010 81.79104477611939
0001 81.86567164179104
0010 81.94029850746269
0100 82.08955223880596
1000 82.23880597014924
0001 82.38805970149252
0100 82.5373134328358
0010 82.6865671641791
0100 82.83582089552237
0001 82.91044776119402
1000 82.98507462686565
0001 83.0597014925373
1000 83.13432835820895
0100 83.28358208955223
0010 83.4328358208955
0001 83.5820895522388
1000 83.65671641791045
0001 83.73134328358208
0100 83.88059701492537
0010 84.02985074626865
1000 84.1044776119403
0001 84.17910447761193
1000 84.25373134328358
0100 84.32835820895522
0010 84.4776119402985
0100 84.62686567164178
1000 84.77611940298507
0001 84.92537313432835
0100 85.07462686567165
0010 85.22388059701493
1000 85.3731343283582
0100 85.5223880597015
0010 85.67164179104478
0100 85.82089552238806
1000 85.97014925373134
0001 86.04477611940298
0100 86.11940298507461
0010 86.26865671641791
1000 86.41791044776119
0100 86.49253731343283
0010 86.56716417910447
0100 86.64179104477611
0010 86.71641791044776
0001 86.86567164179104
1000 87.01492537313432
0010 87.1641791044776
0100 87.31343283582088
0001 87.46268656716417
1000 87.61194029850745
0100 87.6865671641791
1000 87.76119402985073
0001 87.83582089552237
1000 87.91044776119402
0100 88.0597014925373
0010 88.20895522388058
0001 88.35820895522387
0010 88.43283582089552
0001 88.50746268656715
1000 88.65671641791045
0100 88.80597014925372
0010 88.88059701492537
0001 88.955223880597
1000 89.02985074626865
0001 89.1044776119403
1000 89.25373134328358
0010 89.40298507462686
1000 89.55223880597015
0100 89.70149253731343
0010 89.85074626865672
0001 90.0
1000 90.07462686567165
0010 90.14925373134328
1000 90.22388059701493
0001 90.29850746268657
0100 90.44776119402985
0010 90.59701492537313
1000 90.74626865671641
0100 90.82089552238806
1000 90.89552238805969
0001 91.04477611940298
0100 91.19402985074626
0010 91.26865671641791
1000 91.34328358208954
0010 91.41791044776119
1000 91.49253731343283
0100 91.64179104477611
0010 91.79104477611939
0001 91.94029850746267
1000 92.08955223880595
0010 92.23880597014924
0100 92.38805970149252
0001 92.46268656716417
1000 92.5373134328358
0100 92.61194029850745
0010 92.6865671641791
0100 92.83582089552237
1000 92.98507462686565
0001 93.13432835820895
0100 93.2089552238806
0010 93.28358208955223
0100 93.43283582089552
0001 93.5820895522388
1000 93.65671641791045
0010 93.73134328358208
1000 93.80597014925372
0001 93.88059701492537
0010 94.02985074626865
0100 94.17910447761193
1000 94.32835820895522
0100 94.4776119402985
0010 94.6268656716418
0100 94.77611940298507
1000 94.92537313432835
1000 95.07462686567165
0010 95.22388059701493
0100 95.3731343283582
0002 95.52238805970148
2003 95.67164179104476
3002 95.82089552238806
0003 95.97014925373134
0002 96.11940298507461
0003 96.26865671641791
0002 96.41791044776119
0023 96.56716417910447
0030 96.71641791044775
0200 96.86567164179102
0300 97.01492537313432
2000 97.1641791044776
3000 97.31343283582088
0020 97.61194029850745
0230 97.76119402985073
0302 97.91044776119402
0003 98.0597014925373
2000 98.2089552238806
3020 98.35820895522387
0030 98.50746268656715
0200 98.65671641791045
0300 98.80597014925372
0020 98.955223880597
0030 99.70149253731343
2000 100.29850746268656
3200 100.44776119402984
0320 100.59701492537313
0032 100.74626865671641
2003 100.89552238805969
3200 101.04477611940298
0320 101.19402985074626
0032 101.34328358208954
0003 101.49253731343282
2000 101.6417910447761
3000 101.79104477611939
0002 102.38805970149252
0203 102.5373134328358
0320 102.6865671641791
0030 102.83582089552237
0002 102.98507462686567
0203 103.13432835820895
0320 103.28358208955223
0030 103.43283582089552
2000 103.73134328358208
3000 103.88059701492537
0200 104.02985074626865
0300 104.17910447761194
0020 104.32835820895522
0030 104.77611940298507
0200 105.07462686567163
2300 105.22388059701491
3200 105.3731343283582
0300 105.52238805970148
0200 105.67164179104476
0300 105.82089552238806
0200 105.97014925373134
0320 106.11940298507461
0030 106.2686567164179
0002 106.41791044776117
0003 106.56716417910447
2000 106.71641791044775
3000 106.86567164179102
0020 107.1641791044776
0230 107.31343283582088
0302 107.46268656716417
0003 107.61194029850745
0020 107.76119402985074
0230 107.91044776119402
0300 108.0597014925373
2000 108.2089552238806
3000 108.35820895522387
0020 108.50746268656715
0030 109.25373134328358
2000 109.8507462686567
3020 109.99999999999999
0230 110.14925373134328
0302 110.29850746268656
2003 110.44776119402984
3020 110.59701492537313
0230 110.74626865671641
0302 110.89552238805969
0003 111.04477611940297
2000 111.19402985074625
3000 111.34328358208954
0002 111.94029850746267
0023 112.08955223880595
0230 112.23880597014924
0300 112.38805970149252
0002 112.53731343283582
0023 112.6865671641791
0230 112.83582089552237
0300 112.98507462686567
2000 113.28358208955223
3000 113.43283582089552
0002 113.5820895522388
0003 113.73134328358209
0200 113.88059701492537
