TITLE Boys'n'Shoujos Kingdom
BPM   175.0
NOTES
1000 11.029428571428571
0100 11.200857142857142
1000 11.372285714285715
0100 11.543714285714286
1000 11.715142857142856
0100 11.886571428571429
1000 12.058
0100 12.22942857142857
0010 12.400857142857143
0001 12.572285714285714
0010 12.743714285714287
0001 12.915142857142857
0010 13.086571428571428
0001 13.258000000000001
0010 13.429428571428572
0001 13.600857142857143
1000 13.772285714285715
0010 13.943714285714286
1000 14.115142857142859
0010 14.28657142857143
1000 14.458
0010 14.629428571428573
1000 14.800857142857144
0010 14.972285714285714
0100 15.143714285714285
0001 15.315142857142856
0100 15.486571428571429
0001 15.658
0100 15.82942857142857
0001 16.000857142857143
0100 16.172285714285714
0001 16.343714285714285
1000 16.515142857142855
0100 16.686571428571426
0010 16.857999999999997
0001 17.029428571428568
1000 17.200857142857142
0100 17.372285714285713
0010 17.543714285714284
0100 17.715142857142855
1000 17.88657142857143
0010 18.058
0100 18.22942857142857
0001 18.40085714285714
1000 18.572285714285716
0010 18.743714285714287
0100 18.915142857142857
0010 19.08657142857143
1000 19.258
0001 19.42942857142857
0010 19.60085714285714
0100 19.772285714285715
1000 19.943714285714286
0001 20.115142857142857
0100 20.286571428571428
0010 20.458
1000 20.629428571428573
0100 20.715142857142858
0010 20.88657142857143
0001 20.972285714285714
0100 21.14371428571429
0010 21.229428571428574
1000 21.31514285714286
0001 21.400857142857145
1000 21.48657142857143
0001 21.658
0100 21.829428571428572
0010 22.000857142857143
0100 22.19677551020408
0010 22.39269387755102
0001 22.58861224489796
1000 22.784530612244897
0010 22.980448979591838
0100 23.176367346938775
0001 23.372285714285713
1000 23.60085714285714
1000 23.82942857142857
1000 24.058
0100 24.286571428571428
0010 24.515142857142855
0001 24.743714285714287
0100 24.915142857142857
0010 25.08657142857143
0100 25.258000000000003
0001 25.429428571428573
0100 25.600857142857144
0010 25.772285714285715
1000 25.943714285714286
0001 26.115142857142857
0010 26.286571428571428
0010 26.62942857142857
0010 26.972285714285714
0100 27.143714285714285
1000 27.315142857142856
0001 27.48657142857143
0100 27.658
0010 27.829428571428572
0100 28.000857142857143
0001 28.172285714285717
1000 28.343714285714288
0100 28.51514285714286
0010 28.68657142857143
0001 28.858
0100 29.02942857142857
0100 29.372285714285717
0100 29.715142857142858
0001 29.88657142857143
0010 30.058
0100 30.22942857142857
0010 30.40085714285714
0001 30.572285714285712
1000 30.743714285714283
0010 30.915142857142857
0100 31.08657142857143
0001 31.258
0010 31.42942857142857
0100 31.600857142857144
1000 31.772285714285715
0100 31.858
0010 31.943714285714286
0001 32.11514285714286
0100 32.200857142857146
0010 32.28657142857143
1000 32.458
0001 32.62942857142857
0001 32.97228571428571
0010 33.14371428571428
0100 33.31514285714285
1000 33.48657142857142
0010 33.657999999999994
0200 33.829428571428565
0302 34.000857142857136
2003 34.172285714285714
3010 34.343714285714285
0100 34.515142857142855
0002 34.686571428571426
0103 34.858
0020 35.02942857142857
0130 35.20085714285714
0002 35.37228571428572
0023 35.54371428571429
0130 35.71514285714286
1000 35.88657142857143
0001 36.058
0100 36.22942857142857
0010 36.40085714285714
0200 36.57228571428571
0320 36.74371428571428
2030 36.91514285714286
3001 37.08657142857143
0010 37.258
0200 37.42942857142857
0310 37.600857142857144
0002 37.772285714285715
0013 37.943714285714286
0200 38.115142857142864
2300 38.286571428571435
3001 38.458
0100 38.62942857142857
0010 38.80085714285714
0100 38.97228571428571
0020 39.14371428571428
1030 39.31514285714285
0200 39.48657142857143
0320 39.658
0031 39.82942857142857
1000 40.058
1030 40.28657142857143
1003 40.515142857142855
0200 40.74371428571428
0320 40.97228571428572
0031 41.200857142857146
1000 41.37228571428572
0020 41.54371428571429
0130 41.71514285714286
0002 41.88657142857143
1003 42.058
0200 42.22942857142858
0320 42.40085714285715
0031 42.57228571428571
1000 42.74371428571428
0001 43.086571428571425
1000 43.257999999999996
0010 43.429428571428566
0100 43.600857142857144
0001 43.772285714285715
2000 43.943714285714286
3100 44.458
0010 44.62942857142857
0001 44.80085714285714
2000 44.97228571428571
3010 45.31514285714286
0020 45.48657142857143
0230 45.82942857142857
0301 46.172285714285714
1000 46.34371428571429
0010 46.51514285714286
0100 46.686571428571426
0001 46.858
1000 46.943714285714286
1000 47.11514285714286
0010 47.20085714285714
0100 47.37228571428571
0002 47.54371428571428
0103 47.88657142857143
0010 48.058
1000 48.22942857142857
0001 48.40085714285714
0010 48.57228571428571
0200 48.74371428571428
2300 49.086571428571425
3002 49.42942857142857
0103 49.943714285714286
0010 50.11514285714286
1000 50.28657142857143
0200 50.458000000000006
0320 50.80085714285714
0032 51.31514285714285
2003 51.82942857142857
3001 52.172285714285714
0010 52.343714285714285
0100 52.42942857142857
0100 52.600857142857144
0010 52.686571428571426
0001 52.772285714285715
2000 52.858
3002 53.11514285714286
1003 53.37228571428572
0010 53.54371428571429
0100 53.629428571428576
0001 53.80085714285715
1000 53.88657142857143
0010 54.058
1000 54.14371428571429
0001 54.22942857142857
0010 54.31514285714286
0100 54.40085714285714
1000 54.57228571428572
0010 54.74371428571429
1000 54.91514285714286
0100 55.258
1100 55.600857142857144
1000 55.943714285714286
0001 56.28657142857143
1000 56.62942857142857
1001 56.97228571428571
0001 57.14371428571428
0100 57.31514285714285
0010 57.48657142857143
1000 57.658
0001 57.82942857142857
0100 57.91514285714286
0100 58.08657142857143
0010 58.172285714285714
1000 58.343714285714285
0002 58.515142857142855
0103 58.858000000000004
0010 59.029428571428575
1000 59.200857142857146
0100 59.37228571428572
0010 59.54371428571429
0002 59.71514285714286
0203 60.058
0301 60.40085714285714
1000 60.74371428571428
1010 61.086571428571425
0010 61.429428571428566
0001 61.772285714285715
1001 62.22942857142857
1000 62.686571428571426
0100 63.14371428571429
0010 63.31514285714286
0001 63.40085714285715
0001 63.57228571428572
1000 63.658
0010 63.74371428571429
0200 63.82942857142857
0320 64.08657142857143
1030 64.3437142857143
0001 64.51514285714286
0010 64.60085714285715
0100 64.77228571428572
0010 64.858
0001 65.02942857142858
1000 65.11514285714286
0010 65.20085714285715
0100 65.28657142857143
0010 65.37228571428572
1000 65.54371428571429
0001 65.71514285714287
0310 65.88657142857143
1000 66.08248979591836
0002 66.27840816326531
0203 66.47432653061225
0302 66.67024489795918
2003 66.86616326530613
3100 67.06208163265306
0020 67.25800000000001
0030 67.42228571428572
0020 67.42942857142859
0031 67.60085714285715
0200 67.77228571428573
0301 67.9437142857143
2000 68.11514285714287
3200 68.28657142857143
0320 68.45800000000001
0031 68.62942857142858
1000 68.80085714285715
0100 68.88657142857143
0100 69.058
0010 69.1437142857143
0001 69.31514285714286
2000 69.48657142857144
3001 69.658
0200 69.82942857142858
0320 70.00085714285716
2030 70.17228571428574
3200 70.3437142857143
0320 70.51514285714288
0230 70.68657142857144
1300 70.85800000000002
0002 71.02942857142858
0103 71.20085714285716
0020 71.37228571428572
1030 71.5437142857143
0001 71.71514285714287
0200 71.88657142857144
0320 72.058
0230 72.22942857142858
0302 72.40085714285715
1003 72.57228571428573
0200 72.74371428571429
0310 72.91514285714287
0001 73.08657142857143
2000 73.25800000000001
3010 73.42942857142857
0100 73.60085714285715
0020 73.77228571428572
1030 73.9437142857143
0001 74.11514285714287
0100 74.28657142857145
0010 74.37228571428572
0010 74.5437142857143
1000 74.62942857142859
0001 74.71514285714287
0020 74.80085714285715
0032 75.058
1003 75.31514285714287
0010 75.48657142857144
0100 75.65800000000002
0001 75.74371428571429
1000 75.82942857142858
0010 76.00085714285716
0100 76.08657142857143
0001 76.17228571428572
1000 76.3437142857143
0100 76.51514285714286
0200 76.858
0310 77.02942857142858
0100 77.20085714285715
2000 77.37228571428572
3002 77.54371428571429
0023 77.71514285714287
0230 77.88657142857143
1300 78.058
0002 78.22942857142858
0003 78.3937142857143
0002 78.40085714285716
1003 78.57228571428573
0200 78.7437142857143
0310 78.91514285714287
0002 79.08657142857145
0203 79.25800000000001
0320 79.42942857142859
1030 79.60085714285715
0001 79.77228571428573
1000 79.858
1000 80.02942857142858
0100 80.11514285714287
0010 80.28657142857143
0002 80.45800000000001
1003 80.62942857142858
0200 80.80085714285715
2300 80.97228571428572
3002 81.1437142857143
0203 81.31514285714286
0320 81.48657142857144
2030 81.658
3001 81.82942857142858
0200 82.00085714285714
0301 82.17228571428572
0020 82.3437142857143
0130 82.51514285714288
1000 82.68657142857144
0200 82.85800000000002
0320 83.02942857142858
0230 83.20085714285716
2300 83.37228571428572
3001 83.5437142857143
0200 83.71514285714287
0310 83.88657142857144
1000 84.058
0002 84.22942857142858
1003 84.40085714285715
0100 84.57228571428573
2000 84.74371428571429
3001 84.91514285714287
0010 85.08657142857143
0100 85.25800000000001
0010 85.34371428571428
0010 85.51514285714286
0001 85.60085714285715
1000 85.68657142857143
0020 85.77228571428572
2030 86.02942857142857
3001 86.28657142857143
0100 86.45800000000001
0010 86.5437142857143
1000 86.71514285714287
0001 86.80085714285715
1000 86.97228571428573
0100 87.058
1000 87.1437142857143
0100 87.22942857142858
0010 87.31514285714287
0001 87.48657142857144
1000 87.65800000000002
0200 87.82942857142858
0310 88.00085714285716
0001 88.17228571428572
2000 88.3437142857143
3200 88.51514285714286
2300 88.68657142857144
3002 88.858
1003 89.02942857142858
0020 89.20085714285715
0030 89.36514285714286
0020 89.37228571428572
1030 89.54371428571429
0002 89.71514285714287
0103 89.88657142857143
0002 90.058
2003 90.22942857142857
3020 90.40085714285715
0130 90.57228571428573
0001 90.7437142857143
1000 90.82942857142858
1000 91.00085714285716
0100 91.08657142857145
0010 91.25800000000001
0002 91.42942857142859
0013 91.60085714285715
0200 91.77228571428573
2300 91.9437142857143
3002 92.11514285714287
0203 92.28657142857143
0320 92.45800000000001
0230 92.62942857142858
0301 92.80085714285715
2000 92.97228571428572
3001 93.1437142857143
0020 93.31514285714286
0031 93.48657142857144
1000 93.658
0002 93.82942857142858
2003 94.00085714285714
3002 94.17228571428572
0203 94.34371428571428
0301 94.51514285714286
0020 94.68657142857144
0130 94.85800000000002
1000 95.02942857142858
0002 95.20085714285716
1003 95.37228571428572
0100 95.5437142857143
0020 95.71514285714287
0031 95.88657142857144
1000 96.058
0010 96.22942857142858
0100 96.31514285714286
0100 96.48657142857144
0001 96.57228571428573
1000 96.658
0020 96.74371428571429
0230 97.00085714285714
0301 97.25800000000001
0010 97.42942857142857
0100 97.61228571428572
0010 97.70371428571428
0001 97.79514285714286
1000 97.97800000000001
0010 98.06942857142857
1000 98.16085714285714
0001 98.34371428571428
1000 98.52657142857143
2000 98.80085714285715
3200 99.31514285714287
0320 99.82942857142858
0031 100.17228571428572
1000 100.3437142857143
0010 100.51514285714286
0100 100.68657142857144
0100 101.02942857142858
0010 101.20085714285715
1000 101.37228571428572
0002 101.54371428571429
0203 102.058
0320 102.57228571428571
1030 102.91514285714287
1000 103.1110612244898
0002 103.30697959183675
0003 103.89473469387757
2001 104.28657142857143
3020 104.80085714285715
0230 105.31514285714286
0301 105.658
1000 105.82942857142858
0010 105.91514285714285
1000 106.00085714285714
0001 106.17228571428572
0010 106.258
0002 106.34371428571428
0203 106.60085714285714
0310 106.858
1000 107.02942857142858
0100 107.11514285714287
0010 107.20085714285716
0100 107.28657142857143
1000 107.37228571428572
0100 107.45800000000001
0010 107.5437142857143
0001 107.62942857142858
1000 107.71514285714287
0100 107.80085714285715
0010 107.88657142857144
0100 107.97228571428572
1000 108.058
0100 108.1437142857143
0010 108.22942857142858
0001 108.31514285714287
1000 108.40085714285715
0010 108.48657142857144
0100 108.57228571428573
0010 108.658
1000 108.74371428571429
0010 108.82942857142858
0100 108.91514285714287
0001 109.00085714285714
1000 109.08657142857143
0010 109.17228571428572
0100 109.25800000000001
0010 109.34371428571428
1000 109.42942857142857
0010 109.51514285714286
0100 109.60085714285715
1002 109.77228571428573
0013 110.28657142857145
0100 110.45800000000001
0010 110.62942857142859
0100 110.80085714285715
1000 110.97228571428573
0001 111.1437142857143
0100 111.31514285714287
0010 111.48657142857144
1000 111.65800000000002
0100 111.82942857142858
0010 112.00085714285716
0001 112.17228571428572
2001 112.51514285714286
3100 113.02942857142858
0010 113.20085714285715
0001 113.37228571428572
0010 113.54371428571429
1000 113.71514285714287
1000 113.88657142857144
0010 114.08248979591838
0001 114.27840816326533
0100 114.47432653061226
0001 114.6702448979592
0010 114.86616326530614
0012 115.25800000000001
1003 115.77228571428573
0010 115.9437142857143
0100 116.11514285714287
0010 116.28657142857143
0001 116.45800000000001
0001 116.80085714285715
0010 116.97228571428572
1000 117.1437142857143
0001 117.31514285714286
0010 117.48657142857144
0100 117.658
1000 117.82942857142858
0002 118.00085714285716
0203 118.51514285714288
0310 119.02942857142858
1000 119.20085714285716
0001 119.37228571428572
1000 119.5437142857143
0010 119.62942857142858
0100 119.71514285714287
0001 119.88657142857144
0010 119.97228571428572
0100 120.058
1000 120.22942857142858
0010 120.40085714285715
0020 120.74371428571429
0230 121.25800000000001
0302 121.77228571428572
1003 122.11514285714287
0010 122.28657142857145
0100 122.45800000000001
0010 122.62942857142859
0010 122.97228571428573
1000 123.1437142857143
0001 123.31514285714287
0200 123.48657142857144
0320 124.00085714285716
2030 124.51514285714286
3001 124.858
0001 125.20085714285715
0200 125.37228571428572
0300 125.88657142857143
1020 126.22942857142858
2030 126.7437142857143
3200 127.25800000000001
1300 127.60085714285715
0001 127.77228571428573
0010 127.858
0001 127.9437142857143
1000 128.11514285714284
0010 128.20085714285713
2000 128.28657142857142
3200 128.5437142857143
0310 128.80085714285713
0001 128.9722857142857
0100 129.058
0010 129.14371428571428
0100 129.22942857142857
0001 129.31514285714286
0100 129.40085714285712
0010 129.4865714285714
1000 129.5722857142857
0001 129.658
0100 129.74371428571428
0010 129.82942857142856
0100 129.91514285714285
0001 130.00085714285714
0100 130.08657142857143
0010 130.1722857142857
1000 130.25799999999998
0001 130.34371428571427
0010 130.42942857142856
0100 130.51514285714285
0010 130.60085714285714
0001 130.68657142857143
0010 130.7722857142857
0100 130.85799999999998
1000 130.94371428571426
0001 131.02942857142855
0010 131.11514285714284
0100 131.20085714285713
0010 131.28657142857142
0001 131.3722857142857
2002 131.71514285714284
3003 134.458
