TITLE Boys'n'Shoujos Kingdom
BPM   191.838
NOTES
01 1.251055578144059
08 1.4074375254120666
04 1.4856284990460702
08 1.5638194726800738
01 1.7202014199480813
04 1.798392393582085
01 1.8765833672160888
08 2.032965314484096
04 2.1111562881180994
02 2.1893472617521033
01 2.345729209020111
04 2.423920182654115
02 2.502111156288118
08 2.6584931035561254
01 2.7366840771901293
02 2.814875050824133
04 2.9712569980921404
02 3.049447971726144
01 3.1276389453601476
08 3.2840208926281553
02 3.3622118662621587
08 3.4404028398961626
01 3.59678478716417
04 3.6749757607981737
02 3.7531667344321775
08 3.9095486817001848
04 3.9877396553341886
02 4.065930628968192
01 4.2223125762362
04 4.300503549870204
02 4.378694523504207
08 4.535076470772214
01 4.613267444406218
04 4.691458418040222
02 4.84784036530823
04 4.9260313389422326
01 5.004222312576236
08 5.160604259844244
04 5.238795233478248
02 5.316986207112251
04 5.473368154380259
08 5.551559128014262
01 5.629750101648266
08 5.786132048916273
02 5.864323022550277
04 5.942513996184281
01 6.098895943452288
08 6.177086917086292
01 6.255277890720295
04 6.411659837988303
02 6.489850811622306
04 6.56804178525631
01 6.7244237325243175
08 6.802614706158321
04 6.880805679792325
02 7.037187627060332
04 7.115378600694336
08 7.19356957432834
01 7.349951521596347
04 7.42814249523035
01 7.506333468864355
08 7.662715416132363
02 7.740906389766366
08 7.8190973634003695
02 7.975479310668377
04 8.053670284302381
01 8.131861257936384
08 8.288243205204392
04 8.366434178838396
02 8.4446251524724
04 8.601007099740407
08 8.67919807337441
01 8.757389047008413
04 8.91377099427642
02 8.991961967910424
04 9.070152941544428
01 9.226534888812434
08 9.304725862446439
01 9.382916836080442
08 9.53929878334845
04 9.617489756982454
08 9.695680730616457
02 9.852062677884465
04 9.930253651518468
02 10.008444625152473
08 10.16482657242048
01 10.243017546054483
08 10.321208519688488
04 10.477590466956496
02 10.555781440590499
01 10.633972414224502
02 10.79035436149251
04 10.868545335126512
08 10.946736308760517
01 11.103118256028525
08 11.181309229662528
01 11.259500203296533
08 11.41588215056454
04 11.494073124198543
02 11.572264097832548
01 11.728646045100554
08 11.806837018734559
02 11.885027992368562
08 12.04140993963657
04 12.119600913270574
08 12.197791886904577
01 12.354173834172585
08 12.432364807806588
02 12.51055578144059
08 12.666937728708598
01 12.745128702342601
04 12.823319675976606
02 12.979701623244612
04 13.057892596878617
02 13.13608357051262
08 13.292465517780627
01 13.370656491414632
02 13.448847465048635
04 13.605229412316643
02 13.683420385950646
01 13.76161135958465
02 13.917993306852658
04 13.996184280486661
08 14.074375254120666
01 14.230757201388673
04 14.308948175022676
02 14.38713914865668
04 14.543521095924687
01 14.62171206955869
08 14.699903043192695
01 14.856284990460702
02 14.934475964094705
04 15.01266693772871
08 15.169048884996718
01 15.24723985863072
04 15.325430832264725
02 15.481812779532731
08 15.560003753166736
02 15.638194726800739
08 15.794576674068747
01 15.872767647702752
02 15.950958621336754
04 16.107340568604762
02 16.185531542238767
01 16.263722515872768
08 16.420104463140774
02 16.49829543677478
04 16.576486410408783
02 16.73286835767679
08 16.811059331310794
01 16.8892503049448
04 17.045632252212805
01 17.12382322584681
08 17.202014199480814
02 17.35839614674882
04 17.436587120382825
02 17.514778094016826
08 17.671160041284832
01 17.749351014918837
02 17.82754198855284
04 17.983923935820847
02 18.062114909454852
01 18.140305883088857
08 18.296687830356863
02 18.374878803990867
04 18.45306977762487
01 18.609451724892878
08 18.687642698526883
02 18.765833672160888
08 18.922215619428894
04 19.0004065930629
02 19.078597566696903
04 19.23497951396491
08 19.313170487598914
04 19.39136146123292
08 19.547743408500924
01 19.62593438213493
08 19.70412535576893
02 19.86050730303694
04 19.938698276670944
01 20.016889250304946
08 20.17327119757295
02 20.251462171206956
04 20.32965314484096
01 20.486035092108967
08 20.56422606574297
04 20.642417039376976
08 20.798798986644982
04 20.876989960278987
02 20.95518093391299
01 21.111562881180998
08 21.189753854815002
01 21.267944828449004
03 21.737090670253025
04 21.893472617521034
08 22.04985456478904
01 22.206236512057046
09 22.67538235386107
01 22.83176430112908
08 22.988146248397086
02 23.06633722203109
04 23.144528195665096
02 23.222719169299097
08 23.300910142933102
01 23.379101116567107
08 23.457292090201108
01 23.613674037469117
08 23.770055984737123
12 24.239201826541144
02 24.395583773809154
04 24.55196572107716
08 24.70834766834517
09 25.177493510149187
04 25.333875457417196
02 25.490257404685202
08 25.568448378319207
02 25.646639351953212
04 25.724830325587213
01 25.803021299221218
08 25.881212272855223
04 25.959403246489224
02 26.115785193757233
01 26.272167141025243
09 26.741312982829264
02 26.897694930097273
04 27.05407687736528
02 27.210458824633285
10 27.679604666437307
01 27.835986613705316
04 27.992368560973322
02 28.070559534607327
04 28.14875050824133
01 28.226941481875333
08 28.305132455509337
04 28.383323429143342
02 28.461514402777347
01 28.617896350045353
08 28.77427829731336
10 29.24342413911738
04 29.39980608638539
01 29.556188033653395
02 29.7125699809214
06 30.181715822725426
08 30.338097769993436
01 30.49447971726144
04 30.572670690895446
01 30.65086166452945
04 30.729052638163452
02 30.807243611797457
08 30.88543458543146
01 30.963625559065463
02 31.120007506333472
04 31.276389453601478
12 31.7455352954055
01 31.90191724267351
04 32.058299189941515
02 32.214681137209524
10 32.683826979013546
04 32.84020892628155
08 32.99659087354956
04 33.07478184718356
02 33.15297282081757
01 33.23116379445157
08 33.309354768085576
02 33.38754574171958
04 33.46573671535358
01 33.62211866262159
04 33.7785006098896
06 34.24764645169362
08 34.40402839896163
01 34.56041034622964
02 34.71679229349764
06 35.18593813530166
08 35.342320082569664
01 35.49870202983767
04 35.576893003471675
02 35.65508397710568
04 35.733274950739684
01 35.81146592437369
04 35.88965689800769
02 35.967847871641695
08 36.124229818909704
04 36.280611766177714
06 36.749757607981735
01 36.906139555249744
02 37.062521502517754
01 37.218903449785756
09 37.688049291589785
02 37.84443123885779
04 38.0008131861258
01 38.0790041597598
08 38.157195133393806
04 38.23538610702781
02 38.313577080661815
01 38.39176805429582
08 38.46995902792982
01 38.62634097519783
04 38.78272292246583
06 39.25186876426985
08 39.40825071153786
01 39.56463265880587
02 39.72101460607387
03 40.1901604478779
08 40.3465423951459
02 40.50292434241391
04 40.581115316047914
02 40.65930628968192
04 40.73749726331592
01 40.81568823694993
08 40.89387921058393
01 40.972070184217934
04 41.12845213148594
01 41.28483407875395
09 41.753979920557974
02 41.91036186782598
04 42.06674381509399
01 42.223125762361995
03 42.53588965689801
06 43.00503549870203
12 43.47418134050605
09 43.78694523504207
04 43.94332718231008
02 44.02151815594408
08 44.17790010321209
04 44.25609107684609
02 44.33428205048009
01 44.4124730241141
09 44.64704594501611
10 44.88161886591812
04 45.03800081318613
01 45.19438276045414
08 45.35076470772214
04 45.50714665499015
02 45.58533762862415
04 45.66352860225816
12 45.97629249679417
09 46.289056391330185
05 46.758202233134206
02 46.914584180402215
08 47.070966127670225
01 47.22734807493823
05 47.540111969474246
06 48.00925781127827
10 48.47840365308229
09 48.79116754761831
04 48.94754949488632
02 49.02574046852032
08 49.18212241578833
01 49.26031338942233
02 49.33850436305633
04 49.41669533669034
12 49.65126825759235
12 49.88584117849436
02 50.04222312576236
01 50.19860507303037
08 50.27679604666437
01 50.354987020298374
08 50.43317799393238
04 50.66775091483439
02 50.745941888468394
04 50.8241328621024
02 50.902323835736404
01 51.293278703906424
09 51.762424545710445
02 51.918806492978455
04 52.075188440246464
02 52.231570387514466
10 52.544334282050485
12 53.01348012385451
06 53.48262596565853
03 53.79538986019454
08 53.95177180746255
02 54.02996278109655
04 54.18634472836456
01 54.26453570199856
08 54.34272667563256
04 54.42091764926657
06 54.65549057016858
06 54.89006349107059
08 55.0464454383386
01 55.20282738560661
04 55.35920933287461
02 55.51559128014262
04 55.593782253776624
01 55.67197322741063
05 55.984737121946644
06 56.29750101648266
10 56.766646858286684
01 56.923028805554694
02 57.0794107528227
04 57.235792700090705
12 57.54855659462672
09 58.01770243643074
05 58.48684827823476
06 58.79961217277078
08 58.95599412003879
01 59.03418509367279
08 59.1905670409408
02 59.2687580145748
04 59.3469489882088
01 59.42513996184281
09 59.65971288274482
12 59.89428580364683
02 60.05066775091484
01 60.20704969818285
02 60.28524067181685
01 60.36343164545085
02 60.44162261908486
04 60.51981359271886
08 60.67619553998687
01 60.75438651362087
08 60.83257748725488
01 60.91076846088888
04 60.98895943452288
02 61.14534138179089
08 61.301723329058895
12 61.458105276326904
02 61.61448722359491
01 61.770869170862916
05 61.927251118130926
06 62.083633065398935
10 62.24001501266694
09 62.39639695993495
04 62.552778907202956
06 62.709160854470966
08 62.86554280173897
02 63.02192474900698
06 63.17830669627499
01 63.334688643543
08 63.491070590811
09 63.64745253807901
08 63.80383448534701
02 63.96021643261502
04 64.03840740624902
01 64.19478935351702
02 64.27298032715103
04 64.35117130078504
08 64.42936227441903
09 64.66393519532105
05 64.89850811622306
02 65.05489006349107
08 65.21127201075907
01 65.36765395802709
02 65.5240359052951
04 65.6022268789291
02 65.6804178525631
03 65.83679979983111
04 65.99318174709911
06 66.14956369436712
08 66.30594564163513
09 66.46232758890314
04 66.61870953617115
01 66.77509148343916
09 66.93147343070716
09 67.08785537797517
09 67.24423732524318
12 67.40061927251118
02 67.5570012197792
03 67.7133831670472
08 67.86976511431521
02 68.02614706158322
06 68.18252900885122
01 68.33891095611924
02 68.49529290338724
06 68.65167485065524
08 68.80805679792326
02 68.96443874519126
04 69.04262971882527
01 69.19901166609327
08 69.27720263972728
04 69.35539361336129
02 69.43358458699528
03 69.66815750789729
03 69.9027304287993
04 70.0591123760673
08 70.2154943233353
01 70.29368529696931
08 70.37187627060332
01 70.45006724423732
02 70.52825821787133
04 70.68464016513933
08 70.76283113877334
04 70.84102211240734
02 70.91921308604134
01 70.99740405967535
08 71.15378600694335
02 71.23197698057736
08 71.31016795421137
09 71.46654990147937
04 71.62293184874738
01 71.77931379601539
05 71.93569574328339
06 72.0920776905514
06 72.24845963781941
05 72.40484158508741
02 72.56122353235543
06 72.71760547962343
08 72.87398742689145
02 73.03036937415945
06 73.18675132142745
02 73.34313326869547
04 73.49951521596347
05 73.65589716323147
08 73.81227911049949
01 73.96866105776749
04 74.0468520314015
02 74.2032339786695
08 74.28142495230351
01 74.35961592593752
02 74.43780689957151
06 74.67237982047352
06 74.90695274137553
01 75.06333468864355
08 75.21971663591155
02 75.37609858317957
04 75.53248053044757
02 75.61067150408158
08 75.68886247771557
09 75.84524442498359
02 76.0016263722516
03 76.1580083195196
04 76.31439026678761
05 76.47077221405561
08 76.62715416132363
02 76.78353610859163
10 76.93991805585964
12 77.09630000312765
06 77.25268195039565
03 77.40906389766366
04 77.56544584493166
06 77.72182779219966
08 77.87820973946768
04 78.03459168673568
12 78.19097363400368
01 78.3473555812717
02 78.5037375285397
06 78.6601194758077
08 78.81650142307572
01 78.97288337034372
08 79.05107434397773
01 79.20745629124573
04 79.28564726487974
02 79.36383823851375
08 79.44202921214774
09 79.67660213304976
03 79.91117505395177
04 80.06755700121978
08 80.22393894848778
04 80.3021299221218
08 80.3803208957558
04 80.4585118693898
02 80.5367028430238
01 80.6930847902918
08 80.77127576392581
01 80.84946673755982
08 80.92765771119382
02 81.00584868482782
04 81.16223063209583
01 81.24042160572984
08 81.31861257936384
04 81.39680355299785
08 81.47499452663185
04 81.55318550026585
02 81.63137647389986
04 81.70956744753386
08 81.78775842116787
04 81.86594939480187
02 81.94414036843587
01 82.02233134206988
02 82.10052231570388
04 82.17871328933788
08 82.25690426297189
04 82.3350952366059
02 82.41328621023989
04 82.4914771838739
08 82.5696681575079
01 82.64785913114191
02 82.72605010477591
04 82.80424107840992
08 82.88243205204392
01 82.96062302567792
08 83.03881399931193
04 83.11700497294594
02 83.19519594657993
01 83.27338692021394
08 83.35157789384795
04 83.42976886748194
02 83.50795984111595
01 83.58615081474996
02 83.66434178838395
01 83.74253276201796
08 83.82072373565195
02 83.89891470928596
04 83.97710568291996
01 84.05529665655396
08 84.13348763018797
02 84.21167860382197
04 84.28986957745597
02 84.36806055108998
08 84.44625152472398
01 84.52444249835798
04 84.602633471992
01 84.68082444562599
04 84.75901541926
02 84.837206392894
04 84.915397366528
01 84.993588340162
04 85.07177931379601
02 85.14997028743002
08 85.22816126106402
01 85.30635223469802
08 85.38454320833203
02 85.46273418196603
08 85.54092515560004
02 85.61911612923404
04 85.69730710286804
01 85.77549807650205
04 85.85368905013605
02 85.93188002377005
08 86.01007099740406
02 86.08826197103807
04 86.16645294467206
01 86.24464391830607
08 86.32283489194008
01 86.40102586557408
02 86.47921683920808
04 86.55740781284209
08 86.6355987864761
04 86.71378976011009
02 86.7919807337441
01 86.8701717073781
08 86.9483626810121
04 87.02655365464611
08 87.10474462828012
04 87.18293560191411
08 87.26112657554812
01 87.33931754918213
02 87.41750852281612
01 87.49569949645013
02 87.57389047008414
01 87.65208144371815
08 87.73027241735214
04 87.80846339098615
02 87.88665436462016
04 87.96484533825415
08 88.04303631188816
01 88.12122728552217
02 88.19941825915616
04 88.27760923279017
08 88.35580020642418
04 88.43399118005817
02 88.51218215369218
01 88.59037312732619
08 88.66856410096018
04 88.74675507459419
08 88.8249460482282
01 88.90313702186221
04 88.9813279954962
01 89.05951896913021
08 89.13770994276422
02 89.21590091639821
04 89.29409189003222
01 89.37228286366623
04 89.45047383730022
02 89.52866481093423
08 89.60685578456824
01 89.68504675820223
04 89.76323773183624
02 89.84142870547025
04 89.91961967910424
01 89.99781065273825
04 90.07600162637226
02 90.15419260000627
08 90.23238357364026
01 90.31057454727427
04 90.38876552090828
01 90.46695649454227
04 90.54514746817628
02 90.62333844181029
04 90.70152941544428
01 90.77972038907829
04 90.8579113627123
02 90.9361023363463
08 91.0142933099803
02 91.09248428361431
04 91.1706752572483
01 91.24886623088231
08 91.32705720451631
01 91.40524817815032
02 91.48343915178431
04 91.56163012541832
08 91.63982109905233
04 91.71801207268632
02 91.79620304632033
04 91.87439401995434
08 91.95258499358833
01 92.03077596722234
02 92.10896694085635
01 92.18715791449034
08 92.26534888812435
04 92.34353986175836
08 92.42173083539235
04 92.49992180902636
02 92.57811278266037
01 92.65630375629438
02 92.73449472992837
01 92.81268570356238
08 92.89087667719639
01 92.96906765083038
02 93.04725862446439
04 93.1254495980984
08 93.2036405717324
04 93.2818315453664
02 93.36002251900041
04 93.4382134926344
08 93.51640446626841
01 93.59459543990242
02 93.67278641353641
01 93.75097738717042
08 93.82916836080443
02 93.90735933443844
04 93.98555030807243
02 94.06374128170644
08 94.14193225534045
01 94.22012322897444
04 94.29831420260845
02 94.37650517624246
04 94.45469614987645
01 94.53288712351046
04 94.61107809714447
02 94.68926907077847
04 94.76746004441247
02 94.84565101804648
08 94.92384199168048
02 95.00203296531448
04 95.08022393894849
01 95.1584149125825
04 95.2366058862165
02 95.3147968598505
08 95.39298783348451
01 95.4711788071185
08 95.54936978075251
01 95.62756075438652
04 95.70575172802052
02 95.78394270165452
04 95.86213367528853
01 95.94032464892253
04 96.01851562255654
01 96.09670659619054
08 96.17489756982454
02 96.25308854345855
08 96.33127951709255
01 96.40947049072656
02 96.48766146436056
01 96.56585243799456
08 96.64404341162857
04 96.72223438526257
02 96.80042535889658
04 96.87861633253058
08 96.95680730616458
04 97.03499827979859
02 97.1131892534326
01 97.19138022706659
02 97.2695712007006
01 97.3477621743346
08 97.4259531479686
01 97.50414412160261
08 97.58233509523662
04 97.66052606887062
02 97.73871704250462
04 97.81690801613863
08 97.89509898977263
04 97.97328996340663
02 98.05148093704064
01 98.12967191067465
02 98.20786288430864
04 98.28605385794265
08 98.36424483157666
01 98.44243580521065
02 98.52062677884466
01 98.59881775247867
08 98.67700872611266
04 98.75519969974667
08 98.83339067338066
01 98.91158164701467
04 98.98977262064867
01 99.06796359428267
04 99.14615456791668
02 99.22434554155068
08 99.30253651518468
01 99.38072748881869
04 99.45891846245269
02 99.5371094360867
04 99.6153004097207
01 99.6934913833547
04 99.7716823569887
01 99.84987333062271
08 99.92806430425671
02 100.00625527789072
08 100.08444625152472
01 100.16263722515873
04 100.24082819879273
01 100.31901917242674
04 100.39721014606074
02 100.47540111969474
08 100.55359209332875
02 100.63178306696275
04 100.70997404059675
01 100.78816501423076
08 100.86635598786476
02 100.94454696149876
04 101.02273793513277
02 101.10092890876678
08 101.17911988240077
01 101.25731085603478
08 101.33550182966879
12 101.80464767147281
02 101.96102961874081
04 102.11741156600883
08 102.27379351327683
01 102.43017546054483
04 102.58655740781285
02 102.74293935508085
04 102.89932130234887
01 103.05570324961687
08 103.21208519688487
02 103.36846714415289
04 103.52484909142089
05 103.83761298595691
09 104.30675882776093
02 104.46314077502893
04 104.61952272229695
01 104.77590466956495
08 104.93228661683295
12 105.24505051136897
02 105.40143245863699
01 105.55781440590499
02 105.714196353173
04 105.87057830044101
08 106.02696024770901
09 106.33972414224502
05 106.80886998404904
02 106.96525193131704
04 107.12163387858506
01 107.27801582585306
08 107.43439777312106
12 107.74716166765708
02 107.9035436149251
04 108.0599255621931
08 108.2163075094611
01 108.37268945672912
04 108.52907140399712
02 108.68545335126512
04 108.84183529853314
05 109.31098114033716
09 109.78012698214118
02 109.93650892940919
04 110.0928908766772
05 110.40565477121322
08 110.56203671848122
12 110.87480061301724
08 111.34394645482126
09 111.81309229662529
05 112.2822381384293
06 112.59500203296533
08 112.75138398023333
01 112.90776592750134
04 113.06414787476935
06 113.37691176930537
08 113.53329371657337
01 113.68967566384137
02 113.84605761110937
06 114.3152034529134
12 114.78434929471742
09 115.09711318925343
02 115.25349513652144
04 115.40987708378945
02 115.56625903105746
03 115.87902292559347
08 116.3481687673975
10 116.81731460920152
06 117.28646045100554
05 117.59922434554156
08 117.75560629280956
02 117.83379726644357
08 117.91198824007758
01 117.99017921371157
08 118.06837018734558
02 118.14656116097959
08 118.22475213461358
09 118.45932505551559
09 118.6938979764176
01 118.85027992368562
02 118.92847089731963
04 119.00666187095362
02 119.08485284458763
01 119.16304381822164
02 119.24123479185563
04 119.31942576548964
02 119.39761673912365
01 119.47580771275764
08 119.55399868639165
02 119.63218966002566
08 119.71038063365965
01 119.78857160729366
08 119.86676258092767
02 119.94495355456166
08 120.02314452819567
01 120.10133550182968
02 120.17952647546369
04 120.25771744909768
02 120.33590842273169
01 120.4140993963657
02 120.4922903699997
04 120.5704813436337
02 120.64867231726771
01 120.7268632909017
08 120.80505426453571
02 120.88324523816972
08 120.96143621180371
01 121.03962718543772
08 121.11781815907173
02 121.19600913270573
08 121.27420010633973
01 121.35239107997373
04 121.43058205360774
01 121.50877302724173
04 121.58696400087574
02 121.66515497450975
04 121.74334594814374
01 121.82153692177775
04 121.89972789541176
02 121.97791886904575
08 122.05610984267976
02 122.13430081631377
04 122.21249178994776
01 122.29068276358177
04 122.36887373721578
02 122.44706471084977
04 122.52525568448378
01 122.60344665811779
08 122.6816376317518
02 122.75982860538579
04 122.8380195790198
01 122.91621055265381
08 122.9944015262878
01 123.07259249992181
04 123.15078347355582
02 123.22897444718981
08 123.30716542082382
01 123.38535639445783
04 123.46354736809182
02 123.54173834172583
08 123.61992931535984
02 123.69812028899383
08 123.77631126262784
01 123.85450223626185
02 123.93269320989586
04 124.01088418352985
08 124.08907515716386
01 124.16726613079787
02 124.24545710443186
04 124.32364807806587
02 124.40183905169988
01 124.48003002533387
08 124.55822099896788
04 124.63641197260189
08 124.71460294623589
04 124.7927939198699
02 124.8709848935039
04 124.9491758671379
08 125.0273668407719
04 125.10555781440591
02 125.18374878803992
01 125.26193976167391
08 125.34013073530792
01 125.41832170894193
02 125.49651268257593
01 125.57470365620993
02 125.65289462984394
04 125.73108560347794
08 125.80927657711194
04 125.88746755074595
02 125.96565852437995
01 126.04384949801396
02 126.12204047164796
04 126.20023144528196
08 126.27842241891597
01 126.35661339254997
08 126.43480436618398
02 126.51299533981798
04 126.59118631345198
01 126.669377287086
04 126.74756826071999
02 126.825759234354
08 126.903950207988
01 126.982141181622
04 127.060332155256
01 127.13852312889001
04 127.21671410252401
01 127.29490507615802
08 127.37309604979203
02 127.45128702342602
08 127.52947799706003
02 127.60766897069402
08 127.68585994432803
01 127.76405091796202
04 127.84224189159603
02 127.92043286523004
04 127.99862383886403
01 128.07681481249804
08 128.15500578613205
02 128.23319675976606
04 128.31138773340007
01 128.38957870703405
04 128.46776968066806
02 128.54596065430206
08 128.62415162793607
01 128.70234260157008
04 128.7805335752041
01 128.8587245488381
08 128.9369155224721
04 129.0151064961061
08 129.09329746974012
01 129.1714884433741
02 129.2496794170081
04 129.32787039064212
08 129.40606136427613
04 129.48425233791014
02 129.56244331154414
01 129.64063428517812
08 129.71882525881213
04 129.79701623244614
02 129.87520720608015
04 129.95339817971416
08 130.03158915334816
04 130.10978012698214
02 130.18797110061615
01 130.26616207425016
08 130.34435304788417
04 130.42254402151815
08 130.50073499515216
04 130.57892596878617
02 130.65711694242017
04 130.73530791605418
08 130.8134988896882
04 130.89168986332217
02 130.96988083695618
01 131.0480718105902
02 131.1262627842242
04 131.2044537578582
08 131.2826447314922
01 131.3608357051262
08 131.4390266787602
02 131.5172176523942
04 131.59540862602822
01 131.6735995996622
04 131.7517905732962
02 131.8299815469302
04 131.90817252056422
01 131.98636349419823
08 132.06455446783224
02 132.14274544146622
08 132.22093641510023
01 132.29912738873423
04 132.37731836236824
01 132.45550933600225
04 132.53370030963626
02 132.61189128327027
08 132.69008225690428
02 132.76827323053828
08 132.8464642041723
01 132.92465517780627
08 133.00284615144028
02 133.0810371250743
04 133.1592280987083
01 133.2374190723423
04 133.3156100459763
02 133.3938010196103
04 133.4719919932443
01 133.5501829668783
08 133.62837394051232
02 133.70656491414633
08 133.78475588778034
01 133.86294686141431
02 133.94113783504832
04 134.01932880868233
02 134.09751978231634
01 134.17571075595032
08 134.25390172958433
04 134.33209270321834
02 134.41028367685234
04 134.48847465048635
08 134.56666562412036
04 134.64485659775434
02 134.72304757138835
04 134.80123854502236
02 134.87942951865637
01 134.95762049229037
02 135.03581146592438
04 135.1140024395584
08 135.1921934131924
04 135.2703843868264
02 135.34857536046042
01 135.4267663340944
08 135.5049573077284
01 135.5831482813624
08 135.66133925499642
04 135.73953022863043
02 135.81772120226444
04 135.89591217589842
08 135.97410314953243
04 136.05229412316643
08 136.13048509680044
01 136.20867607043445
02 136.28686704406846
01 136.36505801770244
08 136.44324899133645
02 136.52143996497045
08 136.59963093860446
01 136.67782191223844
04 136.75601288587245
02 136.83420385950646
04 136.91239483314047
01 136.99058580677448
04 137.06877678040848
02 137.14696775404246
08 137.22515872767647
02 137.30334970131048
08 137.3815406749445
01 137.4597316485785
08 137.5379226222125
01 137.6161135958465
04 137.69430456948052
02 137.77249554311453
04 137.85068651674854
01 137.92887749038252
04 138.00706846401653
02 138.08525943765054
08 138.16345041128454
02 138.24164138491855
04 138.31983235855256
01 138.39802333218654
08 138.47621430582055
02 138.55440527945456
08 138.63259625308856
01 138.71078722672257
04 138.78897820035658
01 138.86716917399056
08 138.94536014762457
04 139.02355112125858
08 139.1017420948926
04 139.17993306852657
02 139.25812404216057
01 139.33631501579458
08 139.4145059894286
04 139.4926969630626
02 139.5708879366966
04 139.6490789103306
08 139.7272698839646
04 139.8054608575986
08 139.8836518312326
01 139.96184280486662
02 140.04003377850063
01 140.1182247521346
08 140.19641572576862
04 140.27460669940263
08 140.35279767303663
04 140.4309886466706
02 140.50917962030462
01 140.58737059393863
02 140.66556156757264
04 140.74375254120665
08 140.82194351484065
01 140.90013448847463
02 140.97832546210864
04 141.05651643574265
02 141.13470740937666
01 141.21289838301067
08 141.29108935664468
01 141.36928033027868
09 143.40224564476276
