TITLE Brand NEW Days
BPM   124.0
NOTES
1001 7.978935483870968
1000 8.462806451612904
1100 8.704741935483872
0100 9.188612903225806
0120 9.430548387096774
0100 10.156354838709678
0001 10.398290322580646
0001 11.124096774193548
0130 11.366032258064516
0010 11.607967741935484
0001 11.728935483870968
1000 11.849903225806452
0001 12.333774193548388
0101 12.575709677419356
0100 13.05958064516129
0001 13.180548387096774
0200 13.301516129032258
0301 15.237
1000 15.357967741935484
0100 15.478935483870968
1000 15.720870967741936
0001 16.083774193548386
1000 16.20474193548387
0010 16.446677419354838
0100 16.567645161290322
0010 16.688612903225806
1010 17.172483870967742
1000 17.656354838709678
0001 18.01925806451613
0010 18.140225806451614
0001 18.382161290322582
0010 18.503129032258066
0100 18.62409677419355
1100 19.107967741935486
1000 19.59183870967742
0001 19.95474193548387
0100 20.075709677419354
0010 20.317645161290322
1000 20.438612903225806
0001 20.55958064516129
1001 21.043451612903226
1000 21.52732258064516
0100 21.769258064516126
0010 22.011193548387094
0001 22.253129032258062
0010 22.374096774193546
0100 22.49506451612903
1000 22.737
1100 22.978935483870966
0100 23.220870967741934
0010 23.462806451612902
0001 23.825709677419354
1000 23.946677419354838
0010 24.188612903225806
0100 24.30958064516129
0001 24.430548387096774
0101 24.91441935483871
0100 25.398290322580646
0001 25.761193548387098
0010 25.882161290322582
0100 26.12409677419355
1000 26.245064516129034
0100 26.366032258064518
1100 26.849903225806454
1000 27.333774193548386
0001 27.696677419354838
0100 27.817645161290322
0010 28.05958064516129
1000 28.180548387096774
0010 28.301516129032258
0110 28.785387096774194
0100 29.269258064516126
0001 29.511193548387094
1000 29.753129032258062
0100 29.99506451612903
0010 30.116032258064514
0001 30.237
1000 30.478935483870966
1001 30.720870967741934
0100 31.20474193548387
1100 31.688612903225806
1000 31.930548387096774
0001 32.05151612903226
1000 32.172483870967746
0100 32.414419354838714
0010 32.65635483870968
0100 32.89829032258065
1000 33.14022580645162
0001 33.382161290322586
0100 33.62409677419355
0010 33.86603225806452
1000 33.987
0010 34.10796774193549
0100 34.34990322580646
0001 34.591838709677425
0010 34.83377419354839
0001 35.07570967741936
1000 35.31764516129033
0100 35.5595806451613
0010 35.801516129032265
0001 35.922483870967746
0010 36.04345161290323
0001 36.2853870967742
1000 36.52732258064517
0010 36.76925806451614
0100 37.0111935483871
0001 37.253129032258066
1000 37.495064516129034
0100 37.737
0010 37.85796774193548
0001 37.97893548387097
0010 38.22087096774194
0001 38.462806451612906
0100 38.704741935483874
0101 38.94667741935484
1010 39.43054838709678
1100 39.914419354838714
0100 40.15635483870968
0110 40.39829032258065
0010 40.64022580645162
0011 40.882161290322586
1001 41.36603225806452
1010 41.84990322580646
0110 42.33377419354839
0101 42.57570967741936
1000 43.05958064516129
1000 43.30151612903226
1000 43.543451612903226
1000 43.785387096774194
1000 44.02732258064516
1000 44.26925806451613
0010 44.5111935483871
0100 44.753129032258066
0001 44.995064516129034
0010 45.116032258064514
0001 45.237
0100 45.35796774193548
0010 45.47893548387097
0100 45.59990322580645
0001 45.72087096774194
0010 45.84183870967742
0100 45.962806451612906
1000 46.083774193548386
0010 46.204741935483874
0100 46.325709677419354
0001 46.44667741935484
1000 46.56764516129032
0001 46.68861290322581
1000 46.93054838709678
0001 47.172483870967746
0010 47.293451612903226
0010 47.535387096774194
0100 47.65635483870968
1000 47.89829032258065
0010 48.14022580645162
0100 48.2611935483871
0100 48.503129032258066
0001 48.62409677419355
1000 48.86603225806452
0100 49.10796774193549
0010 49.22893548387097
0001 49.47087096774194
0010 49.712806451612906
0100 49.83377419354839
1000 49.954741935483874
0001 50.07570967741936
1000 50.19667741935484
0001 50.31764516129033
0100 50.43861290322581
0001 50.5595806451613
1000 50.801516129032265
0001 51.04345161290323
0100 51.164419354838714
0100 51.40635483870968
0010 51.52732258064517
1000 51.76925806451614
1010 52.011193548387105
0010 52.25312903225807
1000 52.495064516129034
0001 52.737
0011 52.97893548387097
0010 53.22087096774194
0011 53.462806451612906
1001 53.704741935483874
1000 53.94667741935484
0010 54.06764516129032
0100 54.18861290322581
0001 54.30958064516129
1000 54.43054838709678
0001 54.672483870967746
0100 54.914419354838714
0010 55.035387096774194
0010 55.27732258064516
1000 55.39829032258065
0001 55.64022580645162
1000 55.882161290322586
0100 56.003129032258066
0100 56.245064516129034
0010 56.36603225806452
0001 56.60796774193549
1000 56.84990322580646
0010 56.97087096774194
0100 57.212806451612906
0001 57.454741935483874
1000 57.57570967741936
0100 57.69667741935484
0010 57.81764516129033
0100 57.93861290322581
1000 58.0595806451613
0001 58.18054838709678
1000 58.30151612903226
0001 58.543451612903226
0101 58.785387096774194
0100 59.02732258064516
0001 59.26925806451613
1000 59.5111935483871
1001 59.753129032258066
0022 59.995064516129034
0033 62.65635483870968
0011 63.62409677419355
0001 63.86603225806452
1000 64.10796774193548
0010 64.34990322580644
1000 64.59183870967742
0001 64.67248387096774
1000 64.75312903225806
0001 64.83377419354838
0010 65.07570967741935
0100 65.31764516129032
1000 65.55958064516129
0001 65.80151612903225
0100 66.04345161290323
0010 66.28538709677419
0100 66.52732258064516
0001 66.76925806451612
1001 67.0111935483871
1000 67.25312903225806
0100 67.49506451612903
1000 67.737
0001 67.97893548387097
0010 68.05958064516129
0001 68.14022580645161
0010 68.22087096774193
0100 68.4628064516129
1000 68.70474193548387
0001 68.94667741935484
1000 69.1886129032258
0100 69.43054838709678
1000 69.67248387096774
0010 69.91441935483871
1000 70.15635483870967
1001 70.39829032258065
0001 70.64022580645161
0100 70.88216129032259
0010 71.12409677419355
1000 71.36603225806452
0001 71.44667741935484
1000 71.52732258064516
0001 71.60796774193548
0010 71.84990322580644
0100 72.0918387096774
0010 72.33377419354838
0001 72.57570967741934
1000 72.81764516129032
0010 73.05958064516128
0100 73.30151612903225
0010 73.54345161290321
1000 73.78538709677419
0001 74.02732258064515
0100 74.26925806451612
0001 74.75312903225806
1000 74.99506451612902
0100 75.237
0010 75.72087096774193
0001 75.96280645161289
1000 76.20474193548387
0001 76.56764516129032
0100 76.6886129032258
0010 76.93054838709676
1000 77.05151612903225
0002 77.17248387096774
1003 77.65635483870967
0100 77.89829032258064
0010 78.14022580645161
0100 78.62409677419355
1000 78.86603225806451
0001 79.10796774193548
0100 79.59183870967742
0001 79.83377419354838
1000 80.07570967741935
0100 80.4386129032258
0010 80.55958064516129
0001 80.80151612903225
1000 80.92248387096774
0010 81.04345161290323
1000 81.16441935483871
0001 81.28538709677419
1000 81.40635483870967
0100 81.52732258064516
1000 81.76925806451612
0001 82.0111935483871
0100 82.13216129032259
0100 82.37409677419355
0010 82.49506451612903
1000 82.737
0001 82.97893548387097
0010 83.09990322580646
0010 83.34183870967742
0100 83.4628064516129
1000 83.70474193548387
0001 83.94667741935484
0100 84.06764516129033
0010 84.30958064516129
1000 84.55151612903227
0100 84.67248387096774
0010 84.79345161290323
0001 84.91441935483871
0010 85.0353870967742
0100 85.15635483870967
0010 85.27732258064516
0001 85.39829032258064
1000 85.6402258064516
0001 85.88216129032257
1000 86.00312903225806
1000 86.24506451612902
0010 86.36603225806451
0100 86.60796774193547
0101 86.84990322580644
0001 87.0918387096774
1000 87.33377419354838
0010 87.57570967741934
0100 87.81764516129032
0001 87.97893548387096
1000 88.14022580645161
0001 88.30151612903225
0010 88.42248387096774
0100 88.54345161290321
1000 88.6644193548387
0100 88.78538709677419
0010 88.90635483870967
0001 89.02732258064515
1000 89.14829032258064
0001 89.26925806451612
0100 89.54575576036866
0001 89.82225345622119
0010 89.96050230414745
0010 90.09875115207373
1000 90.237
0100 90.51349769585252
1000 90.78999539170506
0100 90.92824423963133
0100 91.0664930875576
0001 91.20474193548387
1000 91.44667741935483
0100 91.6886129032258
0010 91.80958064516129
0001 92.05151612903225
1000 92.29345161290323
0010 92.4144193548387
0100 92.53538709677419
0010 92.65635483870967
0100 92.77732258064516
0001 92.89829032258064
1000 93.01925806451612
0001 93.14022580645161
0010 93.39829032258065
0100 93.65635483870967
0010 93.78538709677419
0010 93.91441935483871
1000 94.04345161290323
0001 94.30151612903225
0101 94.55958064516129
0100 94.81764516129032
0010 95.07570967741935
1000 95.31764516129032
1001 95.55958064516129
0001 95.80151612903225
0011 96.04345161290323
0110 96.28538709677419
0100 96.52732258064516
1000 96.64829032258065
0100 96.76925806451612
0010 96.89022580645161
0001 97.0111935483871
1000 97.28769124423964
0010 97.56418894009217
0100 97.70243778801843
0100 97.8406866359447
1000 97.97893548387097
0001 98.2554331797235
1000 98.53193087557604
0010 98.6701797235023
0010 98.80842857142858
0001 98.94667741935484
1000 99.1886129032258
0100 99.43054838709678
0010 99.55151612903227
0001 99.79345161290323
1000 100.0353870967742
0001 100.15635483870967
0100 100.27732258064516
0010 100.39829032258065
0100 100.51925806451614
0001 100.64022580645161
1000 100.7611935483871
0001 100.88216129032259
0010 101.14022580645162
0001 101.39829032258065
0010 101.52732258064516
0010 101.65635483870969
1000 101.7853870967742
0001 102.04345161290323
1001 102.30151612903227
1000 102.55958064516129
0100 102.81764516129032
0010 103.05958064516128
0011 103.30151612903225
0001 103.54345161290321
1001 103.78538709677419
1000 104.02732258064515
0001 104.26925806451612
1000 104.39022580645161
0010 104.51119354838708
0100 104.63216129032257
0001 104.75312903225806
0100 104.87409677419355
0100 104.99506451612902
1000 105.11603225806451
0100 105.237
0100 105.35796774193548
0001 105.47893548387096
1000 105.59990322580644
0001 105.72087096774193
0100 105.84183870967742
0010 105.96280645161289
0100 106.08377419354838
1000 106.20474193548387
0100 106.32570967741935
0010 106.44667741935483
0100 106.56764516129032
0001 106.6886129032258
0100 106.80958064516129
0100 106.93054838709676
1000 107.05151612903225
0100 107.17248387096774
0100 107.29345161290323
0001 107.4144193548387
1000 107.53538709677419
0001 107.65635483870967
0010 107.77732258064516
0100 107.89829032258064
0010 108.01925806451612
1000 108.14022580645161
0010 108.2611935483871
0100 108.38216129032257
0010 108.50312903225806
0001 108.62409677419355
0010 108.74506451612903
0010 108.86603225806451
1000 108.987
0010 109.10796774193548
0010 109.22893548387097
0001 109.34990322580644
1000 109.47087096774193
0001 109.59183870967742
0100 109.7128064516129
0010 109.83377419354838
0100 109.95474193548387
1000 110.07570967741935
0100 110.19667741935484
0010 110.31764516129032
0100 110.4386129032258
0001 110.55958064516129
0010 110.68054838709678
0010 110.80151612903225
1000 110.92248387096774
0010 111.04345161290323
0010 111.16441935483871
0001 111.28538709677419
1000 111.40635483870967
0001 111.52732258064516
0010 111.64829032258065
0100 111.76925806451612
0010 111.89022580645161
1000 112.0111935483871
0010 112.13216129032259
0100 112.25312903225806
0010 112.37409677419355
0001 112.49506451612903
0100 112.61603225806452
0100 112.737
1000 112.85796774193548
0010 112.97893548387097
0010 113.09990322580646
0001 113.22087096774193
1000 113.34183870967742
0001 113.4628064516129
0100 113.5837741935484
0010 113.70474193548387
0100 113.82570967741935
1000 113.94667741935484
0100 114.06764516129033
0010 114.1886129032258
0100 114.30958064516129
0001 114.43054838709678
0010 114.55151612903227
0010 114.67248387096774
1000 114.79345161290323
0100 114.91441935483871
0100 115.0353870967742
0001 115.15635483870967
1000 115.27732258064516
0001 115.39829032258065
0010 115.51925806451614
0100 115.64022580645161
0010 115.7611935483871
1000 115.88216129032259
0010 116.00312903225807
0100 116.12409677419355
0010 116.24506451612903
0001 116.36603225806451
0100 116.487
0100 116.60796774193547
1000 116.72893548387096
0010 116.84990322580644
0010 116.97087096774193
0001 117.0918387096774
1000 117.21280645161289
0001 117.33377419354838
0100 117.45474193548387
0010 117.57570967741934
0100 117.69667741935483
1000 117.81764516129032
0100 117.9386129032258
0010 118.05958064516128
0100 118.18054838709676
0001 118.30151612903225
1000 118.78538709677419
1100 119.02732258064515
0100 119.51119354838708
0120 119.75312903225806
0100 120.47893548387096
0001 120.72087096774193
0001 121.44667741935483
0130 121.6886129032258
0010 121.93054838709676
0001 122.05151612903225
1000 122.17248387096774
0001 122.65635483870967
0101 122.89829032258064
0100 123.38216129032257
0102 123.62409677419355
0100 124.34990322580644
0010 124.59183870967742
0013 125.31764516129032
0100 125.4386129032258
0010 125.55958064516129
0100 125.68054838709678
1100 126.04345161290323
1000 126.52732258064516
1001 126.76925806451612
0001 127.25312903225806
0201 127.49506451612903
0001 128.22087096774194
0010 128.4628064516129
0010 129.18861290322582
0301 129.43054838709676
1000 129.67248387096774
0100 129.79345161290323
0010 129.9144193548387
0001 130.39829032258064
0101 130.6402258064516
0100 131.12409677419356
0110 131.3660322580645
0110 131.60796774193548
1001 131.84990322580646
2002 132.09183870967743
3003 135.72087096774194
