TITLE Chemical Slave
BPM   150.0
NOTES
0101 5.800000000000001
1010 6.1000000000000005
1001 6.4
1000 6.800000000000001
1000 7.2
1000 7.6000000000000005
1100 7.800000000000001
1010 8.0
0010 8.4
0010 8.8
0010 9.2
1001 9.4
1100 9.600000000000001
0100 10.000000000000002
0110 10.200000000000001
0011 10.400000000000002
0001 10.8
1001 11.000000000000002
1100 11.200000000000001
0100 11.4
0010 11.500000000000002
0100 11.600000000000001
0110 11.8
0010 12.000000000000002
0001 12.200000000000001
1000 12.3
0100 12.400000000000002
0010 12.500000000000002
0001 12.600000000000001
1000 12.700000000000001
0001 12.8
0100 13.0
0010 13.200000000000001
1000 13.4
0001 13.5
0100 13.700000000000001
0010 13.9
1000 14.0
0001 14.100000000000001
1000 14.200000000000001
0100 14.3
1000 14.4
0010 14.613333333333333
1000 14.826666666666666
0010 15.040000000000001
0100 15.146666666666667
0001 15.253333333333334
0010 15.36
2000 15.466666666666667
3010 16.0
0100 16.2
0001 16.3
1000 16.4
0100 16.5
0010 16.7
0001 16.9
1000 17.1
0002 17.3
1003 17.6
0010 17.700000000000003
1000 17.8
0100 18.0
0010 18.1
0001 18.3
1000 18.5
0100 18.6
0010 18.700000000000003
0100 18.8
1000 18.900000000000002
0001 19.0
0100 19.1
0100 19.30666666666667
0001 19.520000000000003
1000 19.733333333333338
0010 19.840000000000003
0100 20.053333333333335
0001 20.26666666666667
0010 20.373333333333335
0100 20.480000000000004
1000 20.58666666666667
0001 20.693333333333335
1000 20.8
0010 20.900000000000002
0100 21.1
0001 21.400000000000002
1000 21.5
0001 21.6
1000 21.7
0200 21.900000000000002
0001 22.506666666666668
1000 22.613333333333337
0010 22.720000000000002
0100 22.826666666666668
0001 22.933333333333337
1000 23.040000000000003
0100 23.253333333333334
0010 23.46666666666667
0002 23.680000000000003
1000 23.78666666666667
1003 24.0
0010 24.1
0100 24.2
0010 24.3
1000 24.4
0001 24.466666666666665
1000 24.533333333333335
0001 24.6
1000 24.7
0010 24.8
0100 25.0
0001 25.1
1000 25.2
0001 25.3
0010 25.4
0100 25.5
1000 25.6
0010 25.700000000000003
0010 25.900000000000002
1000 26.0
0001 26.200000000000003
0100 26.3
0100 26.5
0010 26.6
1000 26.8
0001 26.900000000000002
1000 27.0
0010 27.200000000000003
0100 27.300000000000004
0100 27.500000000000004
0001 27.6
1000 27.800000000000004
0100 27.900000000000002
0100 28.1
0010 28.200000000000003
0001 28.400000000000002
0010 28.500000000000004
0100 28.6
1000 28.8
0001 28.900000000000002
0001 29.1
1000 29.2
0100 29.400000000000002
0010 29.5
0010 29.7
0001 29.8
1000 30.0
0010 30.1
0100 30.2
0001 30.400000000000002
1000 30.500000000000004
1000 30.700000000000003
0100 30.8
1000 31.000000000000004
0100 31.1
0100 31.3
0010 31.400000000000002
0001 31.6
1000 31.700000000000003
0010 31.8
0100 31.900000000000002
0010 32.0
1000 32.1
1000 32.3
0001 32.4
0010 32.6
0100 32.7
0100 32.9
1000 33.0
0001 33.2
0100 33.3
0001 33.4
1000 33.6
0010 33.7
0010 33.9
1000 34.0
0001 34.2
0010 34.300000000000004
0010 34.5
0100 34.6
0010 34.800000000000004
0001 34.9
0010 35.0
0001 35.2
1000 35.300000000000004
1000 35.5
0010 35.6
0100 35.800000000000004
0001 35.900000000000006
0001 36.1
0010 36.2
0100 36.400000000000006
1000 36.5
0001 36.6
1000 36.800000000000004
0010 36.900000000000006
0010 37.1
0100 37.2
0001 37.400000000000006
0100 37.50000000000001
0100 37.7
0010 37.800000000000004
1000 38.00000000000001
0001 38.1
1000 38.2
0001 38.400000000000006
0010 38.50000000000001
0100 38.60000000000001
0010 38.7
0001 38.800000000000004
1000 38.900000000000006
0100 39.00000000000001
1000 39.10000000000001
0001 39.2
0100 39.300000000000004
0010 39.400000000000006
0100 39.50000000000001
0001 39.60000000000001
1000 39.7
0010 39.800000000000004
0100 39.900000000000006
0001 40.0
1000 40.1
0100 40.2
0010 40.3
0100 40.4
1000 40.5
0100 40.6
0010 40.7
0001 40.8
1000 40.9
0010 41.0
0100 41.1
0001 41.2
1000 41.3
0001 41.4
0100 41.5
0001 41.6
0010 41.7
0100 41.800000000000004
1000 41.9
0100 42.0
0010 42.1
0001 42.2
0010 42.300000000000004
0001 42.4
0100 42.5
0010 42.6
1000 42.7
0001 42.800000000000004
0100 42.9
0010 43.0
0100 43.1
0001 43.2
1000 43.300000000000004
0100 43.400000000000006
0010 43.5
0100 43.6
1000 43.7
0100 43.800000000000004
0010 43.900000000000006
0001 44.0
1000 44.1
0010 44.2
0100 44.300000000000004
0001 44.400000000000006
0100 44.5
0010 44.6
0100 44.7
0001 44.800000000000004
1000 44.900000000000006
0100 45.00000000000001
0010 45.1
0001 45.2
1000 45.300000000000004
0100 45.400000000000006
0010 45.50000000000001
0001 45.6
0100 45.7
0010 45.800000000000004
0100 45.900000000000006
0001 46.00000000000001
1000 46.1
0010 46.2
0100 46.300000000000004
0001 46.400000000000006
1000 46.50000000000001
0100 46.60000000000001
1000 46.7
0001 46.800000000000004
0010 46.900000000000006
0001 47.00000000000001
0010 47.10000000000001
0001 47.2
0100 47.300000000000004
0010 47.400000000000006
1000 47.50000000000001
0001 47.60000000000001
1000 47.7
0010 47.800000000000004
0100 47.900000000000006
0001 48.0
1000 48.1
0100 48.2
0010 48.3
0001 48.4
0010 48.5
0100 48.6
1000 48.7
0001 48.8
0100 48.9
0010 49.0
0100 49.1
0001 49.2
1000 49.3
0010 49.4
1000 49.5
0002 49.6
0200 50.285714285714285
0303 50.971428571428575
1010 51.2
1000 51.400000000000006
0001 51.6
0100 51.800000000000004
0010 51.900000000000006
1000 52.1
0001 52.2
0010 52.300000000000004
0100 52.400000000000006
0010 52.5
0001 52.6
0010 52.7
0001 52.800000000000004
1000 52.900000000000006
0100 53.00000000000001
1000 53.1
0001 53.2
0100 53.400000000000006
0010 53.50000000000001
1000 53.7
0001 53.800000000000004
0010 53.900000000000006
0100 54.00000000000001
1000 54.1
0010 54.2
0100 54.300000000000004
0001 54.400000000000006
1000 54.60000000000001
0010 54.7
0100 54.800000000000004
0001 54.900000000000006
1000 55.00000000000001
0100 55.10000000000001
1000 55.2
0001 55.300000000000004
0010 55.400000000000006
0100 55.50000000000001
1000 55.60000000000001
0100 55.7
1000 55.800000000000004
0001 56.0
0100 56.1
0010 56.2
1000 56.3
0001 56.4
1000 56.5
0100 56.7
0011 56.9
1001 57.1
1010 57.4
1001 57.6
0001 57.800000000000004
0100 58.0
0001 58.2
0100 58.300000000000004
0010 58.5
0100 58.6
0001 58.7
1000 58.800000000000004
0100 58.9
0010 59.0
0001 59.1
1000 59.2
0001 59.300000000000004
0010 59.400000000000006
0001 59.5
1000 59.6
0010 59.800000000000004
0100 59.900000000000006
0001 60.0
1000 60.1
0100 60.2
0010 60.300000000000004
0001 60.400000000000006
1000 60.800000000000004
0001 61.00000000000001
0100 61.1
0010 61.2
1000 61.300000000000004
0001 61.50000000000001
1000 61.7
0100 61.900000000000006
0010 62.00000000000001
0001 62.1
1000 62.2
0001 62.400000000000006
0010 62.506666666666675
0001 62.61333333333334
1000 62.720000000000006
0010 62.826666666666675
1000 62.93333333333334
0001 63.040000000000006
0010 63.146666666666675
0100 63.25333333333334
1000 63.36000000000001
0010 63.466666666666676
0100 63.57333333333334
0010 63.68000000000001
0100 63.786666666666676
1000 63.89333333333334
0001 64.0
1000 64.1
0010 64.2
0100 64.4
0001 64.6
1000 64.7
0010 64.8
1000 64.9
0001 65.0
1000 65.1
0100 65.2
0010 65.3
0001 65.4
1000 65.5
0001 65.60000000000001
0100 65.7
0010 65.80000000000001
1000 65.9
0100 66.00000000000001
1000 66.10000000000001
0001 66.2
0100 66.30000000000001
0010 66.4
1000 66.50000000000001
0001 66.60000000000001
0010 66.7
0100 66.80000000000001
1000 66.9
0100 67.00000000000001
0010 67.10000000000001
0001 67.2
0100 67.3
0010 67.4
1000 67.5
0001 67.60000000000001
1000 67.7
0010 67.9
0100 68.10000000000001
0001 68.2
1000 68.3
0001 68.4
0010 68.5
0100 68.60000000000001
1000 68.8
0001 68.90666666666667
0100 69.01333333333334
0010 69.22666666666666
1000 69.33333333333333
0001 69.44
1000 69.54666666666667
1001 69.75999999999999
1010 69.97333333333333
1001 70.4
1000 70.60000000000001
0100 70.7
0010 70.80000000000001
0001 70.9
1000 71.0
0001 71.10000000000001
0100 71.30000000000001
0010 71.4
1000 71.5
0100 71.60000000000001
0010 71.7
0100 71.80000000000001
1000 71.9
0001 72.0
0100 72.1
0010 72.2
1000 72.4
0001 72.5
0100 72.6
0001 72.7
1000 72.8
0001 72.9
0010 73.0
0001 73.1
1000 73.2
0100 73.3
0010 73.4
0001 73.5
1000 73.60000000000001
0010 73.7
0100 73.80000000000001
0001 73.9
1000 74.00000000000001
0010 74.10000000000001
0100 74.30000000000001
0001 74.50000000000001
0010 74.60000000000001
0100 74.7
1000 74.80000000000001
0100 74.9
0010 75.00000000000001
0001 75.10000000000001
1000 75.2
0001 75.3
1000 75.4
0010 75.5
1000 75.60000000000001
0001 75.7
1000 75.8
0010 75.9
1000 76.0
0100 76.10000000000001
1000 76.2
0100 76.3
1000 76.4
0100 76.5
1000 76.60000000000001
0100 76.7
1000 76.80000000000001
0001 77.00000000000001
1000 77.20000000000002
0100 77.4
1000 77.50000000000001
0001 77.70000000000002
0100 77.9
0010 78.00000000000001
1000 78.10000000000001
0001 78.20000000000002
0010 78.30000000000001
0010 78.50666666666667
0001 78.72
1000 78.93333333333334
0001 79.04
0100 79.14666666666668
0001 79.25333333333334
1000 79.36
0020 79.46666666666667
0001 80.10666666666667
1000 80.21333333333334
0001 80.32
1000 80.42666666666666
0100 80.64
0010 80.85333333333334
0100 81.06666666666666
2000 81.28
3001 81.60000000000001
0100 81.70666666666668
0010 81.81333333333335
0100 82.02666666666667
0001 82.13333333333334
1000 82.34666666666668
0100 82.56
1000 82.66666666666667
0100 82.77333333333334
1000 82.88000000000001
0001 82.98666666666668
0100 83.09333333333335
1000 83.2
0010 83.4
1000 83.60000000000001
0100 83.8
0010 83.9
0100 84.10000000000001
1000 84.3
0001 84.4
0100 84.5
0001 84.60000000000001
1000 84.7
0100 84.80000000000001
0010 84.9
0100 85.10000000000001
1000 85.4
0001 85.50000000000001
0010 85.60000000000001
0001 85.70000000000002
2000 85.9
3100 86.4
1000 86.60000000000001
0001 86.7
1000 86.80000000000001
0100 86.9
0010 87.0
0100 87.10000000000001
1000 87.30000000000001
0010 87.5
2000 87.7
0001 87.80000000000001
3001 88.0
0100 88.1
0001 88.2
1000 88.3
0100 88.4
1000 88.46666666666667
0100 88.53333333333333
1000 88.6
0001 88.7
0100 88.8
0001 89.0
1000 89.1
0010 89.2
1000 89.3
0010 89.4
0100 89.5
0001 89.60000000000001
0101 90.2
1100 90.4
0011 90.60000000000001
1010 90.80000000000001
2002 91.2
3003 92.80000000000001
