TITLE Cheryl
BPM   96.0
NOTES
08 10.0
01 10.15625
04 10.3125
05 10.625
01 10.9375
02 11.25
04 11.40625
08 11.5625
09 11.875
01 12.1875
04 12.5
02 12.65625
08 12.8125
12 13.125
04 13.4375
02 13.75
01 13.90625
08 14.0625
09 14.375
01 14.6875
04 15.0
02 15.15625
04 15.3125
05 15.625
01 15.9375
02 16.25
04 16.40625
08 16.5625
09 16.875
01 17.1875
04 17.5
02 17.65625
08 17.8125
12 18.125
04 18.4375
02 18.75
09 19.375
09 20.0
01 20.3125
03 20.625
02 21.5625
04 21.770833333333332
08 21.875
01 22.083333333333332
08 22.395833333333332
02 22.5
08 22.708333333333332
02 22.8125
05 23.125
09 23.645833333333332
08 23.854166666666668
02 23.958333333333332
04 24.0625
01 24.270833333333332
08 24.375
04 24.583333333333332
02 24.6875
01 25.0
01 25.416666666666668
05 25.625
04 25.833333333333332
10 26.145833333333332
08 26.40625
01 26.458333333333332
08 26.510416666666668
01 26.5625
02 26.770833333333332
04 26.875
08 27.395833333333332
01 27.5
08 27.708333333333332
01 27.8125
03 28.125
06 28.645833333333332
04 28.854166666666668
08 28.958333333333332
01 29.0625
08 29.270833333333332
04 29.375
06 29.6875
03 30.0
01 30.3125
09 30.625
08 30.9375
08 31.25
02 31.5625
04 31.770833333333332
01 31.875
08 32.083333333333336
02 32.395833333333336
04 32.5
02 32.708333333333336
04 32.8125
05 33.125
01 33.4375
08 33.645833333333336
02 33.854166666666664
04 33.958333333333336
01 34.0625
02 34.270833333333336
04 34.375
02 34.583333333333336
01 34.6875
08 35.0
08 35.416666666666664
10 35.625
04 35.833333333333336
09 36.145833333333336
01 36.40625
04 36.458333333333336
01 36.510416666666664
04 36.5625
01 36.770833333333336
08 36.875
02 37.1875
08 37.395833333333336
01 37.5
08 37.708333333333336
01 37.8125
12 38.125
04 38.4375
02 38.645833333333336
01 38.854166666666664
08 38.958333333333336
01 39.0625
08 39.270833333333336
02 39.375
08 39.583333333333336
01 39.6875
09 40.0
12 40.625
06 40.9375
01 41.145833333333336
02 41.25
06 41.5625
02 41.770833333333336
01 41.875
08 42.083333333333336
01 42.1875
08 42.395833333333336
02 42.5
06 43.125
05 43.4375
08 43.541666666666664
01 43.645833333333336
04 43.75
06 44.0625
08 44.270833333333336
01 44.375
08 44.583333333333336
04 44.6875
02 44.895833333333336
01 45.0
08 45.416666666666664
08 45.520833333333336
09 45.625
10 45.833333333333336
02 46.041666666666664
04 46.145833333333336
01 46.25
09 46.875
04 47.083333333333336
02 47.1875
01 47.395833333333336
08 47.5
08 47.708333333333336
01 47.8125
02 47.916666666666664
02 48.125
02 48.333333333333336
04 48.541666666666664
08 48.645833333333336
01 48.75
01 48.958333333333336
08 49.0625
02 49.166666666666664
04 49.375
04 49.583333333333336
04 49.791666666666664
05 50.0
09 50.625
12 50.9375
02 51.145833333333336
04 51.25
12 51.5625
01 51.770833333333336
04 51.875
02 52.083333333333336
08 52.1875
01 52.395833333333336
08 52.5
12 53.125
06 53.4375
01 53.541666666666664
08 53.645833333333336
02 53.75
10 54.0625
01 54.270833333333336
02 54.375
01 54.583333333333336
08 54.6875
02 54.895833333333336
08 55.0
02 55.416666666666664
02 55.520833333333336
10 55.625
10 55.833333333333336
08 56.041666666666664
04 56.145833333333336
02 56.25
02 56.458333333333336
02 56.770833333333336
01 57.083333333333336
08 57.1875
02 57.395833333333336
08 57.5
01 57.604166666666664
08 57.708333333333336
02 57.8125
04 57.916666666666664
02 58.020833333333336
08 58.125
12 58.333333333333336
06 58.541666666666664
03 58.75
08 58.854166666666664
01 58.958333333333336
04 59.0625
02 59.270833333333336
08 59.375
09 60.0
02 60.3125
04 60.46875
12 60.625
08 60.9375
01 61.25
04 61.5625
02 61.71875
10 61.875
08 62.1875
01 62.5
02 62.8125
04 62.96875
12 63.125
08 63.4375
01 63.75
04 64.0625
02 64.21875
10 64.375
08 64.6875
01 65.0
04 65.3125
01 65.46875
05 65.625
04 65.9375
02 66.25
08 66.5625
04 66.71875
06 66.875
02 67.1875
01 67.5
08 67.8125
12 68.125
01 68.4375
02 68.75
01 69.0625
05 69.375
08 69.6875
01 70.0
02 70.3125
04 70.46875
12 70.625
08 70.9375
01 71.25
04 71.5625
02 71.71875
06 71.875
04 72.1875
01 72.5
02 72.8125
04 72.96875
12 73.125
08 73.4375
01 73.75
04 74.0625
02 74.21875
10 74.375
08 74.6875
01 75.0
02 75.3125
01 75.46875
09 75.625
08 75.9375
02 76.25
04 76.5625
01 76.71875
05 76.875
04 77.1875
02 77.5
08 77.85714285714286
09 78.21428571428571
01 78.57142857142857
08 78.92857142857143
09 79.28571428571429
09 80.0
01 80.3125
05 80.625
04 81.5625
01 81.77083333333333
08 81.875
04 82.08333333333333
02 82.39583333333333
01 82.5
08 82.70833333333333
02 82.8125
04 82.91666666666667
01 83.02083333333333
04 83.125
01 83.33333333333333
08 83.54166666666667
04 83.64583333333333
08 83.85416666666667
01 83.95833333333333
02 84.0625
04 84.27083333333333
08 84.375
02 84.58333333333333
04 84.6875
02 85.0
08 85.41666666666667
12 85.625
04 85.83333333333333
04 86.04166666666667
08 86.14583333333333
02 86.40625
08 86.45833333333333
02 86.51041666666667
08 86.5625
01 86.77083333333333
02 86.875
04 87.39583333333333
02 87.5
01 87.70833333333333
08 87.8125
01 87.86458333333333
01 88.02083333333333
04 88.125
06 88.64583333333333
02 88.85416666666667
08 88.95833333333333
04 89.0625
02 89.27083333333333
04 89.375
12 90.0
08 90.20833333333333
01 90.3125
05 90.625
04 91.5625
01 91.77083333333333
08 91.875
04 91.97916666666667
02 92.13541666666667
01 92.29166666666667
02 92.34375
01 92.5
08 92.70833333333333
02 92.8125
08 93.125
12 93.28125
06 93.4375
01 93.54166666666667
08 93.64583333333333
02 93.85416666666667
08 93.95833333333333
01 94.0625
08 94.27083333333333
01 94.375
08 94.58333333333333
02 94.6875
08 95.0
08 95.41666666666667
12 95.625
04 95.83333333333333
10 96.14583333333333
08 96.40625
01 96.45833333333333
08 96.51041666666667
01 96.5625
02 96.77083333333333
01 96.875
02 97.39583333333333
01 97.5
08 97.60416666666667
01 97.65625
08 97.76041666666667
04 97.890625
02 97.96875
04 98.125
12 98.64583333333333
02 98.85416666666667
04 98.95833333333333
01 99.0625
09 99.21875
04 99.375
04 99.89583333333333
12 100.0
08 100.3125
10 100.625
02 100.9375
02 101.25
08 101.5625
02 101.77083333333333
04 101.875
02 102.08333333333333
08 102.39583333333333
04 102.5
08 102.70833333333333
04 102.8125
06 103.125
02 103.4375
01 103.64583333333333
08 103.85416666666667
02 103.95833333333333
04 104.0625
01 104.27083333333333
02 104.375
01 104.58333333333333
08 104.6875
02 105.0
02 105.41666666666667
06 105.625
04 105.83333333333333
09 106.14583333333333
08 106.40625
01 106.45833333333333
08 106.51041666666667
01 106.5625
02 106.77083333333333
04 106.875
08 107.1875
01 107.39583333333333
04 107.5
02 107.70833333333333
08 107.8125
05 108.125
04 108.4375
02 108.64583333333333
08 108.85416666666667
04 108.95833333333333
02 109.0625
01 109.27083333333333
04 109.375
02 109.58333333333333
08 109.6875
09 110.0
01 110.3125
05 110.625
04 110.9375
04 111.25
01 111.5625
04 111.77083333333333
02 111.875
04 112.08333333333333
01 112.39583333333333
02 112.5
01 112.70833333333333
02 112.8125
06 113.125
04 113.4375
08 113.64583333333333
01 113.85416666666667
04 113.95833333333333
02 114.0625
08 114.27083333333333
04 114.375
08 114.58333333333333
01 114.6875
04 115.0
04 115.41666666666667
06 115.625
02 115.83333333333333
09 116.14583333333333
01 116.40625
08 116.45833333333333
01 116.51041666666667
08 116.5625
04 116.77083333333333
02 116.875
01 117.1875
08 117.39583333333333
02 117.5
04 117.70833333333333
01 117.8125
10 118.125
02 118.4375
04 118.64583333333333
01 118.85416666666667
02 118.95833333333333
04 119.0625
08 119.27083333333333
02 119.375
