TITLE Common World Domination
BPM   150.0
NOTES
0001 6.000000000000001
0010 6.1000000000000005
0100 6.200000000000001
1000 6.300000000000001
0001 6.4
0100 6.7
0010 6.800000000000001
1000 6.866666666666667
0001 6.933333333333334
1000 7.0
0100 7.1000000000000005
0010 7.4
0001 7.5
1000 7.6000000000000005
0001 7.7
0100 7.800000000000001
0010 8.0
1000 8.3
0100 8.6
0010 8.7
0001 8.8
1000 9.0
0010 9.1
0100 9.2
0001 9.3
0100 9.4
0010 9.600000000000001
1000 9.900000000000002
0100 10.000000000000002
0010 10.066666666666668
0001 10.133333333333335
1000 10.200000000000001
0010 10.3
0100 10.600000000000001
0001 10.700000000000001
1000 10.8
0100 10.900000000000002
0010 11.000000000000002
0100 11.100000000000001
2000 11.200000000000001
3001 11.8
0100 11.9
0010 12.100000000000001
1000 12.3
0001 12.400000000000002
0010 12.500000000000002
0001 12.600000000000001
1000 12.700000000000001
0010 12.8
0100 12.9
0001 13.0
1000 13.100000000000001
0100 13.200000000000001
0010 13.4
0001 13.600000000000001
1000 13.8
0010 13.9
1000 14.0
0001 14.100000000000001
1000 14.200000000000001
0100 14.4
0010 14.6
0001 14.700000000000001
1000 14.8
0010 15.0
1000 15.1
0010 15.200000000000001
0100 15.3
0001 15.4
1000 15.45
0001 15.5
1000 15.55
0001 15.600000000000001
0010 15.8
0100 16.0
1000 16.1
0100 16.2
0010 16.3
0001 16.4
1000 16.6
0010 16.8
0100 17.0
0001 17.1
1000 17.2
0100 17.3
0010 17.4
0001 17.6
1000 17.8
0010 17.900000000000002
1000 18.0
0001 18.200000000000003
0010 18.400000000000002
0100 18.6
0010 18.8
0001 18.900000000000002
1000 19.0
0001 19.1
0100 19.200000000000003
0010 19.300000000000004
1000 19.400000000000002
0001 19.500000000000004
1000 19.6
0100 19.800000000000004
0010 20.000000000000004
0001 20.200000000000003
1000 20.300000000000004
0001 20.400000000000002
0103 20.8
0010 20.900000000000002
1000 21.0
0001 21.1
1000 21.2
0100 21.400000000000002
0010 21.6
0001 21.8
1000 21.900000000000002
0010 22.0
0100 22.2
0001 22.25
0100 22.3
0001 22.35
0100 22.400000000000002
0010 22.500000000000004
1000 22.6
0001 22.700000000000003
1000 22.8
0100 23.000000000000004
0010 23.200000000000003
0001 23.400000000000002
0010 23.500000000000004
0100 23.6
1000 23.700000000000003
0001 23.8
1000 24.0
0010 24.1
0100 24.2
0001 24.3
1000 24.4
0010 24.5
0100 24.6
0001 24.7
1000 24.8
0100 24.9
1000 25.0
0100 25.1
0010 25.2
0001 25.3
0010 25.4
0001 25.5
2000 25.6
3020 25.900000000000002
0130 26.200000000000003
0002 26.400000000000002
0013 26.700000000000003
0100 26.8
1000 27.0
0002 27.200000000000003
0103 27.500000000000004
0010 27.6
1000 27.800000000000004
0001 28.000000000000004
0010 28.400000000000002
0100 28.6
1000 28.8
0001 29.2
0100 29.400000000000002
0010 29.6
0100 29.8
0001 30.0
1000 30.2
0200 30.400000000000002
0310 31.000000000000004
0002 31.200000000000003
2003 32.0
3010 32.3
0100 32.4
0001 32.6
0010 32.8
0100 32.9
0010 33.0
0100 33.1
1000 33.2
0001 33.4
0100 33.6
0010 33.9
1000 34.0
0001 34.2
0020 34.4
0130 34.800000000000004
1000 35.0
0001 35.2
1001 35.6
1000 35.800000000000004
0010 36.0
0110 36.400000000000006
0100 36.6
0101 36.800000000000004
0001 37.00000000000001
1001 37.2
1000 37.400000000000006
1100 37.6
0110 38.00000000000001
0010 38.400000000000006
0001 38.50000000000001
1000 38.60000000000001
0001 38.7
0100 38.800000000000004
0010 39.00000000000001
1000 39.10000000000001
0010 39.2
0100 39.300000000000004
0001 39.400000000000006
0010 39.60000000000001
0001 39.800000000000004
1000 40.0
0010 40.1
0100 40.2
0010 40.3
1000 40.4
0001 40.6
0010 40.7
0100 40.8
1000 40.9
0001 41.0
0100 41.2
0010 41.4
1000 41.6
0001 41.7
1000 41.800000000000004
0010 41.9
0100 42.0
0001 42.2
1000 42.300000000000004
0100 42.4
0010 42.5
0100 42.6
1000 42.800000000000004
0001 43.0
1000 43.2
0010 43.300000000000004
0100 43.400000000000006
0010 43.5
1000 43.6
0001 43.800000000000004
0010 43.900000000000006
0100 44.0
1000 44.2
0001 44.400000000000006
1003 44.800000000000004
0100 45.400000000000006
1000 45.6
0001 46.2
0101 46.400000000000006
0100 46.60000000000001
0110 46.800000000000004
1010 47.10000000000001
1100 47.400000000000006
1001 47.60000000000001
0001 47.800000000000004
0010 48.0
0100 48.2
1000 48.4
0001 48.6
0100 48.8
0010 49.2
1000 49.4
0001 49.6
1000 50.0
0010 50.300000000000004
0100 50.4
0001 50.6
1000 50.7
0001 50.800000000000004
1000 51.0
0001 51.1
0010 51.2
0100 51.42857142857143
0100 51.542857142857144
0001 51.77142857142857
1000 51.885714285714286
0010 52.0
0100 52.22857142857143
0100 52.34285714285715
1000 52.57142857142858
0001 52.68571428571429
0010 52.800000000000004
0100 53.04615384615385
0100 53.16923076923077
0010 53.41538461538462
0010 53.53846153846154
0100 53.78461538461539
0100 53.907692307692315
0001 54.15384615384616
1000 54.27692307692308
0010 54.400000000000006
0100 54.64615384615385
0100 54.769230769230774
1000 55.01538461538462
0001 55.13846153846154
0010 55.261538461538464
0100 55.50769230769232
0100 55.63076923076924
0010 55.876923076923084
0010 56.0
0100 56.21333333333333
0100 56.32
0001 56.53333333333333
1000 56.74666666666667
0010 56.96
0100 57.06666666666667
0010 57.17333333333333
1000 57.38666666666667
0100 57.6
0010 57.82857142857143
0010 57.94285714285714
1000 58.17142857142857
0100 58.4
0010 58.62857142857143
0010 58.74285714285715
1000 58.971428571428575
0001 59.08571428571429
0100 59.2
0010 59.400000000000006
1000 59.6
1000 59.800000000000004
1000 60.0
1001 60.2
1001 60.400000000000006
0001 60.6
0100 60.7
0010 60.800000000000004
1010 61.2
1000 61.400000000000006
0001 61.50000000000001
0100 61.6
0110 62.00000000000001
0010 62.2
1000 62.300000000000004
0001 62.400000000000006
0101 62.66666666666667
1010 62.93333333333334
1100 63.2
1000 63.800000000000004
0100 63.900000000000006
0010 64.0
0001 64.2
1000 64.3
0001 64.4
0101 64.6
0100 64.8
0010 64.9
1000 65.0
0100 65.2
0010 65.3
0001 65.4
1001 65.60000000000001
1000 65.80000000000001
0010 65.9
0100 66.00000000000001
0101 66.2
0001 66.4
0010 66.50000000000001
0100 66.60000000000001
0010 66.80000000000001
0001 66.9
1000 67.00000000000001
1001 67.2
0001 67.4
0100 67.5
0010 67.60000000000001
1010 67.8
1000 68.0
0100 68.10000000000001
0010 68.2
0001 68.4
1000 68.5
0010 68.60000000000001
0110 68.8
0100 69.0
0001 69.1
1000 69.2
0100 69.39999999999999
0010 69.6
0001 69.7
1000 69.8
0001 69.89999999999999
0100 70.0
0010 70.1
1000 70.2
0001 70.3
0010 70.4
1000 70.61333333333334
1000 70.82666666666667
0100 71.04
0010 71.14666666666668
0100 71.25333333333334
0001 71.46666666666667
0001 71.57333333333334
0010 71.78666666666668
0100 71.89333333333335
1000 72.0
0001 72.2
1000 72.4
1000 72.6
1000 72.8
1001 73.0
1001 73.2
0001 73.4
0100 73.5
0010 73.60000000000001
1010 74.00000000000001
1000 74.2
0100 74.30000000000001
0010 74.4
0011 74.80000000000001
0001 75.2
2000 75.4
3100 75.8
0010 76.0
0001 76.2
1000 76.4
0001 76.60000000000001
2000 76.80000000000001
3001 77.60000000000001
0100 77.70000000000002
0010 77.80000000000001
1000 77.9
0001 78.00000000000001
0010 78.20000000000002
0100 78.30000000000001
1000 78.4
0100 78.5
0010 78.60000000000001
0001 78.7
1000 78.80000000000001
0001 78.9
1000 79.0
0010 79.10000000000001
1000 79.2
0001 79.4
0100 79.5
0010 79.60000000000001
1000 79.80000000000001
0001 79.9
0010 80.0
0100 80.1
1000 80.2
0001 80.25
1000 80.3
0001 80.35
1000 80.4
0010 80.6
0100 80.8
0001 80.9
1000 81.0
0100 81.1
0010 81.2
0001 81.4
1000 81.60000000000001
0010 81.80000000000001
0100 81.9
0001 82.00000000000001
0100 82.10000000000001
0010 82.2
1000 82.4
0001 82.60000000000001
0010 82.7
0100 82.80000000000001
0010 83.00000000000001
0001 83.2
1000 83.4
0010 83.60000000000001
0100 83.7
0010 83.8
1000 83.9
0001 84.0
0010 84.10000000000001
0100 84.2
0010 84.3
0001 84.4
1000 84.60000000000001
0010 84.80000000000001
0100 85.00000000000001
0001 85.10000000000001
1000 85.20000000000002
3001 85.60000000000001
0010 85.70000000000002
0100 85.80000000000001
0010 85.9
0100 86.00000000000001
1000 86.20000000000002
0001 86.4
0100 86.60000000000001
0010 86.7
1000 86.80000000000001
0001 87.0
0100 87.05000000000001
0001 87.10000000000001
0100 87.15
0001 87.2
1000 87.30000000000001
0100 87.4
0010 87.5
0001 87.60000000000001
0100 87.80000000000001
0010 88.0
1000 88.2
0001 88.3
1000 88.4
0100 88.5
0010 88.6
0011 88.8
1001 89.1
1010 89.4
0110 89.7
0101 90.00000000000001
0110 90.2
2002 90.80000000000001
3003 95.2
