TITLE Contact Explosive
BPM   210.0
NOTES
01 2.2857142857142856
02 2.357142857142857
01 2.4285714285714284
02 2.5
04 2.571428571428571
08 2.642857142857143
04 2.714285714285714
02 2.7857142857142856
01 2.8571428571428568
08 2.9285714285714284
01 3.0
02 3.071428571428571
04 3.142857142857143
08 3.2142857142857144
01 3.2857142857142856
02 3.3571428571428568
01 3.4285714285714284
08 3.5
02 3.571428571428571
04 3.642857142857143
01 3.714285714285714
04 3.7857142857142856
02 3.8571428571428568
04 3.9285714285714284
01 4.0
08 4.071428571428571
01 4.142857142857142
04 4.2142857142857135
02 4.285714285714286
08 4.357142857142857
01 4.428571428571429
04 4.5
01 4.571428571428571
08 4.714285714285714
02 4.857142857142857
04 5.0
01 5.142857142857142
08 5.285714285714286
09 5.428571428571428
01 5.571428571428571
04 5.7142857142857135
02 5.857142857142857
04 5.999999999999999
01 6.142857142857142
08 6.285714285714285
01 6.428571428571428
02 6.499999999999999
04 6.57142857142857
08 6.642857142857142
01 6.7142857142857135
08 6.857142857142857
04 7.0
08 7.142857142857142
01 7.285714285714286
04 7.428571428571428
02 7.571428571428571
10 7.7142857142857135
08 7.857142857142857
01 8.0
04 8.142857142857142
02 8.285714285714286
08 8.428571428571429
01 8.571428571428571
02 8.714285714285714
04 8.785714285714285
02 8.857142857142858
01 8.928571428571429
08 9.0
09 9.142857142857142
01 9.285714285714285
04 9.428571428571429
01 9.571428571428571
08 9.714285714285714
04 9.857142857142856
06 10.0
02 10.142857142857142
01 10.285714285714285
08 10.428571428571427
02 10.571428571428571
04 10.714285714285714
02 10.857142857142856
08 10.999999999999998
01 11.07142857142857
08 11.142857142857142
04 11.214285714285714
02 11.285714285714285
01 11.428571428571427
02 11.57142857142857
01 11.714285714285714
08 11.857142857142856
02 11.999999999999998
04 12.14285714285714
05 12.285714285714285
01 12.428571428571427
08 12.571428571428571
04 12.642857142857142
08 12.714285714285714
01 12.785714285714285
02 12.857142857142858
04 12.928571428571429
02 13.0
01 13.071428571428571
08 13.142857142857142
02 13.214285714285714
04 13.285714285714285
01 13.357142857142858
08 13.428571428571429
02 13.5
04 13.571428571428571
02 13.642857142857142
08 13.714285714285714
01 13.857142857142856
08 14.0
04 14.142857142857142
08 14.285714285714285
01 14.428571428571427
03 14.571428571428571
02 14.714285714285714
04 14.857142857142856
08 14.999999999999998
01 15.142857142857142
02 15.285714285714285
04 15.428571428571427
08 15.57142857142857
01 15.642857142857142
04 15.714285714285714
01 15.785714285714285
08 15.857142857142856
02 16.0
04 16.142857142857142
01 16.285714285714285
08 16.428571428571427
02 16.571428571428573
08 16.714285714285715
09 16.857142857142858
01 17.0
02 17.142857142857142
01 17.285714285714285
02 17.428571428571427
04 17.57142857142857
08 17.714285714285715
01 17.857142857142858
04 17.928571428571427
01 18.0
04 18.07142857142857
02 18.142857142857142
10 18.285714285714285
08 18.428571428571427
02 18.57142857142857
04 18.71428571428571
02 18.857142857142858
08 19.0
09 19.142857142857142
01 19.285714285714285
02 19.428571428571427
04 19.57142857142857
08 19.71428571428571
01 19.857142857142854
08 20.0
04 20.142857142857142
02 20.21428571428571
04 20.285714285714285
02 20.357142857142854
01 20.428571428571427
08 20.57142857142857
01 20.71428571428571
04 20.857142857142854
02 20.999999999999996
08 21.142857142857142
04 21.285714285714285
06 21.428571428571427
02 21.57142857142857
01 21.71428571428571
02 21.785714285714285
01 21.857142857142854
08 21.928571428571427
04 21.999999999999996
02 22.07142857142857
01 22.14285714285714
08 22.21428571428571
01 22.285714285714285
04 22.357142857142854
02 22.428571428571427
04 22.499999999999996
01 22.57142857142857
08 22.64285714285714
01 22.71428571428571
04 22.785714285714285
02 22.857142857142854
02 22.938775510204078
01 23.10204081632653
08 23.265306122448976
04 23.428571428571427
04 23.51020408163265
01 23.673469387755098
08 23.83673469387755
02 24.0
02 24.081632653061224
04 24.244897959183675
08 24.408163265306122
02 24.571428571428573
02 24.653061224489797
01 24.816326530612244
08 24.979591836734695
02 25.06122448979592
04 25.142857142857142
04 25.224489795918366
08 25.387755102040817
02 25.551020408163264
04 25.714285714285715
04 25.79591836734694
08 25.959183673469386
04 26.122448979591837
02 26.285714285714285
02 26.373626373626372
08 26.549450549450547
01 26.725274725274723
04 26.9010989010989
04 26.98901098901099
02 27.164835164835164
02 27.252747252747252
04 27.428571428571427
04 27.51020408163265
08 27.6734693877551
01 27.83673469387755
02 28.0
02 28.081632653061224
08 28.24489795918367
01 28.408163265306122
02 28.57142857142857
02 28.653061224489793
04 28.816326530612244
01 28.97959183673469
04 29.142857142857142
04 29.224489795918366
08 29.387755102040813
01 29.551020408163264
04 29.632653061224488
02 29.71428571428571
02 29.795918367346935
01 29.959183673469386
08 30.122448979591834
04 30.285714285714285
04 30.36734693877551
01 30.530612244897956
08 30.693877551020407
02 30.77551020408163
04 30.857142857142854
04 30.94505494505494
08 31.120879120879117
02 31.47252747252747
02 31.56043956043956
01 31.648351648351646
04 31.736263736263734
04 31.82417582417582
02 32.0
02 32.08163265306123
08 32.244897959183675
01 32.40816326530612
04 32.57142857142857
04 32.6530612244898
08 32.816326530612244
04 32.97959183673469
02 33.14285714285714
02 33.224489795918366
08 33.38775510204081
01 33.55102040816326
04 33.71428571428571
04 33.795918367346935
02 33.95918367346938
01 34.12244897959183
08 34.20408163265306
02 34.285714285714285
02 34.36734693877551
01 34.53061224489796
08 34.69387755102041
04 34.857142857142854
04 34.93877551020408
02 35.10204081632653
08 35.265306122448976
02 35.42857142857142
02 35.51648351648351
04 35.692307692307686
08 35.86813186813186
02 36.04395604395604
02 36.131868131868124
04 36.3076923076923
04 36.39560439560439
02 36.57142857142857
02 36.6530612244898
01 36.816326530612244
08 36.97959183673469
04 37.14285714285714
04 37.224489795918366
02 37.38775510204081
08 37.55102040816326
02 37.714285714285715
02 37.79591836734694
01 37.95918367346939
08 38.12244897959184
02 38.285714285714285
02 38.36734693877551
01 38.53061224489796
08 38.69387755102041
01 38.775510204081634
04 38.857142857142854
04 38.93877551020408
02 39.10204081632653
01 39.265306122448976
04 39.42857142857142
04 39.51020408163265
08 39.6734693877551
01 39.836734693877546
08 39.91836734693877
01 40.0
02 40.07142857142857
01 40.142857142857146
08 40.214285714285715
04 40.285714285714285
02 40.357142857142854
04 40.42857142857143
08 40.5
01 40.57142857142857
04 40.642857142857146
02 40.714285714285715
04 40.785714285714285
01 40.857142857142854
08 40.92857142857143
02 41.0
08 41.07142857142857
01 41.14285714285714
02 41.285714285714285
01 41.42857142857142
08 41.57142857142857
04 41.71428571428571
08 41.857142857142854
10 41.99999999999999
02 42.14285714285714
04 42.285714285714285
01 42.42857142857143
08 42.57142857142857
04 42.714285714285715
02 42.857142857142854
01 43.0
08 43.07142857142857
02 43.14285714285714
08 43.214285714285715
02 43.285714285714285
04 43.42857142857142
02 43.57142857142857
08 43.71428571428571
04 43.857142857142854
02 43.99999999999999
01 44.14285714285714
03 44.28571428571428
02 44.42857142857142
04 44.57142857142857
08 44.714285714285715
01 44.857142857142854
04 45.0
01 45.14285714285714
04 45.285714285714285
02 45.357142857142854
08 45.42857142857142
01 45.5
04 45.57142857142857
05 45.71428571428571
01 45.857142857142854
08 45.99999999999999
02 46.14285714285714
04 46.28571428571428
01 46.42857142857142
05 46.57142857142856
04 46.71428571428571
01 46.857142857142854
02 47.0
01 47.14285714285714
02 47.285714285714285
04 47.42857142857142
08 47.57142857142857
01 47.64285714285714
08 47.71428571428571
02 47.785714285714285
04 47.857142857142854
01 48.0
04 48.142857142857146
02 48.285714285714285
04 48.42857142857143
01 48.57142857142857
08 48.714285714285715
12 48.857142857142854
04 49.0
08 49.14285714285714
04 49.21428571428571
02 49.285714285714285
01 49.357142857142854
08 49.42857142857142
04 49.49999999999999
02 49.57142857142857
04 49.64285714285714
08 49.71428571428571
01 49.785714285714285
04 49.857142857142854
02 49.92857142857142
08 49.99999999999999
02 50.07142857142857
08 50.14285714285714
01 50.21428571428571
04 50.285714285714285
01 50.42857142857143
02 50.57142857142857
04 50.714285714285715
02 50.857142857142854
01 51.0
05 51.14285714285714
04 51.285714285714285
02 51.42857142857142
08 51.57142857142857
01 51.71428571428571
08 51.857142857142854
02 51.99999999999999
08 52.14285714285714
04 52.21428571428571
02 52.28571428571428
04 52.357142857142854
08 52.42857142857142
01 52.57142857142857
04 52.714285714285715
02 52.857142857142854
08 53.0
01 53.14285714285714
08 53.285714285714285
12 53.42857142857142
04 53.57142857142857
02 53.71428571428571
01 53.857142857142854
04 53.99999999999999
02 54.14285714285714
08 54.28571428571428
01 54.42857142857142
08 54.49999999999999
04 54.57142857142856
02 54.64285714285714
04 54.71428571428571
12 54.857142857142854
08 55.0
01 55.14285714285714
04 55.285714285714285
01 55.42857142857142
08 55.57142857142857
12 55.71428571428571
04 55.857142857142854
02 56.0
01 56.142857142857146
08 56.285714285714285
02 56.42857142857143
08 56.57142857142857
01 56.714285714285715
04 56.785714285714285
02 56.857142857142854
04 56.92857142857143
02 57.0
08 57.14285714285714
01 57.285714285714285
08 57.42857142857142
04 57.57142857142857
02 57.71428571428571
04 57.857142857142854
12 57.99999999999999
08 58.14285714285714
01 58.285714285714285
08 58.357142857142854
01 58.42857142857143
02 58.5
04 58.57142857142857
08 58.64285714285714
01 58.714285714285715
02 58.785714285714285
01 58.857142857142854
08 58.92857142857143
02 59.0
08 59.07142857142857
02 59.14285714285714
04 59.214285714285715
01 59.285714285714285
08 59.357142857142854
01 59.42857142857142
09 59.71428571428571
10 59.99999999999999
04 60.28571428571428
05 60.42857142857142
05 60.714285714285715
05 60.857142857142854
03 61.14285714285714
06 61.42857142857142
12 61.71428571428571
09 61.99999999999999
05 62.28571428571428
02 62.57142857142856
10 62.71428571428571
10 63.0
10 63.14285714285714
12 63.42857142857142
06 63.71428571428571
03 64.0
09 64.28571428571429
12 64.57142857142857
02 64.85714285714286
03 65.0
03 65.28571428571428
03 65.42857142857143
09 65.71428571428571
10 66.0
10 66.28571428571428
09 66.57142857142857
03 66.85714285714285
04 67.14285714285714
12 67.42857142857143
09 67.71428571428572
04 68.0
02 68.28571428571429
08 68.57142857142857
09 68.85714285714286
05 69.14285714285714
02 69.42857142857143
10 69.57142857142857
10 69.85714285714285
10 70.0
12 70.28571428571428
06 70.57142857142857
03 70.85714285714285
09 71.14285714285714
10 71.42857142857142
04 71.71428571428571
05 71.85714285714285
05 72.14285714285714
05 72.28571428571429
03 72.57142857142857
06 72.85714285714286
12 73.14285714285714
09 73.42857142857143
03 73.71428571428571
04 74.0
12 74.14285714285714
12 74.42857142857142
12 74.57142857142857
09 74.85714285714285
05 75.14285714285714
05 75.42857142857143
08 75.57142857142857
01 75.71428571428572
08 75.85714285714286
04 76.0
02 76.14285714285714
01 76.28571428571429
02 76.42857142857143
01 76.57142857142857
01 76.71428571428571
08 76.85714285714286
08 77.0
01 77.14285714285714
04 77.21428571428571
02 77.28571428571428
08 77.35714285714286
01 77.42857142857143
02 77.5
04 77.57142857142857
08 77.64285714285714
01 77.71428571428571
08 77.85714285714285
01 78.0
04 78.14285714285714
02 78.28571428571428
08 78.42857142857142
12 78.57142857142857
04 78.71428571428571
02 78.85714285714285
01 78.99999999999999
08 79.14285714285714
02 79.28571428571428
08 79.42857142857142
01 79.57142857142856
08 79.64285714285714
02 79.71428571428571
04 79.78571428571428
01 79.85714285714285
08 80.0
02 80.14285714285714
04 80.28571428571429
01 80.42857142857143
02 80.57142857142857
04 80.71428571428571
12 80.85714285714286
08 81.0
04 81.14285714285714
02 81.28571428571428
01 81.42857142857143
08 81.57142857142857
01 81.71428571428571
04 81.85714285714285
02 81.92857142857143
04 82.0
01 82.07142857142857
08 82.14285714285714
10 82.28571428571428
02 82.42857142857142
04 82.57142857142857
01 82.71428571428571
02 82.85714285714285
04 82.99999999999999
12 83.14285714285714
08 83.28571428571428
01 83.42857142857143
08 83.57142857142857
01 83.71428571428572
02 83.85714285714286
04 84.0
02 84.14285714285714
01 84.21428571428572
08 84.28571428571429
02 84.35714285714286
04 84.42857142857143
02 84.57142857142857
08 84.71428571428571
01 84.85714285714286
02 85.0
04 85.14285714285714
08 85.28571428571428
12 85.42857142857143
04 85.57142857142857
08 85.71428571428571
01 85.78571428571428
02 85.85714285714285
01 85.92857142857142
08 86.0
04 86.07142857142857
02 86.14285714285714
04 86.21428571428571
08 86.28571428571428
01 86.35714285714285
04 86.42857142857142
02 86.5
08 86.57142857142857
01 86.64285714285714
04 86.71428571428571
02 86.78571428571428
08 86.85714285714285
01 86.99999999999999
04 87.14285714285714
02 87.28571428571428
08 87.42857142857142
01 87.57142857142856
09 87.71428571428571
08 87.85714285714285
02 88.0
08 88.14285714285714
04 88.28571428571429
02 88.42857142857143
04 88.57142857142857
08 88.71428571428571
02 88.78571428571429
04 88.85714285714286
02 88.92857142857143
08 89.0
01 89.14285714285714
04 89.28571428571428
02 89.42857142857143
04 89.57142857142857
01 89.71428571428571
08 89.85714285714285
12 90.0
04 90.14285714285714
02 90.28571428571428
01 90.42857142857142
04 90.57142857142857
01 90.71428571428571
08 90.85714285714285
02 90.99999999999999
04 91.07142857142857
01 91.14285714285714
04 91.21428571428571
01 91.28571428571428
09 91.42857142857142
08 91.57142857142856
04 91.71428571428571
08 91.85714285714285
01 91.99999999999999
04 92.14285714285712
05 92.28571428571428
01 92.42857142857142
08 92.57142857142857
04 92.71428571428571
02 92.85714285714286
01 93.0
04 93.14285714285714
01 93.28571428571428
04 93.35714285714286
02 93.42857142857143
08 93.5
02 93.57142857142857
04 93.71428571428571
01 93.85714285714285
02 94.0
04 94.14285714285714
02 94.28571428571428
01 94.42857142857142
03 94.57142857142857
02 94.71428571428571
01 94.85714285714285
02 94.92857142857142
04 94.99999999999999
02 95.07142857142856
01 95.14285714285714
08 95.21428571428571
04 95.28571428571428
08 95.35714285714285
01 95.42857142857142
04 95.49999999999999
01 95.57142857142856
08 95.64285714285714
02 95.71428571428571
08 95.78571428571428
02 95.85714285714285
04 95.92857142857142
01 96.0
