TITLE Crepuscular Rays
BPM   182.0
NOTES
10.384615384615383
10.467032967032967
10.54945054945055
10.87912087912088
11.538461538461538
11.868131868131869
12.197802197802199
12.527472527472527
12.692307692307693
12.857142857142858
13.186813186813186
13.516483516483516
14.175824175824175
14.34065934065934
14.835164835164836
15.32967032967033
15.494505494505495
15.659340659340659
15.824175824175825
16.153846153846153
16.813186813186814
16.978021978021978
17.060439560439562
17.142857142857142
17.637362637362635
17.967032967032967
18.46153846153846
18.79120879120879
19.45054945054945
19.78021978021978
20.10989010989011
20.43956043956044
20.934065934065934
21.016483516483518
21.0989010989011
21.263736263736263
21.428571428571427
21.59340659340659
22.087912087912088
22.747252747252745
23.24175824175824
23.406593406593405
23.57142857142857
23.653846153846153
23.736263736263737
23.9010989010989
24.065934065934066
24.230769230769234
24.560439560439562
24.89010989010989
25.21978021978022
25.549450549450547
25.714285714285715
25.824175824175825
25.934065934065934
26.043956043956044
26.153846153846153
26.263736263736263
26.373626373626372
26.538461538461537
26.62087912087912
26.7032967032967
26.86813186813187
27.197802197802197
27.280219780219777
27.36263736263736
27.527472527472526
27.692307692307693
27.857142857142858
27.93956043956044
28.021978021978022
28.18681318681319
28.516483516483518
28.681318681318682
28.846153846153847
29.01098901098901
29.34065934065934
29.67032967032967
29.835164835164836
30.0
30.164835164835164
30.494505494505493
30.659340659340657
30.824175824175825
31.318681318681318
31.64835164835165
31.978021978021978
32.142857142857146
32.472527472527474
32.63736263736264
32.967032967032964
33.29670329670329
33.543956043956044
33.79120879120879
33.956043956043956
34.285714285714285
34.53296703296703
34.61538461538461
34.94505494505494
35.10989010989011
35.27472527472527
35.604395604395606
35.934065934065934
36.0989010989011
36.26373626373626
36.34615384615385
36.42857142857143
36.5934065934066
36.92307692307692
38.24175824175824
38.57142857142857
38.9010989010989
39.230769230769226
39.56043956043956
39.72527472527473
39.89010989010989
40.05494505494506
40.21978021978022
40.38461538461539
40.549450549450555
40.714285714285715
40.879120879120876
41.86813186813187
42.1978021978022
42.527472527472526
42.69230769230769
42.857142857142854
43.02197802197802
43.35164835164835
43.51648351648352
43.84615384615385
44.0934065934066
44.34065934065934
44.50549450549451
44.67032967032967
44.83516483516483
45.0
45.16483516483516
45.32967032967033
45.49450549450549
45.65934065934066
45.989010989010985
46.15384615384615
46.48351648351648
46.64835164835165
46.81318681318681
46.97802197802198
47.14285714285714
47.30769230769231
47.39010989010989
47.472527472527474
47.63736263736264
47.8021978021978
47.96703296703297
48.13186813186813
48.2967032967033
48.62637362637363
48.79120879120879
49.12087912087912
49.36813186813187
49.61538461538461
49.78021978021978
49.94505494505494
50.10989010989011
50.27472527472528
50.43956043956044
50.604395604395606
50.76923076923077
50.934065934065934
51.26373626373626
51.42857142857143
51.5934065934066
51.75824175824176
51.92307692307693
52.252747252747255
52.41758241758242
52.582417582417584
52.747252747252745
53.07692307692307
53.4065934065934
53.57142857142857
53.73626373626374
54.065934065934066
54.395604395604394
54.642857142857146
54.89010989010989
55.05494505494505
55.38461538461539
55.549450549450555
55.714285714285715
56.043956043956044
56.20879120879121
56.37362637362638
56.7032967032967
57.03296703296703
57.1978021978022
57.36263736263736
57.527472527472526
57.69230769230769
57.857142857142854
57.93956043956044
58.02197802197802
58.18681318681319
58.35164835164835
58.51648351648352
58.84615384615385
59.01098901098901
59.34065934065934
59.67032967032967
59.91758241758242
60.16483516483517
60.329670329670336
60.65934065934066
60.9065934065934
61.15384615384615
61.4010989010989
61.64835164835165
61.81318681318681
61.97802197802198
62.30769230769231
62.472527472527474
62.637362637362635
62.967032967032964
63.2967032967033
63.62637362637363
63.791208791208796
64.12087912087912
64.45054945054946
64.69780219780219
64.94505494505495
65.1098901098901
65.27472527472527
65.6043956043956
65.76923076923077
65.93406593406593
66.26373626373626
66.42857142857142
66.59340659340658
66.84065934065933
67.08791208791209
67.41758241758242
67.58241758241759
67.74725274725274
67.91208791208791
68.07692307692308
68.24175824175825
68.57142857142857
68.9010989010989
69.06593406593406
69.3956043956044
69.47802197802197
69.56043956043956
69.72527472527473
69.89010989010988
70.05494505494505
70.21978021978022
70.38461538461537
70.71428571428571
70.87912087912088
71.04395604395604
71.37362637362638
71.53846153846155
71.7032967032967
71.86813186813187
72.03296703296704
72.1978021978022
72.36263736263737
72.6923076923077
72.85714285714286
73.02197802197801
73.35164835164835
73.51648351648352
73.84615384615384
74.17582417582418
74.34065934065933
74.5054945054945
74.67032967032966
74.83516483516483
75.0
75.32967032967034
75.4945054945055
75.65934065934066
75.98901098901099
76.15384615384616
76.67189952904238
77.04866562009418
77.2370486656201
77.42543171114599
77.6138147566719
77.8021978021978
77.96703296703296
78.29670329670328
78.46153846153845
78.62637362637362
78.79120879120879
79.12087912087912
79.45054945054946
79.61538461538461
79.94505494505495
80.10989010989012
80.43956043956044
80.6043956043956
80.76923076923077
80.93406593406593
81.0989010989011
81.26373626373626
81.42857142857143
81.5934065934066
81.75824175824175
82.25274725274724
82.74725274725274
83.24175824175825
84.3956043956044
84.89010989010988
85.38461538461539
85.87912087912088
86.37362637362637
86.53846153846153
86.7032967032967
86.86813186813187
87.03296703296704
87.52747252747253
88.02197802197803
88.51648351648352
89.01098901098901
89.34065934065934
89.67032967032966
90.16483516483515
90.65934065934066
90.98901098901099
91.48351648351648
91.97802197802199
92.3076923076923
92.8021978021978
93.2967032967033
93.79120879120879
94.28571428571428
94.61538461538461
94.94505494505495
95.27472527472528
95.43956043956044
95.76923076923077
95.93406593406594
96.26373626373626
96.5934065934066
96.75824175824175
97.08791208791209
97.25274725274726
97.58241758241758
97.91208791208791
98.07692307692307
98.4065934065934
98.57142857142857
98.9010989010989
99.23076923076924
99.3956043956044
99.56043956043956
99.64285714285715
99.72527472527473
99.8901098901099
100.21978021978022
100.54945054945055
100.87912087912088
101.20879120879121
101.53846153846153
101.86813186813187
102.19780219780219
102.52747252747253
102.85714285714286
103.02197802197803
103.1868131868132
103.35164835164835
103.51648351648352
103.68131868131869
103.84615384615385
104.01098901098902
104.17582417582418
104.34065934065934
104.50549450549451
104.67032967032966
105.0
105.32967032967034
105.65934065934066
105.82417582417582
105.98901098901098
106.15384615384615
106.31868131868131
106.48351648351648
106.81318681318682
106.97802197802199
107.14285714285715
107.3076923076923
107.3901098901099
107.47252747252747
107.63736263736264
107.80219780219781
107.96703296703298
108.2967032967033
108.46153846153847
108.62637362637362
108.95604395604396
109.28571428571429
109.61538461538461
109.94505494505493
110.27472527472527
110.43956043956044
110.6043956043956
110.76923076923077
111.09890109890111
111.26373626373626
111.42857142857143
111.5934065934066
111.75824175824177
112.08791208791209
112.25274725274726
112.41758241758242
112.58241758241758
112.66483516483517
112.74725274725274
112.91208791208791
113.07692307692308
113.24175824175825
113.57142857142857
113.73626373626374
113.90109890109889
113.98351648351648
114.06593406593406
114.23076923076923
114.3956043956044
114.56043956043956
114.8901098901099
115.05494505494507
115.21978021978022
115.54945054945055
115.87912087912089
116.37362637362638
116.7032967032967
116.86813186813187
117.03296703296704
117.36263736263736
117.6923076923077
117.85714285714285
118.18681318681318
118.35164835164835
118.68131868131869
119.01098901098902
119.34065934065934
119.67032967032968
120.0
120.32967032967034
120.49450549450549
120.82417582417582
120.98901098901099
121.31868131868131
121.48351648351648
121.64835164835165
121.97802197802197
122.14285714285714
122.3076923076923
122.63736263736264
122.80219780219781
122.96703296703298
123.2967032967033
123.46153846153847
123.62637362637363
123.95604395604396
124.12087912087912
124.28571428571429
124.45054945054945
124.61538461538461
124.78021978021978
124.94505494505495
125.10989010989012
125.27472527472527
125.93406593406593
126.0989010989011
