TITLE Damage Plan
BPM   160.0
NOTES
08 12.0
04 12.1875
02 12.28125
01 12.46875
08 12.5625
04 12.84375
02 13.125
01 13.3125
08 13.5
01 13.6875
04 13.78125
02 13.96875
04 14.0625
01 14.34375
04 14.625
02 14.8125
04 15.0
01 15.1875
02 15.28125
04 15.46875
08 15.5625
01 15.84375
08 16.125
02 16.3125
04 16.5
01 16.6875
02 16.78125
04 16.96875
08 17.0625
01 17.34375
04 17.625
02 17.8125
04 18.0
01 18.1875
08 18.28125
04 18.46875
02 18.5625
01 18.84375
02 19.125
04 19.3125
02 19.5
01 19.6875
08 19.78125
02 19.96875
04 20.0625
01 20.34375
08 20.625
04 20.8125
02 21.0
01 21.1875
08 21.28125
01 21.46875
08 21.5625
04 21.84375
02 22.125
01 22.3125
09 22.5
03 22.875
01 23.4375
04 23.625
05 24.0
08 24.1875
04 24.28125
02 24.5625
01 24.75
08 24.9375
01 25.125
04 25.3125
02 25.5
08 25.6875
04 25.78125
02 26.0625
01 26.25
04 26.4375
01 26.625
08 26.8125
01 27.0
08 27.1875
04 27.28125
08 27.5625
01 27.75
04 27.9375
02 28.125
04 28.3125
01 28.5
08 28.6875
04 28.78125
02 29.0625
01 29.25
02 29.4375
01 29.625
08 29.8125
02 30.0
04 30.1875
01 30.28125
04 30.5625
02 30.75
08 30.9375
04 31.125
02 31.3125
01 31.5
04 31.6875
02 31.78125
08 32.0625
01 32.25
08 32.4375
04 32.625
02 32.8125
01 33.0
08 33.1875
01 33.28125
02 33.5625
04 33.75
08 33.9375
04 34.125
02 34.3125
01 34.5
04 34.6875
01 34.78125
08 35.0625
02 35.25
04 35.4375
01 35.625
08 35.8125
02 36.0
04 36.1875
02 36.28125
10 36.5625
04 36.75
02 36.9375
01 37.125
02 37.3125
04 37.5
08 37.6875
01 37.78125
08 38.0625
02 38.25
04 38.4375
01 38.625
02 38.8125
04 39.0
08 39.1875
04 39.28125
06 39.5625
01 39.75
02 39.9375
01 40.125
08 40.3125
09 40.5
01 40.875
08 40.96875
01 41.0625
02 41.15625
04 41.25
08 41.34375
04 41.4375
08 41.53125
04 41.625
02 41.71875
01 41.8125
08 41.90625
01 42.0
10 42.28125
05 42.5625
05 42.9375
01 43.125
04 43.3125
05 43.5
06 43.78125
09 44.0625
09 44.4375
08 44.625
04 44.8125
06 45.0
03 45.28125
09 45.5625
09 45.9375
01 46.125
08 46.3125
10 46.5
05 46.78125
06 47.0625
06 47.4375
08 47.625
02 47.8125
10 48.0
09 48.28125
12 48.5625
12 48.9375
08 49.125
01 49.3125
05 49.5
06 49.78125
10 50.0625
10 50.4375
08 50.625
02 50.8125
06 51.0
09 51.28125
03 51.5625
03 51.9375
01 52.125
08 52.3125
10 52.5
05 52.78125
09 53.0625
09 53.4375
08 53.625
02 53.8125
08 54.0
09 54.28125
05 54.5625
04 54.9375
01 55.125
08 55.3125
01 55.5
09 55.78125
12 56.0625
04 56.4375
02 56.625
01 56.8125
02 57.0
03 57.28125
05 57.5625
04 57.9375
02 58.125
08 58.3125
02 58.5
06 58.78125
05 59.0625
08 59.25
01 59.34375
08 59.4375
01 59.53125
04 59.625
04 59.8125
01 60.0
09 60.28125
12 60.5625
04 60.9375
02 61.125
01 61.3125
08 61.5
10 61.78125
10 62.0625
08 62.4375
01 62.625
02 62.8125
04 63.0
08 63.1875
04 63.28125
02 63.5625
01 63.65625
08 63.9375
02 64.03125
04 64.3125
01 64.40625
08 64.5
01 64.59375
08 64.6875
01 64.78125
04 64.875
02 64.96875
08 65.0625
01 65.15625
02 65.25
04 65.34375
08 65.4375
04 65.53125
02 65.625
01 65.71875
02 65.8125
01 65.90625
08 66.0
12 66.28125
04 66.46875
08 66.5625
01 66.75
09 67.125
08 67.5
01 67.78125
04 68.0625
01 68.25
08 68.4375
04 68.53125
04 68.8125
12 69.0
09 69.28125
08 69.46875
04 69.5625
02 69.75
03 70.125
01 70.5
02 70.78125
04 71.0625
08 71.25
01 71.4375
02 71.53125
02 71.8125
06 72.0
12 72.28125
08 72.46875
01 72.5625
04 72.75
05 73.125
01 73.5
08 73.78125
04 74.0625
02 74.25
01 74.4375
08 74.53125
08 74.8125
02 75.0
04 75.28125
01 75.5625
02 75.84375
04 75.9375
08 76.125
01 76.5
02 76.78125
04 77.0625
02 77.25
02 77.4375
02 77.625
02 77.8125
03 78.0
09 78.28125
08 78.46875
02 78.5625
04 78.75
05 79.125
01 79.5
08 79.78125
04 80.0625
02 80.25
01 80.4375
08 80.53125
02 80.8125
10 81.0
05 81.28125
01 81.46875
04 81.5625
02 81.75
10 82.125
02 82.5
08 82.78125
01 83.0625
08 83.25
01 83.4375
04 83.53125
01 83.8125
05 84.0
10 84.28125
02 84.46875
08 84.5625
04 84.75
06 85.125
02 85.5
01 85.78125
04 86.0625
02 86.25
08 86.4375
01 86.53125
08 86.8125
01 87.0
04 87.28125
02 87.5625
08 87.84375
04 87.9375
02 88.125
01 88.5
02 88.6875
04 88.78125
04 88.96875
02 89.0625
01 89.25
08 89.4375
02 89.53125
02 89.71875
08 89.8125
01 90.0
09 90.375
04 90.5625
04 90.9375
08 91.125
09 91.5
09 91.78125
10 91.875
10 92.15625
05 92.25
05 92.53125
06 92.625
06 92.90625
08 93.0
09 93.375
04 93.5625
04 93.9375
02 94.125
10 94.5
10 94.78125
06 94.875
06 95.15625
05 95.25
05 95.53125
09 95.625
09 95.90625
08 96.0
09 96.375
02 96.5625
02 96.9375
04 97.125
12 97.5
12 97.78125
06 97.875
06 98.15625
03 98.25
03 98.53125
12 98.625
12 98.90625
01 99.0
03 99.375
04 99.5625
04 99.9375
02 100.125
03 100.5
03 100.78125
05 100.875
05 101.15625
10 101.25
10 101.53125
12 101.625
12 101.90625
08 102.0
09 102.375
04 102.5625
04 102.9375
02 103.125
09 103.5
09 103.78125
12 103.875
12 104.15625
10 104.25
10 104.53125
09 104.625
09 104.90625
01 105.0
03 105.375
04 105.5625
04 105.9375
08 106.125
03 106.5
03 106.78125
06 106.875
06 107.15625
12 107.25
12 107.53125
03 107.625
03 107.90625
02 108.0
06 108.375
08 108.5625
08 108.9375
04 109.125
06 109.5
06 109.78125
09 109.875
09 110.15625
05 110.25
05 110.53125
10 110.625
10 110.90625
08 111.0
10 111.375
04 111.5625
04 111.9375
01 112.125
05 112.5
05 112.78125
06 112.875
06 113.15625
09 113.25
09 113.53125
10 113.625
10 113.90625
08 114.0
01 114.1875
02 114.28125
04 114.46875
08 114.5625
04 114.75
02 114.9375
01 115.03125
08 115.125
02 115.21875
04 115.3125
01 115.40625
08 115.5
08 116.0625
