TITLE Death Should Not Have Taken Thee!
BPM   174.0
NOTES
5.517241379310345
6.03448275862069
6.120689655172415
6.206896551724139
6.724137931034483
6.810344827586207
6.8965517241379315
7.06896551724138
7.241379310344828
7.413793103448277
7.586206896551724
7.758620689655173
7.931034482758621
8.10344827586207
8.275862068965518
8.793103448275863
8.879310344827587
8.965517241379311
9.13793103448276
9.310344827586208
9.56896551724138
9.655172413793103
10.0
10.344827586206897
10.689655172413794
11.03448275862069
11.206896551724139
11.379310344827587
11.551724137931036
11.63793103448276
11.724137931034484
11.810344827586208
11.896551724137932
12.06896551724138
12.24137931034483
12.327586206896552
12.413793103448278
12.586206896551726
12.758620689655174
12.931034482758623
13.017241379310347
13.103448275862071
13.189655172413795
13.27586206896552
13.448275862068968
13.620689655172416
13.706896551724139
13.793103448275863
13.965517241379311
14.13793103448276
14.310344827586208
14.396551724137932
14.482758620689657
14.56896551724138
14.655172413793105
14.827586206896553
15.000000000000002
15.086206896551726
15.172413793103448
15.344827586206897
15.517241379310345
15.689655172413794
15.775862068965518
15.862068965517242
15.948275862068966
16.03448275862069
16.20689655172414
16.379310344827587
16.46551724137931
16.551724137931036
16.724137931034484
16.896551724137932
17.06896551724138
17.155172413793103
17.24137931034483
17.32758620689655
17.413793103448278
17.586206896551726
17.758620689655174
17.844827586206897
17.931034482758623
18.10344827586207
18.27586206896552
18.448275862068968
18.53448275862069
18.620689655172416
18.70689655172414
18.793103448275865
18.965517241379313
19.13793103448276
19.224137931034484
19.310344827586206
19.482758620689655
19.655172413793103
19.82758620689655
19.913793103448274
20.0
20.086206896551722
20.17241379310345
20.344827586206897
20.517241379310345
20.603448275862068
20.689655172413794
20.862068965517242
21.03448275862069
21.20689655172414
21.29310344827586
21.379310344827587
21.46551724137931
21.551724137931036
21.724137931034484
21.896551724137932
21.982758620689655
22.06896551724138
22.24137931034483
22.32758620689655
22.413793103448278
22.586206896551726
23.448275862068968
23.645320197044338
23.74384236453202
23.842364532019708
24.33497536945813
24.433497536945815
24.5320197044335
24.630541871921185
24.72906403940887
24.827586206896555
25.000000000000004
25.086206896551726
25.172413793103452
25.3448275862069
25.689655172413797
26.120689655172416
26.20689655172414
26.390804597701152
26.57471264367816
26.758620689655174
26.942528735632184
27.126436781609197
27.218390804597703
27.310344827586206
27.586206896551726
27.77011494252874
27.862068965517242
27.95402298850575
28.13793103448276
28.505747126436784
28.59770114942529
28.965517241379313
29.13793103448276
29.224137931034484
29.31034482758621
29.48275862068966
29.655172413793107
29.74137931034483
29.827586206896555
29.913793103448278
30.000000000000004
30.086206896551726
30.172413793103452
30.258620689655174
30.344827586206897
30.52873563218391
30.620689655172413
30.71264367816092
31.264367816091955
31.35632183908046
31.54022988505747
31.632183908045977
31.724137931034484
31.896551724137932
32.06896551724138
32.241379310344826
32.41379310344828
32.58620689655172
32.758620689655174
32.93103448275862
33.10344827586207
33.275862068965516
33.44827586206897
33.53448275862069
33.62068965517241
33.70689655172414
33.793103448275865
33.87931034482759
33.96551724137931
34.05172413793104
34.13793103448276
34.224137931034484
34.310344827586206
34.396551724137936
34.48275862068966
34.56896551724138
34.6551724137931
34.74137931034483
34.827586206896555
34.91379310344828
35.0
35.08620689655173
35.17241379310345
35.258620689655174
35.3448275862069
35.431034482758626
35.51724137931035
35.689655172413794
35.862068965517246
35.94827586206897
36.03448275862069
36.12068965517242
36.20689655172414
36.293103448275865
36.37931034482759
36.46551724137932
36.55172413793104
36.63793103448276
36.724137931034484
36.896551724137936
37.06896551724138
37.15517241379311
37.41379310344828
37.58620689655173
37.758620689655174
37.931034482758626
38.10344827586207
38.27586206896552
38.44827586206897
38.62068965517241
38.79310344827586
38.87931034482759
38.96551724137931
39.05172413793103
39.137931034482754
39.224137931034484
39.39655172413793
39.48275862068965
39.56896551724138
39.6551724137931
39.741379310344826
39.82758620689655
39.91379310344828
40.0
40.08620689655172
40.172413793103445
40.258620689655174
40.3448275862069
40.43103448275862
40.51724137931034
40.60344827586207
40.689655172413794
41.03448275862069
41.37931034482759
41.46551724137931
41.55172413793103
41.63793103448276
41.724137931034484
41.89655172413793
42.06896551724138
42.241379310344826
42.327586206896555
42.41379310344828
42.58620689655172
42.67241379310345
42.758620689655174
43.10344827586207
43.44827586206897
43.793103448275865
44.13793103448276
44.310344827586206
44.396551724137936
44.6551724137931
44.827586206896555
45.0
45.08620689655173
45.3448275862069
45.51724137931035
45.689655172413794
45.77586206896552
46.03448275862069
46.20689655172414
46.55172413793104
47.06896551724138
47.24137931034483
47.41379310344828
47.58620689655173
47.844827586206904
48.10344827586207
48.27586206896552
48.5344827586207
48.793103448275865
48.96551724137932
49.31034482758621
49.65517241379311
49.827586206896555
50.00000000000001
50.17241379310345
50.344827586206904
50.51724137931035
50.6896551724138
50.862068965517246
51.03448275862069
51.37931034482759
51.55172413793103
51.724137931034484
51.89655172413793
52.06896551724138
52.41379310344828
52.58620689655172
52.67241379310345
52.758620689655174
52.93103448275862
53.10344827586207
53.275862068965516
53.44827586206897
53.62068965517241
53.96551724137931
54.13793103448276
54.48275862068966
54.6551724137931
54.827586206896555
55.0
55.17241379310345
55.3448275862069
55.431034482758626
55.689655172413794
55.862068965517246
56.03448275862069
56.12068965517242
56.37931034482759
56.55172413793104
56.724137931034484
56.81034482758621
57.06896551724138
57.24137931034483
57.58620689655173
58.10344827586207
58.27586206896552
58.44827586206897
58.62068965517242
58.879310344827594
59.13793103448276
59.31034482758621
59.56896551724139
59.827586206896555
60.00000000000001
60.344827586206904
60.60344827586208
60.689655172413794
60.86206896551724
61.03448275862069
61.206896551724135
61.37931034482759
61.55172413793103
61.724137931034484
61.89655172413793
62.06896551724138
62.41379310344828
62.58620689655172
62.758620689655174
62.93103448275862
63.10344827586207
63.44827586206897
63.62068965517241
63.793103448275865
63.96551724137931
64.13793103448276
64.48275862068965
64.65517241379311
64.82758620689656
65.0
65.17241379310344
65.3448275862069
65.51724137931035
65.6896551724138
65.86206896551724
66.0344827586207
66.20689655172414
66.29310344827587
66.37931034482759
66.46551724137932
66.72413793103449
66.8103448275862
66.89655172413794
66.98275862068967
67.24137931034483
67.58620689655173
67.67241379310346
67.75862068965517
67.8448275862069
68.10344827586208
68.1896551724138
68.27586206896552
68.36206896551725
68.62068965517241
68.96551724137932
69.05172413793105
69.13793103448276
69.22413793103449
69.48275862068967
69.56896551724138
69.65517241379311
69.74137931034484
70.0
70.3448275862069
70.43103448275863
70.51724137931035
70.60344827586208
70.86206896551725
70.94827586206897
71.0344827586207
71.12068965517243
71.20689655172414
71.29310344827587
71.37931034482759
71.72413793103449
71.89655172413794
72.06896551724138
72.24137931034484
72.32758620689656
72.41379310344828
72.50000000000001
72.58620689655173
72.75862068965517
72.93103448275863
73.01724137931035
73.10344827586208
73.27586206896552
73.44827586206897
73.62068965517243
73.70689655172414
73.79310344827587
73.8793103448276
73.96551724137932
74.13793103448276
74.31034482758622
74.39655172413794
74.48275862068967
74.65517241379311
74.82758620689656
75.00000000000001
75.08620689655173
75.17241379310346
75.25862068965519
75.3448275862069
75.51724137931035
75.68965517241381
75.77586206896552
75.86206896551725
76.0344827586207
76.20689655172414
76.3793103448276
76.46551724137932
76.55172413793105
76.63793103448278
76.72413793103449
76.89655172413794
77.0689655172414
77.15517241379311
77.24137931034483
77.41379310344827
77.58620689655172
77.75862068965517
77.84482758620689
77.93103448275862
78.01724137931035
78.10344827586206
78.27586206896551
78.44827586206897
78.53448275862068
78.62068965517241
78.79310344827586
78.9655172413793
79.13793103448276
79.22413793103448
79.3103448275862
79.39655172413794
79.48275862068965
79.6551724137931
79.82758620689656
79.91379310344827
80.0
80.17241379310344
80.34482758620689
80.51724137931035
80.60344827586206
80.6896551724138
80.77586206896552
80.86206896551724
81.03448275862068
81.20689655172414
81.29310344827586
81.37931034482759
81.55172413793103
81.72413793103448
81.89655172413794
81.98275862068965
82.06896551724138
82.15517241379311
82.24137931034483
82.41379310344827
82.5
82.58620689655173
82.67241379310344
82.75862068965517
82.93103448275862
83.10344827586206
83.27586206896552
83.36206896551724
83.44827586206897
83.5344827586207
83.62068965517241
83.79310344827586
83.96551724137932
84.05172413793103
84.13793103448276
84.3103448275862
84.48275862068965
84.65517241379311
84.74137931034483
84.82758620689656
84.91379310344828
85.0
85.17241379310344
85.3448275862069
85.43103448275862
85.51724137931035
85.6896551724138
85.86206896551724
86.0344827586207
86.12068965517241
86.20689655172414
86.29310344827587
86.37931034482759
86.55172413793103
86.72413793103449
86.8103448275862
86.89655172413794
87.06896551724138
87.24137931034483
87.41379310344828
87.5
87.58620689655173
87.67241379310346
87.75862068965517
87.93103448275862
88.10344827586208
88.1896551724138
88.27586206896552
88.44827586206897
88.62068965517241
88.79310344827587
88.87931034482759
88.96551724137932
89.05172413793105
89.13793103448276
89.3103448275862
89.48275862068967
89.56896551724138
89.65517241379311
89.82758620689656
90.0
90.17241379310346
90.25862068965517
90.3448275862069
90.43103448275863
90.51724137931035
90.6896551724138
90.86206896551725
90.94827586206897
91.0344827586207
91.20689655172414
91.37931034482759
91.55172413793105
91.72413793103449
91.89655172413794
92.06896551724138
92.24137931034484
92.41379310344828
92.67241379310346
92.93103448275863
93.10344827586208
93.44827586206897
93.79310344827587
93.96551724137932
94.13793103448276
94.31034482758622
94.48275862068967
94.65517241379311
94.74137931034484
94.82758620689656
95.00000000000001
95.17241379310346
95.3448275862069
95.51724137931035
95.68965517241381
95.86206896551725
96.0344827586207
96.20689655172414
96.3793103448276
96.55172413793105
96.72413793103449
96.81034482758622
96.89655172413794
97.0689655172414
97.24137931034484
97.41379310344828
97.58620689655173
97.75862068965519
97.93103448275863
98.10344827586208
98.27586206896552
98.44827586206898
98.62068965517243
98.70689655172416
98.79310344827587
98.8793103448276
98.96551724137932
99.05172413793105
99.13793103448278
99.22413793103449
99.31034482758622
99.48275862068967
99.65517241379311
99.82758620689657
100.00000000000001
100.17241379310346
100.3448275862069
100.51724137931036
100.6896551724138
100.86206896551724
101.03448275862068
101.20689655172414
101.37931034482759
101.55172413793103
101.72413793103448
101.89655172413794
102.06896551724138
102.24137931034483
102.41379310344827
102.58620689655173
102.75862068965517
102.93103448275862
103.10344827586206
103.27586206896552
103.44827586206897
103.62068965517241
103.70689655172414
103.79310344827586
103.96551724137932
104.13793103448276
104.3103448275862
104.39655172413794
104.48275862068965
104.65517241379311
104.82758620689656
105.0
105.17241379310344
105.3448275862069
105.51724137931035
105.6896551724138
105.77586206896552
105.86206896551724
106.0344827586207
106.20689655172414
106.37931034482759
106.55172413793103
106.72413793103449
106.89655172413794
107.06896551724138
107.24137931034483
107.41379310344828
107.58620689655173
107.75862068965517
107.8448275862069
107.93103448275862
108.10344827586208
108.27586206896552
108.44827586206897
108.62068965517241
108.79310344827587
108.96551724137932
109.13793103448276
109.3103448275862
109.48275862068967
109.65517241379311
109.74137931034484
109.82758620689656
109.91379310344828
110.0
110.08620689655173
110.17241379310346
110.25862068965517
110.3448275862069
110.51724137931035
110.6896551724138
110.86206896551725
111.0344827586207
111.20689655172414
111.37931034482759
111.55172413793105
111.72413793103449
111.89655172413794
112.06896551724138
112.24137931034484
112.41379310344828
112.58620689655173
112.75862068965517
112.93103448275863
113.10344827586208
113.27586206896552
113.36206896551725
113.44827586206897
113.62068965517243
113.79310344827587
113.96551724137932
114.05172413793105
114.13793103448276
114.31034482758622
114.48275862068967
114.74137931034484
115.00000000000001
115.17241379310346
