TITLE Ecstatic Vivace
BPM   266.0
NOTES
7.2180451127819545
7.330827067669173
7.443609022556391
7.556390977443608
7.669172932330826
7.894736842105263
8.00751879699248
8.233082706766917
8.345864661654135
8.571428571428571
8.796992481203006
9.022556390977442
9.13533834586466
9.248120300751879
9.360902255639097
9.473684210526315
9.69924812030075
9.812030075187968
10.037593984962406
10.150375939849624
10.37593984962406
10.601503759398495
10.714285714285714
10.827067669172932
10.93984962406015
11.052631578947368
11.165413533834586
11.278195488721805
11.50375939849624
11.616541353383457
11.842105263157894
11.954887218045112
12.180451127819548
12.406015037593983
12.631578947368421
12.74436090225564
12.857142857142858
12.969924812030076
13.082706766917294
13.308270676691729
13.421052631578947
13.646616541353383
13.759398496240602
13.984962406015038
14.097744360902254
14.210526315789473
14.32330827067669
14.436090225563909
14.548872180451127
14.661654135338345
14.774436090225564
14.887218045112782
15.112781954887216
15.225563909774435
15.451127819548871
15.56390977443609
15.789473684210526
16.01503759398496
16.240601503759397
16.353383458646615
16.466165413533833
16.57894736842105
16.69172932330827
16.917293233082706
17.030075187969924
17.25563909774436
17.36842105263158
17.593984962406015
17.81954887218045
17.93233082706767
18.045112781954884
18.157894736842103
18.27067669172932
18.38345864661654
18.496240601503757
18.721804511278194
18.834586466165412
19.06015037593985
19.172932330827066
19.398496240601503
19.62406015037594
19.849624060150376
19.962406015037594
20.075187969924812
20.18796992481203
20.30075187969925
20.413533834586467
20.526315789473685
20.639097744360903
20.864661654135336
20.977443609022554
21.20300751879699
21.31578947368421
21.428571428571427
21.541353383458645
21.654135338345863
21.8796992481203
22.105263157894736
22.330827067669173
22.55639097744361
22.669172932330827
22.894736842105264
23.1203007518797
23.23308270676692
23.45864661654135
23.684210526315788
23.909774436090224
24.13533834586466
24.360902255639097
24.473684210526315
24.69924812030075
24.924812030075188
25.037593984962406
25.150375939849624
25.263157894736842
25.48872180451128
25.601503759398497
25.714285714285715
25.93984962406015
26.165413533834585
26.278195488721803
26.50375939849624
26.729323308270676
26.842105263157894
27.06766917293233
27.293233082706767
27.518796992481203
27.74436090225564
27.857142857142858
28.08270676691729
28.19548872180451
28.421052631578945
28.64661654135338
28.872180451127818
29.097744360902254
29.32330827067669
29.548872180451127
29.774436090225564
29.887218045112782
30.112781954887218
30.338345864661655
30.451127819548873
30.676691729323306
30.902255639097742
31.12781954887218
31.353383458646615
31.57894736842105
31.69172932330827
31.917293233082706
32.14285714285714
32.25563909774436
32.368421052631575
32.48120300751879
32.932330827067666
33.38345864661654
33.83458646616541
34.06015037593985
34.17293233082707
34.285714285714285
34.73684210526316
35.18796992481203
35.41353383458647
35.6390977443609
35.75187969924812
35.86466165413534
35.97744360902256
36.09022556390977
36.315789473684205
36.54135338345864
36.76691729323308
36.992481203007515
37.10526315789473
37.33082706766917
37.556390977443606
37.669172932330824
37.89473684210526
38.1203007518797
38.233082706766915
38.34586466165413
38.57142857142857
38.796992481203006
38.909774436090224
39.13533834586466
39.3609022556391
39.473684210526315
39.58646616541353
39.69924812030075
39.92481203007519
40.150375939849624
40.37593984962406
40.6015037593985
40.714285714285715
40.93984962406015
41.16541353383459
41.278195488721806
41.503759398496236
41.72932330827067
41.95488721804511
42.06766917293233
42.180451127819545
42.29323308270676
42.63157894736842
42.857142857142854
43.08270676691729
43.30827067669173
43.53383458646616
43.7593984962406
43.984962406015036
44.21052631578947
44.32330827067669
44.54887218045113
44.774436090225564
44.88721804511278
45.11278195488722
45.338345864661655
45.45112781954887
45.56390977443609
45.78947368421053
46.01503759398496
46.24060150375939
46.35338345864661
46.57894736842105
46.691729323308266
46.804511278195484
46.9172932330827
47.368421052631575
47.81954887218045
48.27067669172932
48.721804511278194
48.94736842105263
49.06015037593985
49.3984962406015
49.51127819548872
49.62406015037594
49.849624060150376
50.07518796992481
50.18796992481203
50.30075187969925
50.41353383458647
50.526315789473685
50.6390977443609
50.75187969924812
50.86466165413534
50.97744360902256
51.090225563909776
51.203007518796994
51.31578947368421
51.54135338345864
51.65413533834586
51.879699248120296
52.10526315789473
52.33082706766917
52.44360902255639
52.556390977443606
52.669172932330824
52.78195488721804
53.00751879699248
53.1203007518797
53.34586466165413
53.45864661654135
53.68421052631579
53.909774436090224
54.02255639097744
54.13533834586466
54.24812030075188
54.3609022556391
54.473684210526315
54.58646616541353
54.69924812030075
54.81203007518797
54.92481203007519
55.150375939849624
55.26315789473684
55.48872180451128
55.714285714285715
55.939849624060145
56.16541353383458
56.39097744360902
56.616541353383454
56.72932330827067
57.06766917293233
57.29323308270676
57.40601503759398
57.5187969924812
57.63157894736842
57.744360902255636
57.857142857142854
57.96992481203007
58.08270676691729
58.30827067669173
58.421052631578945
58.53383458646616
58.64661654135338
58.7593984962406
58.87218045112782
58.984962406015036
59.097744360902254
59.21052631578947
59.32330827067669
59.43609022556391
59.54887218045113
59.661654135338345
59.774436090225564
59.88721804511278
60.11278195488722
60.225563909774436
60.338345864661655
60.451127819548866
60.563909774436084
60.6766917293233
60.78947368421052
60.90225563909774
61.01503759398496
61.127819548872175
61.24060150375939
61.35338345864661
61.46616541353383
61.57894736842105
61.691729323308266
61.804511278195484
61.9172932330827
62.03007518796992
62.14285714285714
62.25563909774436
62.368421052631575
62.48120300751879
62.59398496240601
62.70676691729323
62.81954887218045
62.932330827067666
63.1578947368421
63.38345864661654
63.609022556390975
63.721804511278194
63.83458646616541
63.94736842105263
64.17293233082705
64.28571428571428
64.39849624060149
64.51127819548871
64.62406015037593
64.73684210526315
64.84962406015036
64.96240601503759
65.30075187969923
65.6390977443609
65.86466165413533
66.20300751879698
66.42857142857142
66.54135338345864
66.65413533834585
66.76691729323308
67.10526315789473
67.44360902255639
67.66917293233082
68.00751879699247
68.34586466165413
68.45864661654134
68.57142857142857
68.90977443609022
69.24812030075188
69.47368421052632
69.69924812030075
69.81203007518796
70.0375939849624
70.26315789473684
70.37593984962406
70.6015037593985
70.82706766917293
71.05263157894737
71.2781954887218
71.61654135338345
71.72932330827068
71.84210526315789
71.95488721804512
72.06766917293233
72.18045112781954
72.40601503759397
72.63157894736841
72.85714285714285
72.96992481203006
73.08270676691728
73.1954887218045
73.42105263157893
73.64661654135337
73.75939849624059
73.98496240601503
74.21052631578947
74.4360902255639
74.66165413533834
74.77443609022555
74.88721804511277
74.99999999999999
75.22556390977442
75.33834586466165
75.45112781954886
75.56390977443608
75.6766917293233
75.78947368421052
76.01503759398496
76.2406015037594
76.46616541353383
76.69172932330827
76.80451127819548
77.03007518796991
77.25563909774435
77.36842105263158
77.59398496240601
78.04511278195488
78.49624060150376
78.8345864661654
79.06015037593984
79.17293233082707
79.3984962406015
79.73684210526315
80.07518796992481
80.30075187969925
80.6390977443609
80.86466165413533
80.97744360902256
81.09022556390977
81.203007518797
81.54135338345864
81.8796992481203
82.10526315789473
82.44360902255637
82.78195488721803
82.89473684210525
83.00751879699247
83.34586466165412
83.68421052631578
83.90977443609022
84.24812030075186
84.4736842105263
84.69924812030074
84.81203007518796
85.0375939849624
85.26315789473684
85.48872180451127
85.71428571428571
86.05263157894736
86.16541353383458
86.27819548872179
86.39097744360902
86.50375939849623
86.61654135338345
86.84210526315789
87.06766917293233
87.29323308270676
87.40601503759397
87.5187969924812
87.63157894736841
87.85714285714285
88.08270676691728
88.19548872180451
88.42105263157895
88.64661654135338
88.87218045112782
89.09774436090225
89.21052631578947
89.32330827067669
89.4360902255639
89.66165413533834
89.77443609022556
89.88721804511277
90.0
90.11278195488721
90.22556390977444
90.45112781954887
90.67669172932331
90.90225563909775
91.12781954887218
91.2406015037594
91.46616541353383
91.80451127819549
92.03007518796991
92.48120300751879
92.93233082706766
93.04511278195487
93.2706766917293
93.49624060150374
93.60902255639097
93.8345864661654
94.17293233082705
94.51127819548871
94.73684210526315
95.0751879699248
95.41353383458646
95.52631578947367
95.6390977443609
95.97744360902254
96.3157894736842
96.54135338345864
96.76691729323308
96.99248120300751
97.10526315789473
97.21804511278195
97.44360902255639
97.5563909774436
97.66917293233082
97.78195488721803
97.89473684210526
98.1203007518797
98.23308270676691
98.45864661654134
98.57142857142857
98.796992481203
99.02255639097744
99.24812030075188
99.36090225563909
99.47368421052632
99.58646616541353
99.69924812030075
99.92481203007519
100.0375939849624
100.26315789473684
100.37593984962406
100.6015037593985
100.82706766917293
100.93984962406014
101.05263157894737
101.16541353383458
101.2781954887218
101.39097744360902
101.50375939849624
101.72932330827068
101.84210526315789
102.06766917293231
102.18045112781954
102.40601503759397
102.63157894736841
102.85714285714285
102.96992481203006
103.08270676691728
103.1954887218045
103.30827067669172
103.53383458646616
103.64661654135337
103.8721804511278
103.98496240601503
104.21052631578947
104.32330827067668
104.4360902255639
104.54887218045111
104.66165413533834
104.77443609022555
104.88721804511277
104.99999999999999
105.11278195488721
105.33834586466165
105.45112781954886
105.6766917293233
105.78947368421052
106.01503759398496
106.2406015037594
106.46616541353383
106.57894736842104
106.69172932330827
106.80451127819548
106.9172932330827
107.14285714285714
107.25563909774435
107.48120300751879
107.59398496240601
107.81954887218045
108.04511278195488
108.1578947368421
108.27067669172932
108.38345864661653
108.49624060150376
108.60902255639097
108.7218045112782
108.94736842105263
109.06015037593984
109.28571428571428
109.3984962406015
109.62406015037594
109.84962406015038
110.07518796992481
110.18796992481202
110.30075187969925
110.41353383458646
110.52631578947368
110.6390977443609
110.75187969924812
110.86466165413533
111.09022556390975
111.20300751879698
111.42857142857142
111.54135338345863
111.65413533834585
111.76691729323306
111.87969924812029
112.10526315789473
112.21804511278194
112.44360902255637
112.5563909774436
112.78195488721803
113.00751879699247
113.12030075187968
113.34586466165412
113.45864661654134
113.68421052631578
113.90977443609022
114.02255639097743
114.24812030075186
114.36090225563909
