TITLE Electric Love
BPM   128.0
NOTES
0001 9.366
1000 9.83475
0010 10.3035
0100 10.77225
0001 11.241
0010 11.70975
0100 12.1785
1000 12.64725
0001 13.116
0100 13.350375
0110 13.58475
0010 13.819125
1000 14.0535
0001 14.287875
1001 14.52225
1000 14.756625
0100 14.991
0010 15.225375
0001 15.3425625
0100 15.45975
0010 15.694125
1000 15.8113125
0100 15.9285
0010 16.162875
0001 16.2800625
0200 16.39725
0301 16.866
1000 16.9831875
0010 17.100375
1000 17.2175625
0001 17.33475
0010 17.4519375
0100 17.569125
1000 17.6863125
0100 17.8035
1000 17.9206875
0001 18.037875
0100 18.1550625
0010 18.27225
1000 18.3894375
0010 18.506625
0100 18.6238125
0001 18.741
1000 18.8581875
0100 18.975375
0010 19.0925625
0001 19.20975
0010 19.3269375
0001 19.444125
1000 19.5613125
0001 19.6785
0100 19.7956875
0010 19.912875
1000 20.0300625
0001 20.14725
0010 20.2644375
0100 20.381625
1000 20.4988125
0100 20.616
1000 20.7331875
0001 20.850375
0100 20.9675625
0010 21.08475
0100 21.2019375
0001 21.319125
1000 21.4363125
0001 21.5535
1000 21.6706875
0100 21.787875
0010 21.9050625
0100 22.02225
1000 22.1394375
0001 22.256625
1000 22.3738125
0010 22.491
0100 22.6081875
0010 22.725375
1000 22.8425625
0001 22.95975
0010 23.0769375
0001 23.194125
1000 23.3113125
0100 23.4285
1000 23.5456875
0001 23.662875
0100 23.7800625
0010 23.89725
1000 24.0144375
0010 24.131625
1000 24.2488125
0001 24.366
0010 24.4831875
0100 24.600375
1000 24.7175625
0001 24.83475
0100 24.9519375
0001 25.069125
1000 25.1863125
0010 25.3035
1000 25.4206875
0001 25.537875
0100 25.6550625
0010 25.77225
1000 25.8894375
0001 26.006625
0010 26.1238125
0100 26.241
1000 26.3581875
0100 26.475375
1000 26.5925625
0001 26.70975
0100 26.8269375
0001 26.944125
1000 27.0613125
0010 27.1785
0100 27.2956875
0001 27.412875
1000 27.5300625
0100 27.64725
0010 27.7644375
0001 27.881625
1000 27.9988125
0001 28.116
0100 28.2331875
0010 28.350375
1000 28.4675625
0001 28.58475
1000 28.7019375
0100 28.819125
0010 28.9363125
0100 29.0535
1000 29.1706875
0100 29.287875
0010 29.4050625
0001 29.52225
1000 29.6394375
0001 29.756625
0100 29.8738125
0010 29.991
1000 30.1081875
0001 30.225375
0010 30.3425625
0100 30.45975
1000 30.5769375
0100 30.694125
1000 30.8113125
0001 30.9285
0100 31.0456875
0010 31.162875
1000 31.2800625
0001 31.39725
1000 31.5144375
0100 31.631625
0010 31.7488125
0001 31.866
1000 32.100375
1010 32.33475
0010 32.569125
0100 32.8035
0001 33.037875
1001 33.27225
1000 33.506625
0100 33.741
0010 33.975375
0011 34.20975
0001 34.444125
1000 34.6785
0010 34.912875
1010 35.14725
1000 35.381625
0001 35.616
0010 35.850375
0110 36.08475
0100 36.319125
1000 36.5535
0001 36.787875
0101 37.02225
0100 37.256625
0010 37.491
1000 37.725375
1001 37.95975
0001 38.194125
0010 38.4285
0100 38.662875
1100 38.89725
1000 39.131625
0001 39.366
0100 39.600375
0101 39.83475
0001 40.069125
0010 40.3035
0001 40.537875
1001 40.77225
1000 41.006625
0100 41.241
0010 41.475375
0110 41.70975
0100 41.944125
1000 42.1785
0001 42.412875
1001 42.64725
1000 42.881625
0010 43.116
0100 43.350375
0101 43.58475
0001 43.819125
0010 44.0535
0100 44.287875
1100 44.52225
1000 44.756625
0001 44.991
0100 45.225375
0110 45.45975
0010 45.694125
1000 45.9285
0001 46.162875
1001 46.39725
1000 46.631625
0001 46.866
0010 47.100375
0001 47.33475
0100 47.569125
0010 47.8035
1000 48.037875
0001 48.1550625
0010 48.27225
0100 48.3894375
1000 48.506625
0010 48.741
1000 48.975375
0001 49.20975
0100 49.444125
0010 49.6785
1000 49.912875
0001 50.0300625
0010 50.14725
0001 50.2644375
1000 50.381625
0010 50.616
0100 50.850375
0001 51.08475
0010 51.319125
0100 51.5535
1000 51.787875
0001 51.9050625
0100 52.02225
0010 52.1394375
1000 52.256625
0001 52.491
0010 52.725375
0100 52.95975
1000 53.194125
0010 53.4285
1000 53.662875
0001 53.7800625
0100 53.89725
0010 54.0144375
0100 54.131625
0001 54.366
1000 54.600375
0100 54.83475
1000 55.069125
0001 55.3035
1000 55.537875
0100 55.6550625
1000 55.77225
0001 55.8894375
1000 56.006625
0010 56.241
0100 56.475375
0001 56.70975
1000 56.944125
0010 57.1785
1000 57.412875
0001 57.5300625
0010 57.64725
0100 57.7644375
0010 57.881625
0001 58.116
1000 58.350375
0010 58.58475
0100 58.819125
0001 59.0535
1000 59.287875
0010 59.4050625
1000 59.52225
0001 59.6394375
0100 59.756625
0001 59.991
0100 60.225375
0001 60.3425625
0010 60.45975
0100 60.694125
1000 60.8113125
0010 60.9285
0100 61.162875
0001 61.2800625
0010 61.39725
0100 61.5144375
1000 61.631625
0001 61.866
1000 62.100375
1100 62.33475
0100 62.569125
0010 62.8035
0001 63.037875
1001 63.27225
1000 63.506625
0010 63.741
0100 63.975375
0101 64.20975
0001 64.444125
1000 64.6785
0100 64.912875
1100 65.14725
1000 65.381625
0001 65.616
0100 65.850375
0101 66.08475
0001 66.319125
0010 66.5535
0100 66.787875
1100 67.02225
1000 67.256625
0001 67.491
0010 67.725375
0110 67.95975
0100 68.194125
1000 68.4285
0001 68.662875
1001 68.89725
1000 69.131625
0010 69.366
0100 69.600375
0101 69.83475
0001 70.069125
1000 70.3035
0100 70.537875
0110 70.77225
0010 71.006625
0001 71.241
1000 71.475375
1010 71.70975
0010 71.944125
0100 72.1785
0001 72.412875
1001 72.64725
1000 72.881625
0100 73.116
0010 73.350375
0011 73.58475
0001 73.819125
1000 74.0535
0010 74.287875
1010 74.52225
1000 74.756625
0001 74.991
0010 75.225375
0110 75.45975
0100 75.694125
1000 75.9285
0001 76.162875
1001 76.39725
1000 76.631625
0001 76.866
0100 77.100375
0010 77.33475
1000 77.569125
0100 77.8035
0010 78.037875
0001 78.1550625
0100 78.27225
0001 78.3894375
1000 78.506625
0010 78.741
0100 78.975375
0001 79.20975
1000 79.444125
0100 79.6785
0010 79.912875
0001 80.0300625
0100 80.14725
0010 80.2644375
1000 80.381625
0001 80.616
1000 80.850375
0100 81.08475
0010 81.319125
0100 81.5535
1000 81.787875
0001 81.9050625
0010 82.02225
0001 82.1394375
0100 82.256625
0010 82.491
1000 82.725375
0001 82.95975
1000 83.194125
0100 83.4285
0010 83.662875
0001 83.7800625
0010 83.89725
0001 84.0144375
0100 84.131625
0010 84.366
1000 84.600375
0001 84.83475
1000 85.069125
0100 85.3035
0010 85.537875
0100 85.6550625
1000 85.77225
0010 85.8894375
1000 86.006625
0001 86.241
0100 86.475375
0010 86.70975
1000 86.944125
0001 87.1785
0010 87.412875
0001 87.5300625
0100 87.64725
0010 87.7644375
0100 87.881625
0001 88.116
1000 88.350375
0100 88.58475
0010 88.819125
0001 89.0535
1000 89.287875
0010 89.4050625
0100 89.52225
0001 89.6394375
0010 89.756625
0100 89.991
1000 90.14725
0001 90.3035
1000 90.45975
0010 90.616
0100 90.77225
0001 90.9285
2000 91.162875
3001 91.866
0010 91.9831875
0100 92.100375
0010 92.2175625
0001 92.33475
1000 92.4519375
0010 92.569125
0100 92.6863125
0001 92.8035
1000 92.9206875
0001 93.037875
0010 93.1550625
0001 93.27225
1000 93.3894375
0010 93.506625
0100 93.6238125
0001 93.741
1000 93.8581875
0001 93.975375
0010 94.0925625
0100 94.20975
1000 94.3269375
0100 94.444125
1000 94.5613125
0001 94.6785
0100 94.7956875
0010 94.912875
1000 95.0300625
0001 95.14725
1000 95.2644375
0100 95.381625
1000 95.4988125
0001 95.616
0100 95.7331875
0010 95.850375
0100 95.9675625
0001 96.08475
1000 96.2019375
0100 96.319125
0010 96.4363125
0100 96.5535
1000 96.6706875
0001 96.787875
0100 96.9050625
0001 97.02225
1000 97.1394375
0100 97.256625
0010 97.3738125
0001 97.491
0010 97.6081875
0100 97.725375
1000 97.8425625
0001 97.95975
0100 98.0769375
0010 98.194125
1000 98.3113125
0010 98.4285
0100 98.5456875
0001 98.662875
1000 98.7800625
0100 98.89725
0010 99.0144375
0001 99.131625
1000 99.2488125
0001 99.366
0010 99.4831875
0100 99.600375
0010 99.7175625
0001 99.83475
1000 99.9519375
0010 100.069125
0100 100.1863125
0001 100.3035
1000 100.4206875
0001 100.537875
0010 100.6550625
0001 100.77225
1000 100.8894375
0010 101.006625
0100 101.1238125
0001 101.241
1000 101.3581875
0001 101.475375
0010 101.5925625
0100 101.70975
0010 101.8269375
0001 101.944125
1000 102.0613125
0010 102.1785
0100 102.2956875
0001 102.412875
1000 102.5300625
0100 102.64725
0010 102.7644375
0100 102.881625
1000 102.9988125
0001 103.116
0100 103.2331875
0010 103.350375
1000 103.4675625
0001 103.58475
1000 103.7019375
0100 103.819125
1000 103.9363125
0001 104.0535
0100 104.1706875
0010 104.287875
1000 104.4050625
0001 104.52225
0010 104.6394375
0100 104.756625
1000 104.8738125
0100 104.991
1000 105.1081875
0001 105.225375
0100 105.3425625
0010 105.45975
1000 105.5769375
0001 105.694125
1000 105.8113125
0100 105.9285
1000 106.0456875
0001 106.162875
0100 106.2800625
0010 106.39725
1000 106.5144375
0001 106.631625
1000 106.7488125
0100 106.866
0010 106.9831875
0001 107.100375
0010 107.2175625
0100 107.33475
0010 107.4519375
0001 107.569125
1000 107.6863125
0010 107.8035
0100 107.9206875
0001 108.037875
0100 108.1550625
0010 108.27225
1000 108.3894375
0001 108.506625
0010 108.6238125
0100 108.741
1000 108.8581875
0001 108.975375
0010 109.0925625
0100 109.20975
0010 109.3269375
0001 109.444125
1000 109.5613125
0010 109.6785
0100 109.7956875
0001 109.912875
1000 110.0300625
0001 110.14725
0100 110.2644375
0010 110.381625
1000 110.4988125
0010 110.616
1000 110.7331875
0001 110.850375
0010 110.9675625
0100 111.08475
1000 111.2019375
0100 111.319125
1000 111.4363125
0001 111.5535
0010 111.6706875
0001 111.787875
1000 111.9050625
0010 112.02225
0100 112.1394375
0001 112.256625
1000 112.3738125
0001 112.491
0010 112.6081875
0001 112.725375
1000 112.8425625
0010 112.95975
0100 113.0769375
0010 113.194125
1000 113.3113125
0001 113.4285
0010 113.5456875
0001 113.662875
1000 113.7800625
0010 113.89725
1000 114.0144375
0001 114.131625
0010 114.2488125
0100 114.366
1000 114.4831875
0100 114.600375
1000 114.7175625
0001 114.83475
0100 114.9519375
0010 115.069125
1000 115.1863125
0001 115.3035
1000 115.4206875
0100 115.537875
1000 115.6550625
0001 115.77225
0100 115.8894375
0010 116.006625
1000 116.1238125
0001 116.241
0010 116.3581875
0100 116.475375
1000 116.5925625
0100 116.70975
1000 116.8269375
0001 116.944125
0100 117.0613125
0010 117.1785
1000 117.2956875
0001 117.412875
0010 117.5300625
0001 117.64725
1000 117.7644375
0010 117.881625
1000 117.9988125
0010 118.116
0100 118.2331875
0001 118.350375
1000 118.4675625
0001 118.58475
0010 118.7019375
0100 118.819125
1000 118.9363125
0001 119.0535
0010 119.1706875
0100 119.287875
1000 119.4050625
0001 119.52225
1000 119.6394375
0010 119.756625
1000 119.8738125
0001 119.991
0010 120.225375
0001 120.3425625
0100 120.45975
0010 120.694125
1000 120.8113125
0100 120.9285
0010 121.162875
0001 121.2800625
0200 121.39725
0301 121.866
0010 121.9831875
0001 122.100375
1000 122.2175625
0010 122.33475
0100 122.4519375
0001 122.569125
1000 122.6863125
0001 122.8035
0010 122.9206875
0100 123.037875
1000 123.1550625
0100 123.27225
0010 123.3894375
0001 123.506625
1000 123.6238125
0010 123.741
0100 123.8581875
0001 123.975375
1000 124.0925625
0001 124.20975
0010 124.3269375
0001 124.444125
1000 124.5613125
0010 124.6785
0100 124.7956875
0001 124.912875
1000 125.0300625
0100 125.14725
0010 125.2644375
0001 125.381625
1000 125.4988125
0001 125.616
0100 125.7331875
0010 125.850375
0100 125.9675625
0001 126.08475
1000 126.2019375
0001 126.319125
0010 126.4363125
0100 126.5535
0010 126.6706875
0001 126.787875
1000 126.9050625
0010 127.02225
0100 127.1394375
0001 127.256625
1000 127.3738125
0100 127.491
0010 127.6081875
0100 127.725375
1000 127.8425625
0001 127.95975
0100 128.0769375
0001 128.194125
1000 128.3113125
0010 128.4285
0100 128.5456875
0001 128.662875
1000 128.7800625
0001 128.89725
0010 129.0144375
0100 129.131625
1000 129.2488125
0100 129.366
1000 129.4831875
0001 129.600375
0100 129.7175625
0010 129.83475
1000 129.9519375
0001 130.069125
1000 130.1863125
0100 130.3035
0010 130.4206875
0001 130.537875
1000 130.6550625
0010 130.77225
0100 130.8894375
0010 131.006625
1000 131.1238125
0001 131.241
0010 131.3581875
0001 131.475375
1000 131.5925625
0001 131.70975
0010 131.8269375
0001 131.944125
1000 132.0613125
0010 132.1785
0100 132.2956875
0001 132.412875
1000 132.5300625
0010 132.64725
0100 132.7644375
0010 132.881625
1000 132.9988125
0001 133.116
0010 133.2331875
0100 133.350375
1000 133.4675625
0001 133.58475
0100 133.7019375
0010 133.819125
0100 133.9363125
0001 134.0535
1000 134.1706875
0100 134.287875
0010 134.4050625
0001 134.52225
1000 134.6394375
0001 134.756625
0010 134.8738125
0100 134.991
0100 135.3425625
0200 135.694125
0300 136.836703125
