TITLE Eternal Fantasy
BPM   127.0
NOTES
0001 2.184763779527559
0010 2.4209842519685036
0100 2.6572047244094485
0010 2.8934251968503935
0001 3.306811023622047
1000 3.3658661417322833
0010 3.602086614173228
0100 3.838307086614173
0001 4.074527559055118
0010 4.310748031496063
0100 4.546968503937007
1000 4.783188976377953
0001 5.2556299212598425
0100 5.491850393700787
0001 5.728070866141732
1000 5.964291338582677
0100 6.200511811023621
0010 6.436732283464567
0001 6.672952755905511
0100 7.145393700787401
0010 7.381614173228346
0001 7.617834645669291
0100 8.090275590551181
0010 8.326496062992126
0001 8.56271653543307
0100 9.035157480314961
0010 9.271377952755905
0001 9.50759842519685
1000 9.566653543307087
0001 9.625708661417322
1000 9.68476377952756
0001 9.743818897637794
0100 9.980039370078739
0110 10.216259842519683
0010 10.45248031496063
1000 10.865866141732283
0001 10.924921259842518
0011 11.161141732283463
0010 11.39736220472441
0001 11.869803149606298
1001 12.106023622047243
1000 12.342244094488189
0001 12.578464566929133
1000 12.814685039370078
1010 13.050905511811022
0010 13.287125984251968
1000 13.523346456692913
0100 13.641456692913385
0010 13.759566929133857
0001 13.87767716535433
0100 13.995787401574802
0010 14.113897637795276
1000 14.232007874015748
0001 14.35011811023622
3003 14.940669291338581
0001 16.357992125984254
1000 16.41704724409449
0001 16.476102362204728
0100 16.53515748031496
0010 16.594212598425198
0100 16.653267716535435
0001 16.712322834645672
1000 16.771377952755905
0001 16.830433070866142
0010 16.88948818897638
0100 16.948543307086616
1000 17.007598425196853
0001 17.066653543307087
0010 17.125708661417324
0100 17.18476377952756
0010 17.243818897637798
0001 17.30287401574803
0100 17.539094488188976
0101 17.77531496062992
0001 18.011535433070865
1000 18.12964566929134
0001 18.365866141732283
0010 18.483976377952757
0110 18.7201968503937
0100 18.956417322834646
1000 19.19263779527559
0001 19.428858267716535
0011 19.66507874015748
0010 19.901299212598424
0100 20.019409448818898
1000 20.255629921259843
0001 20.373740157480317
1001 20.60996062992126
1000 20.846181102362205
0010 21.08240157480315
0100 21.200511811023624
0001 21.318622047244094
1000 21.55484251968504
0001 21.672952755905513
0010 21.791062992125983
0001 21.909173228346457
1000 22.1453937007874
0010 22.20444881889764
1000 22.263503937007876
1001 22.49972440944882
0001 22.735944881889765
0010 22.97216535433071
0100 23.090275590551183
1000 23.208385826771654
0001 23.326496062992128
1000 23.444606299212598
0001 23.680826771653543
1000 23.798937007874017
0001 24.03515748031496
0100 24.153267716535435
0010 24.271377952755905
0100 24.38948818897638
0101 24.86192913385827
0001 25.098149606299213
1001 25.334370078740157
1000 25.570590551181102
0001 25.688700787401576
0100 25.92492125984252
0001 26.043031496062994
0011 26.27925196850394
0010 26.515472440944883
0001 26.751692913385828
1000 26.987913385826772
1010 27.224133858267717
0010 27.46035433070866
0100 27.578464566929135
0001 27.81468503937008
1000 27.932795275590554
1100 28.169015748031498
0100 28.405236220472442
0010 28.641456692913387
0001 28.75956692913386
1000 28.87767716535433
0010 29.113897637795276
1000 29.23200787401575
0001 29.35011811023622
0010 29.468228346456694
0100 29.70444881889764
1000 29.822559055118113
0001 29.940669291338583
0100 30.058779527559057
0001 30.176889763779528
1000 30.531220472440946
0001 30.64933070866142
1000 30.76744094488189
1010 31.003661417322835
0010 31.23988188976378
1000 31.357992125984254
0001 31.476102362204724
0010 31.594212598425198
0100 31.830433070866142
1100 31.948543307086616
1000 32.18476377952756
1001 32.420984251968505
0001 32.65720472440945
0101 32.893425196850394
0100 33.12964566929134
0010 33.60208661417323
1010 33.83830708661417
1000 34.07452755905512
0001 34.31074803149606
0100 34.54696850393701
0101 34.78318897637795
0001 35.0194094488189
0010 35.25562992125984
0100 35.37374015748031
0100 35.60996062992126
1000 35.72807086614173
0001 35.964291338582676
0010 36.08240157480315
0100 36.200511811023624
1000 36.43673228346457
1010 36.67295275590551
0010 36.90917322834646
1000 37.38161417322835
1001 37.61783464566929
0001 37.85405511811024
0010 38.09027559055118
0100 38.32649606299213
1000 38.444606299212595
1000 38.68082677165354
0001 38.79893700787402
0100 39.03515748031496
0010 39.15326771653543
1000 39.38948818897638
0001 39.507598425196846
1000 39.86192913385827
0100 39.920984251968505
0010 39.98003937007874
0001 40.21625984251969
0101 40.45248031496063
0100 40.68870078740158
0001 41.16114173228347
0011 41.39736220472441
0010 41.63358267716536
0001 41.8698031496063
0100 42.106023622047246
0101 42.34224409448819
0001 42.578464566929135
1000 43.050905511811024
0001 43.1690157480315
1001 43.287125984251965
1000 43.52334645669291
0100 43.64145669291339
0010 43.75956692913386
0001 43.99578740157481
0011 44.23200787401575
0010 44.4682283464567
0100 44.586338582677165
1000 44.94066929133859
1001 45.17688976377953
0001 45.413110236220476
0010 45.64933070866142
0100 45.885551181102365
1000 46.00366141732283
1000 46.23988188976378
0001 46.357992125984254
0100 46.594212598425194
0010 46.71232283464567
1000 46.94854330708662
0001 47.06665354330708
1000 47.420984251968505
0010 47.48003937007874
0100 47.53909448818898
0001 47.77531496062993
0101 48.01153543307087
0100 48.247755905511816
0010 48.720196850393705
1010 48.956417322834646
1000 49.192637795275594
0010 49.428858267716535
0100 49.66507874015748
0110 49.901299212598424
0010 50.13751968503937
1000 50.49185039370079
0001 50.728070866141735
0100 50.8461811023622
0010 51.08240157480315
0100 51.3186220472441
0010 51.554842519685046
0110 51.79106299212599
0100 52.027283464566935
0001 52.499724409448824
1001 52.735944881889765
1000 52.97216535433071
0010 53.09027559055119
0100 53.208385826771654
0001 53.4446062992126
1001 53.68082677165354
1000 53.91704724409449
0001 54.15326771653543
0010 54.271377952755905
0100 54.50759842519685
1000 54.62570866141732
0001 54.98003937007874
0100 55.03909448818898
0001 55.098149606299216
0010 55.334370078740164
0011 55.570590551181105
0001 55.80681102362205
1000 56.27925196850394
1010 56.51547244094488
0010 56.75169291338583
0100 56.98791338582677
0001 57.22413385826772
0101 57.46035433070866
0100 57.69657480314961
0001 58.1690157480315
0010 58.28712598425197
0011 58.40523622047244
0001 58.64145669291339
1000 58.877677165354335
0001 59.11389763779528
0011 59.350118110236224
0010 59.58633858267717
0100 60.05877952755906
1000 60.295
0001 60.413110236220476
1000 60.76744094488189
0100 61.00366141732284
0110 61.23988188976378
0010 61.47610236220473
0001 61.71232283464567
1000 61.771377952755905
0010 61.83043307086614
0100 61.88948818897638
0001 61.94854330708662
1000 62.00759842519685
0010 62.06665354330709
1000 62.12570866141732
0001 62.18476377952756
0010 62.243818897637794
0100 62.30287401574803
1000 62.36192913385827
0001 62.420984251968505
1000 62.48003937007874
0100 62.53909448818898
0010 62.598149606299216
0001 62.657204724409446
1000 62.77531496062992
0100 62.893425196850394
0110 63.129645669291335
0010 63.36586614173228
0001 63.48397637795275
1000 63.7201968503937
0001 63.83830708661417
0011 64.07452755905511
0010 64.31074803149606
0100 64.54696850393701
1000 64.78318897637796
1001 65.0194094488189
0001 65.25562992125984
0100 65.37374015748031
0010 65.60996062992126
1000 65.72807086614173
1001 65.96429133858268
0001 66.20051181102362
0010 66.43673228346456
0100 66.67295275590551
0110 66.90917322834646
0010 67.1453937007874
0001 67.26350393700787
1000 67.49972440944882
0001 67.61783464566929
0101 67.85405511811024
0100 68.09027559055117
0010 68.32649606299212
1000 68.4446062992126
0010 68.56271653543307
0110 68.79893700787402
0100 69.03515748031495
0001 69.15326771653542
1000 69.38948818897637
0100 69.50759842519685
1000 69.62570866141732
1100 69.7438188976378
0100 69.98003937007873
1000 70.0981496062992
1001 70.21625984251969
0001 70.45248031496064
1001 70.68870078740159
1000 70.92492125984252
0100 71.043031496063
0010 71.27925196850394
0001 71.39736220472442
1001 71.63358267716536
1000 71.8698031496063
0010 72.10602362204725
1000 72.3422440944882
1100 72.57846456692914
0100 72.81468503937008
1000 72.93279527559055
0001 73.1690157480315
1000 73.28712598425197
0001 73.52334645669292
0010 73.6414566929134
0001 73.9957874015748
1000 74.23200787401575
0010 74.35011811023622
1000 74.4682283464567
0001 74.70444881889763
1000 74.8225590551181
0001 75.05877952755905
0100 75.17688976377953
0101 75.41311023622048
0001 75.64933070866141
1000 75.88555118110236
0100 76.1217716535433
0110 76.35799212598425
0010 76.59421259842519
0001 76.71232283464566
1000 76.94854330708661
0001 77.06665354330708
0100 77.18476377952756
0001 77.30287401574803
1000 77.4209842519685
0100 77.53909448818897
1000 77.65720472440944
1001 77.77531496062993
0001 78.01153543307088
0101 78.24775590551182
0100 78.48397637795276
0010 78.60208661417323
1000 78.83830708661418
0001 78.95641732283465
0010 79.07452755905513
0100 79.1926377952756
0010 79.42885826771654
0001 79.66507874015748
1000 79.90129921259843
1001 80.13751968503938
0001 80.37374015748031
0100 80.49185039370079
0001 80.72807086614173
1000 80.84618110236221
1100 81.08240157480316
0100 81.31862204724409
0010 81.55484251968504
0001 81.79106299212599
1001 82.02728346456693
1000 82.26350393700787
0010 82.38161417322834
1000 82.61783464566929
0100 82.73594488188976
0110 82.97216535433071
0010 83.20838582677165
0001 83.4446062992126
1000 83.68082677165354
0010 83.79893700787402
1000 83.91704724409449
0001 84.15326771653542
1000 84.2713779527559
0010 84.50759842519685
0100 84.62570866141732
0001 84.7438188976378
1000 84.86192913385827
0001 85.0981496062992
1000 85.21625984251968
0010 85.27531496062991
1000 85.33437007874016
0010 85.57059055118111
1010 85.80681102362206
1000 86.043031496063
0001 86.16114173228347
0010 86.39736220472442
0001 86.51547244094489
0011 86.75169291338584
0010 86.98791338582677
0100 87.22413385826772
1000 87.46035433070867
1001 87.69657480314962
0001 87.93279527559055
0100 88.05090551181102
0010 88.28712598425197
0100 88.40523622047245
0101 88.6414566929134
0001 88.87767716535433
1001 89.11389763779528
1000 89.35011811023622
1010 89.58633858267717
0010 89.8225590551181
0100 89.94066929133858
0001 90.17688976377953
1000 90.295
0001 90.53122047244095
1000 90.64933070866142
0100 91.00366141732283
0010 91.23988188976378
0011 91.47610236220473
0001 91.71232283464566
1000 91.83043307086614
0010 92.06665354330708
1000 92.18476377952756
0100 92.30287401574803
0010 92.4209842519685
0100 92.77531496062991
1000 92.83437007874015
0002 92.89342519685039
0003 96.67295275590551
