TITLE Exciting Hyper Highspeed Star
BPM   180.15
NOTES
0100 2.6644462947543714
1001 2.9975020815986677
0010 3.3305578684429644
1001 3.6636136552872607
0100 3.996669442131557
1001 4.329725228975853
1000 4.6627810158201495
0002 4.8293089092422985
2003 4.995836802664446
3002 5.162364696086595
0203 5.328892589508743
0302 5.661948376353039
2003 5.911740216486262
3010 6.07826810990841
0100 6.1615320566194836
0010 6.244796003330558
0100 6.328059950041633
0001 6.411323896752706
0100 6.49458784346378
0010 6.577851790174854
1000 6.661115736885929
1000 6.827643630308077
0100 6.9109075770191515
0100 7.0774354704413
0010 7.160699417152373
0010 7.327227310574521
0001 7.410491257285596
1000 7.49375520399667
0001 7.577019150707744
0001 7.743547044129892
1000 7.826810990840967
0010 7.993338884263114
0010 8.159866777685263
0100 8.243130724396336
0100 8.409658617818485
0001 8.49292256452956
1000 8.576186511240632
0001 8.659450457951706
0010 8.742714404662781
0100 8.825978351373855
1000 8.90924229808493
1000 9.075770191507077
0100 9.159034138218152
1000 9.3255620316403
1000 9.503191784623926
0001 9.592006661115738
0001 9.769636414099363
1000 9.858451290591175
1000 10.0360810435748
0100 10.124895920066612
0010 10.302525673050237
0001 10.391340549542049
1000 10.480155426033862
0020 10.657785179017486
2030 10.990840965861782
3200 11.240632805995004
0310 11.407160699417153
0001 11.490424646128227
1000 11.5736885928393
0001 11.656952539550375
1000 11.740216486261449
0010 11.823480432972524
0100 11.906744379683598
0001 11.99000832639467
0001 12.15653621981682
1000 12.239800166527893
1000 12.406328059950042
0010 12.489592006661116
0010 12.656119900083263
0100 12.739383846794338
0010 12.822647793505412
1000 12.905911740216485
1000 13.072439633638634
0001 13.155703580349709
1000 13.322231473771858
1000 13.488759367194007
0100 13.57202331390508
0100 13.738551207327228
1000 13.821815154038303
0001 13.905079100749376
1000 13.98834304746045
0010 14.071606994171525
0100 14.1548709408826
0010 14.238134887593674
0010 14.404662781015821
1000 14.487926727726895
0001 14.654454621149043
0001 14.820982514571192
1000 14.904246461282264
1000 15.070774354704414
0100 15.154038301415488
1000 15.320566194837635
0011 15.653621981681932
2000 15.986677768526228
3200 16.319733555370526
0320 16.569525395503746
0031 16.736053288925895
1000 16.81931723563697
0001 16.902581182348044
1000 16.98584512905912
0100 17.069109075770193
0010 17.152373022481264
0001 17.23563696919234
0010 17.318900915903413
0010 17.485428809325562
0001 17.568692756036636
0001 17.735220649458782
1000 17.818484596169856
1000 17.985012489592005
0010 18.06827643630308
1000 18.151540383014154
0010 18.23480432972523
0010 18.401332223147378
0100 18.48459616985845
0001 18.6511240632806
0001 18.828753816264225
0010 18.91756869275604
0010 19.095198445739662
0100 19.184013322231475
1000 19.27282819872329
0100 19.3616430752151
0010 19.450457951706912
0001 19.539272828198726
0010 19.628087704690536
0010 19.71690258118235
0001 19.805717457674163
1000 19.983347210657787
1000 20.149875104079936
0001 20.23313905079101
0001 20.399666944213156
0100 20.48293089092423
0100 20.64945878434638
0010 20.732722731057454
1000 20.899250624479603
0001 21.065778517901748
0010 21.149042464612823
0200 21.31557035803497
2300 21.64862614487927
3020 21.89841798501249
1030 22.06494587843464
0001 22.148209825145713
1000 22.231473771856788
0100 22.314737718567862
1000 22.398001665278933
0100 22.481265611990008
0010 22.564529558701082
0001 22.647793505412157
0001 22.814321398834306
1000 22.89758534554538
1000 23.064113238967526
0010 23.1473771856786
0010 23.31390507910075
0100 23.397169025811824
0010 23.480432972522898
1000 23.563696919233973
1000 23.730224812656118
0001 23.813488759367193
0100 23.98001665278934
0100 24.157646405772965
0010 24.24646128226478
0010 24.424091035248402
1000 24.512905911740216
0001 24.60172078823203
1000 24.69053566472384
0100 24.779350541215653
0010 24.868165417707466
0001 24.956980294199276
0001 25.04579517069109
0010 25.134610047182903
0100 25.31223980016653
0100 25.47876769358868
1000 25.562031640299754
1000 25.7285595337219
0001 25.811823480432974
0100 25.978351373855123
0110 26.31140716069942
1010 26.644462947543715
0010 26.810990840965864
1000 26.977518734388013
0010 27.14404662781016
0100 27.310574521232308
0001 27.477102414654457
0010 27.643630308076606
0100 27.81015820149875
1000 28.14321398834305
0100 28.3097418817652
0010 28.476269775187344
0100 28.642797668609493
1000 28.809325562031642
0001 28.97585345545379
1000 29.142381348875936
0010 29.475437135720234
0100 29.641965029142384
0010 29.80849292256453
1000 29.975020815986678
0001 30.141548709408827
0100 30.308076602830976
0010 30.47460449625312
2000 30.64113238967527
3002 30.97418817651957
1003 31.307243963363863
0100 31.557035803497087
0010 31.64029975020816
0010 31.806827643630307
0001 31.973355537052456
0010 32.306411323896754
0200 32.4729392173189
0300 32.97252289758534
1000 33.47210657785179
0001 33.63863447127394
1000 33.80516236469609
0010 33.97169025811824
0100 34.13821815154038
0001 34.30474604496253
0100 34.47127393838468
0010 34.637801831806826
2000 34.804329725228975
3002 35.13738551207327
0013 35.97002497918402
0100 36.303080766028316
1000 36.636136552872614
0100 36.719400499583685
0010 36.802664446294756
0001 36.885928393005834
0010 36.969192339716905
0100 37.05245628642798
1000 37.135720233139054
0001 37.21898417985013
1000 37.3022481265612
0001 37.46877601998335
0100 37.6353039134055
0010 37.80183180682765
0100 37.9683597002498
0001 38.13488759367194
0010 38.30141548709409
0100 38.46794338051624
1000 38.80099916736054
0001 38.967527060782686
1000 39.134054954204835
0001 39.300582847626984
0100 39.467110741049126
0010 39.633638634471275
0100 39.800166527893424
0001 40.13322231473772
0100 40.29975020815987
0010 40.46627810158202
0100 40.63280599500417
0010 40.79933388842631
1000 40.96586178184846
0100 41.13238967527061
0020 41.29891756869276
0230 41.631973355537056
0310 41.965029142381354
0010 42.214820982514574
0100 42.298084929225645
0100 42.464612822647794
1000 42.63114071606994
0001 42.96419650291424
0200 43.13072439633639
0300 43.63030807660283
0010 44.12989175686928
1000 44.296419650291426
0001 44.462947543713575
1000 44.629475437135724
0001 44.796003330557866
0100 44.962531223980015
0010 45.129059117402164
1000 45.29558701082431
0200 45.46211490424646
0320 45.79517069109076
0031 46.6278101582015
0002 46.960865945045796
1003 47.293921731890094
0100 47.377185678601165
0010 47.460449625312236
0100 47.626977518734385
1000 47.793505412156534
0002 47.96003330557868
0013 48.29308909242298
0200 48.45961698584513
1300 48.79267277268942
1001 49.12572855953372
0002 49.62531223980017
2003 49.958368026644465
3002 50.291423813488755
2003 50.62447960033306
3010 50.95753538717736
0200 51.12406328059951
0301 51.4571190674438
1001 51.7901748542881
2000 52.289758534554544
3020 52.62281432139884
0230 52.95587010824313
0302 53.28892589508743
0013 53.62198168193173
0200 53.78850957535388
0310 54.12156536219817
0011 54.45462114904247
0002 54.954204829308914
2003 55.28726061615321
3002 55.6203164029975
1003 55.9533721898418
0001 56.11990008326395
0010 56.2864279766861
0100 56.45295587010825
1000 56.6194837635304
0100 57.11906744379684
0010 57.285595337218986
0001 57.452123230641135
1000 57.618651124063284
0001 57.78517901748543
0002 58.118234804329724
0023 58.28476269775187
0230 58.45129059117402
1300 58.61781848459617
0001 58.70108243130724
1000 58.78434637801832
0001 58.86761032472939
1000 58.95087427144047
0100 59.03413821815154
0010 59.11740216486262
0001 59.20066611157369
1000 59.28393005828477
0010 59.36719400499584
0100 59.45045795170691
0001 59.53372189841799
1000 59.61698584512906
0001 59.700249791840136
1000 59.78351373855121
0001 59.866777685262285
1000 59.950041631973356
0010 60.03330557868443
1000 60.116569525395505
0010 60.199833472106576
0100 60.283097418817654
0001 60.366361365528725
0100 60.4496253122398
0001 60.532889258950874
1000 60.61615320566195
0001 60.782681099084094
0010 60.94920899250624
0100 61.11573688592839
1100 61.28226477935054
1000 61.61532056619484
0011 61.94837635303914
0010 62.28143213988343
0001 62.614487926727726
0100 62.781015820149875
0010 62.947543713572024
1000 63.11407160699417
0001 63.28059950041632
0010 63.36386344712739
0100 63.447127393838464
1000 63.61365528726061
0001 63.78018318068276
1001 63.94671107410491
1000 64.27976686094921
1001 64.61282264779351
0001 64.9458784346378
0100 65.2789342214821
0001 65.44546211490425
1000 65.6119900083264
0001 65.77851790174854
0100 65.9450457951707
0010 66.02830974188177
1000 66.11157368859284
0010 66.278101582015
0100 66.44462947543714
0101 66.61115736885928
0001 66.94421315570358
0011 67.27726894254788
0010 67.61032472939218
0100 67.94338051623647
1000 68.10990840965862
0001 68.27643630308077
1000 68.44296419650291
0100 68.60949208992507
0100 68.77601998334721
0100 68.94254787676937
0100 69.10907577019151
0200 69.27560366361365
0300 70.27477102414655
1000 70.60782681099084
0001 70.77435470441299
1000 70.94088259783514
0100 71.10741049125728
0010 71.27393838467944
0001 71.35720233139051
0010 71.44046627810158
0100 71.60699417152374
1000 71.77352206494588
1001 71.94004995836804
0001 72.27310574521233
0101 72.60616153205663
0100 72.93921731890093
0001 73.27227310574521
1000 73.43880099916736
0100 73.60532889258951
1000 73.77185678601165
0001 73.93838467943381
0010 74.02164862614488
0001 74.10491257285595
1000 74.27144046627811
0010 74.43796835970025
1010 74.6044962531224
0001 74.9375520399667
1001 75.270607826811
1000 75.6036636136553
0010 75.93671940049958
0100 76.10324729392173
0001 76.26977518734388
0010 76.43630308076602
0100 76.60283097418818
1000 76.68609492089925
0001 76.76935886761032
0010 76.93588676103248
0100 77.10241465445462
1100 77.26894254787678
0010 77.60199833472107
1100 77.93505412156537
0001 78.26810990840967
2002 78.60116569525395
3003 78.93422148209825
0220 79.26727726894255
0330 79.60033305578685
2002 79.93338884263115
3003 81.26561199000832
0002 82.09825145711906
2003 82.26477935054122
3200 82.43130724396336
2300 82.59783513738552
3200 82.93089092422981
0320 83.18068276436304
0031 83.34721065778518
1000 83.43047460449625
0100 83.51373855120733
0010 83.59700249791841
0001 83.68026644462948
1000 83.76353039134055
0010 83.84679433805162
1000 83.9300582847627
1000 84.09658617818484
0010 84.17985012489592
0010 84.34637801831806
1000 84.42964196502913
1000 84.59616985845129
0100 84.67943380516236
0010 84.76269775187343
0001 84.8459616985845
0001 85.01248959200666
0010 85.09575353871773
0001 85.26228143213989
0001 85.42880932556203
0010 85.51207327227311
0010 85.67860116569526
0100 85.76186511240633
1000 85.84512905911741
0001 85.92839300582848
1000 86.01165695253955
0001 86.09492089925062
0100 86.1781848459617
0100 86.34471273938385
0010 86.42797668609492
0100 86.59450457951708
0100 86.76103247293922
0001 86.8442964196503
0001 87.01082431307245
0010 87.09408825978352
0010 87.26061615320567
0100 87.34388009991675
0010 87.51040799333889
0100 87.67693588676104
0010 87.76019983347211
0002 87.92672772689426
0203 88.25978351373855
0320 88.50957535387178
1030 88.67610324729392
0100 88.759367194005
1000 88.84263114071607
0100 88.92589508742715
1000 89.00915903413822
0001 89.09242298084929
0100 89.17568692756036
0010 89.25895087427145
0010 89.42547876769359
1000 89.50874271440468
1000 89.67527060782682
0001 89.75853455453789
0001 89.92506244796004
0010 90.00832639467112
0100 90.09159034138219
1000 90.17485428809326
1000 90.34138218151541
0010 90.42464612822648
0100 90.59117402164863
0100 90.75770191507077
0010 90.84096586178185
0010 91.007493755204
1000 91.09075770191507
0001 91.17402164862615
0010 91.25728559533722
0100 91.3405495420483
1000 91.42381348875936
0001 91.50707743547044
0001 91.67360532889259
1000 91.75686927560366
0010 91.92339716902582
0010 92.08992506244796
0100 92.17318900915905
0100 92.33971690258119
0001 92.42298084929226
1000 92.58950874271441
1001 92.92256452955871
0002 93.255620316403
2003 93.5886761032473
3200 93.83846794338052
0310 94.00499583680266
0001 94.08825978351373
1000 94.1715237302248
0100 94.25478767693589
0010 94.33805162364696
0100 94.42131557035803
1000 94.5045795170691
0100 94.58784346378019
0100 94.75437135720233
1000 94.83763530391342
1000 95.00416319733556
0010 95.08742714404663
0010 95.25395503746878
1000 95.33721898417986
0001 95.42048293089093
0010 95.503746877602
0010 95.67027477102415
0100 95.75353871773522
0010 95.92006661115737
0010 96.08659450457951
0001 96.1698584512906
0001 96.33638634471274
1000 96.4196502914238
0010 96.50291423813489
0100 96.58617818484596
0010 96.66944213155703
1000 96.7527060782681
0001 96.83597002497918
0001 97.00249791840133
0100 97.0857618651124
0010 97.25228975853456
0010 97.4188176519567
0100 97.50208159866779
0100 97.66860949208993
0001 97.751873438801
0001 97.91840133222316
0010 98.00166527893423
0100 98.16819317235637
1000 98.33472106577852
0001 98.4179850124896
2000 98.58451290591174
3200 98.91756869275603
0320 99.16736053288926
0031 99.3338884263114
1000 99.41715237302247
0100 99.50041631973355
0010 99.58368026644463
0100 99.6669442131557
0010 99.75020815986677
0100 99.83347210657784
1000 99.91673605328893
1000 100.08326394671107
0010 100.16652789342216
0010 100.3330557868443
1000 100.41631973355537
1000 100.58284762697753
0100 100.6661115736886
0010 100.74937552039967
0001 100.83263946711074
0001 100.9991673605329
0010 101.08243130724397
0001 101.24895920066612
0001 101.42658895364974
0100 101.51540383014157
0100 101.69303358312519
0001 101.781848459617
1000 101.8706633361088
0100 101.95947821260062
1000 102.04829308909244
0001 102.13710796558425
0010 102.22592284207606
0010 102.31473771856787
0100 102.40355259505968
1000 102.5811823480433
1000 102.74771024146544
0001 102.83097418817653
0001 102.99750208159867
1000 103.08076602830974
0001 103.2472939217319
0110 103.5803497085762
1001 103.91340549542049
