TITLE Family Dondon
BPM   122.0
NOTES
08 9.836065573770492
01 10.081967213114755
02 10.204918032786885
01 10.327868852459016
04 10.573770491803279
02 10.696721311475411
04 10.819672131147541
01 11.065573770491802
08 11.311475409836065
01 11.557377049180328
08 11.803278688524589
04 12.049180327868852
02 12.172131147540982
01 12.295081967213113
02 12.540983606557376
04 12.663934426229506
08 12.786885245901638
02 13.032786885245901
04 13.155737704918032
01 13.278688524590162
04 13.34016393442623
01 13.401639344262293
04 13.46311475409836
02 13.524590163934425
08 13.58606557377049
02 13.647540983606556
08 13.70901639344262
01 13.770491803278688
02 14.01639344262295
04 14.139344262295081
08 14.262295081967212
01 14.508196721311474
04 14.631147540983605
02 14.754098360655737
08 15.0
02 15.245901639344261
04 15.491803278688524
01 15.737704918032787
02 15.860655737704917
04 15.98360655737705
08 16.10655737704918
04 16.229508196721312
02 16.475409836065573
01 16.598360655737704
08 16.721311475409834
04 16.7827868852459
08 16.84426229508197
04 16.90573770491803
02 16.9672131147541
01 17.028688524590162
02 17.09016393442623
01 17.151639344262296
08 17.21311475409836
02 17.459016393442624
04 17.704918032786885
01 17.950819672131146
02 18.07377049180328
04 18.19672131147541
02 18.442622950819672
01 18.565573770491802
04 18.688524590163933
02 18.934426229508198
08 19.18032786885246
04 19.42622950819672
02 19.672131147540984
01 19.918032786885245
08 20.04098360655738
02 20.16393442622951
04 20.40983606557377
02 20.5327868852459
04 20.65573770491803
01 20.901639344262296
08 21.024590163934427
02 21.147540983606557
04 21.209016393442624
02 21.270491803278688
04 21.331967213114755
01 21.393442622950822
08 21.454918032786885
01 21.516393442622952
08 21.577868852459016
01 21.639344262295083
02 21.885245901639344
04 22.008196721311478
08 22.13114754098361
04 22.37704918032787
02 22.5
01 22.62295081967213
08 22.868852459016395
01 23.114754098360656
04 23.360655737704917
01 23.606557377049178
08 23.668032786885245
01 23.72950819672131
08 23.790983606557376
01 23.85245901639344
08 23.913934426229506
01 23.975409836065573
04 24.098360655737704
02 24.344262295081965
08 24.590163934426226
01 24.83606557377049
04 24.918032786885245
02 24.999999999999996
08 25.08196721311475
02 25.163934426229506
04 25.24590163934426
01 25.327868852459012
08 25.409836065573767
01 25.491803278688522
08 25.573770491803277
02 25.819672131147538
08 25.942622950819672
02 26.065573770491802
04 26.311475409836063
02 26.557377049180324
08 26.68032786885246
02 26.80327868852459
04 27.04918032786885
01 27.295081967213115
08 27.540983606557376
04 27.786885245901637
02 27.90983606557377
01 28.0327868852459
04 28.278688524590162
01 28.524590163934423
04 28.770491803278688
01 29.01639344262295
02 29.077868852459016
04 29.13934426229508
08 29.200819672131146
01 29.26229508196721
02 29.323770491803277
04 29.385245901639344
08 29.446721311475407
01 29.508196721311474
08 29.754098360655735
02 30.0
04 30.12295081967213
01 30.24590163934426
04 30.491803278688522
01 30.614754098360656
08 30.737704918032787
04 30.983606557377048
02 31.229508196721312
01 31.475409836065573
02 31.721311475409834
04 31.84426229508197
08 31.9672131147541
02 32.21311475409836
04 32.459016393442624
01 32.704918032786885
02 32.82786885245901
04 32.950819672131146
08 33.19672131147541
01 33.44262295081967
04 33.68852459016393
02 33.81147540983606
08 33.93442622950819
01 34.18032786885246
08 34.42622950819672
02 34.50819672131147
04 34.59016393442623
01 34.67213114754098
04 34.75409836065573
02 34.83606557377049
08 34.91803278688524
02 34.99999999999999
04 35.08196721311475
01 35.1639344262295
04 35.24590163934426
02 35.32786885245901
08 35.40983606557377
04 35.65573770491803
02 35.778688524590166
01 35.90163934426229
08 36.14754098360656
01 36.39344262295082
02 36.47540983606557
04 36.55737704918033
08 36.63934426229508
04 36.721311475409834
02 36.80327868852459
01 36.885245901639344
02 36.967213114754095
04 37.049180327868854
08 37.131147540983605
04 37.21311475409836
02 37.295081967213115
01 37.377049180327866
08 37.62295081967213
01 37.74590163934426
08 37.86885245901639
04 38.114754098360656
02 38.36065573770492
04 38.483606557377044
02 38.60655737704918
01 38.85245901639344
04 39.0983606557377
01 39.34426229508197
08 39.59016393442623
04 39.65163934426229
02 39.71311475409836
01 39.77459016393443
08 39.83606557377049
04 39.89754098360656
08 39.959016393442624
04 40.02049180327869
02 40.08196721311476
01 40.14344262295082
02 40.204918032786885
01 40.26639344262295
08 40.32786885245902
02 40.38934426229508
08 40.450819672131146
02 40.51229508196722
04 40.57377049180328
01 40.635245901639344
04 40.69672131147541
01 40.75819672131148
08 40.81967213114754
01 40.881147540983605
08 40.942622950819676
01 41.00409836065574
04 41.0655737704918
02 41.12704918032787
04 41.18852459016394
02 41.25
08 41.31147540983606
01 41.557377049180324
08 41.803278688524586
01 42.049180327868854
04 42.295081967213115
01 42.540983606557376
08 42.78688524590164
02 43.0327868852459
08 43.278688524590166
01 43.52459016393443
02 43.64754098360656
04 43.77049180327869
08 44.016393442622956
04 44.13934426229508
02 44.26229508196722
01 44.50819672131148
08 44.631147540983605
01 44.75409836065574
08 45.0
02 45.24590163934426
04 45.49180327868852
01 45.73770491803278
08 45.98360655737705
01 46.22950819672131
02 46.47540983606557
04 46.721311475409834
08 46.967213114754095
01 47.213114754098356
04 47.45901639344262
02 47.58196721311475
04 47.70491803278688
01 47.950819672131146
08 48.07377049180327
01 48.19672131147541
04 48.44262295081967
02 48.565573770491795
04 48.68852459016393
01 48.93442622950819
08 49.18032786885246
04 49.42622950819672
02 49.549180327868854
01 49.67213114754098
02 49.91803278688525
04 50.16393442622951
08 50.40983606557377
01 50.65573770491803
04 50.778688524590166
02 50.90163934426229
08 51.02459016393443
02 51.147540983606554
04 51.393442622950815
01 51.51639344262295
04 51.639344262295076
01 51.885245901639344
08 52.131147540983605
01 52.19262295081967
08 52.25409836065573
01 52.3155737704918
08 52.377049180327866
01 52.43852459016393
08 52.49999999999999
01 52.56147540983606
08 52.62295081967213
01 52.68442622950819
08 52.74590163934426
01 52.807377049180324
08 52.86885245901639
02 52.99180327868852
04 53.114754098360656
01 53.36065573770492
08 53.60655737704918
02 53.852459016393446
04 54.09836065573771
05 54.59016393442623
09 55.08196721311475
09 56.0655737704918
02 56.127049180327866
01 56.18852459016393
02 56.25
01 56.31147540983606
02 56.37295081967213
01 56.43442622950819
02 56.557377049180324
01 56.803278688524586
08 56.864754098360656
01 56.92622950819672
08 56.98770491803278
01 57.049180327868854
08 57.295081967213115
01 57.540983606557376
01 57.66393442622951
08 57.786885245901644
01 58.032786885245905
08 58.278688524590166
01 58.52459016393443
01 58.64754098360656
08 58.77049180327869
02 59.01639344262295
08 59.26229508196721
02 59.50819672131147
02 59.631147540983605
08 59.75409836065574
02 60.0
08 60.24590163934426
02 60.49180327868852
02 60.614754098360656
08 60.73770491803278
01 60.98360655737705
04 61.22950819672131
01 61.47540983606557
01 61.59836065573771
04 61.72131147540984
01 61.9672131147541
04 62.21311475409836
01 62.459016393442624
01 62.58196721311476
04 62.704918032786885
02 62.950819672131146
08 63.19672131147541
12 63.68852459016394
02 63.77049180327869
01 63.85245901639344
08 63.9344262295082
01 64.01639344262296
04 64.09836065573771
02 64.18032786885246
08 64.26229508196721
01 64.34426229508196
02 64.42622950819673
04 64.50819672131148
08 64.59016393442623
04 64.67213114754098
02 64.75409836065573
01 64.8360655737705
08 64.91803278688525
04 64.97950819672131
08 65.04098360655738
04 65.10245901639344
02 65.16393442622952
01 65.22540983606558
02 65.28688524590164
01 65.34836065573771
08 65.40983606557377
01 65.47131147540983
08 65.5327868852459
01 65.59426229508198
04 65.65573770491804
02 65.90163934426229
08 65.96311475409837
02 66.02459016393443
08 66.0860655737705
01 66.14754098360656
04 66.20901639344262
01 66.27049180327869
04 66.33196721311475
01 66.39344262295083
02 66.63934426229508
04 66.70081967213115
08 66.76229508196721
04 66.82377049180329
02 66.88524590163934
04 66.9467213114754
08 67.00819672131146
04 67.06967213114753
02 67.1311475409836
04 67.19262295081967
08 67.25409836065573
04 67.3155737704918
02 67.37704918032786
01 67.49999999999999
08 67.62295081967213
02 67.74590163934425
04 67.86885245901638
01 67.99180327868852
02 68.11475409836065
04 68.23770491803278
08 68.36065573770492
02 68.48360655737704
04 68.60655737704917
01 68.7295081967213
08 68.85245901639344
01 68.9139344262295
08 68.97540983606557
01 69.03688524590163
08 69.09836065573771
01 69.15983606557377
08 69.22131147540983
01 69.2827868852459
04 69.34426229508196
01 69.40573770491802
04 69.46721311475409
01 69.52868852459017
04 69.59016393442623
01 69.65163934426229
04 69.71311475409836
01 69.77459016393442
08 69.83606557377048
02 69.89754098360655
08 69.95901639344262
02 70.02049180327869
08 70.08196721311475
02 70.14344262295081
08 70.20491803278688
02 70.26639344262294
04 70.32786885245902
02 70.38934426229508
04 70.45081967213115
02 70.51229508196721
04 70.57377049180327
02 70.63524590163934
04 70.6967213114754
02 70.75819672131148
08 70.81967213114754
01 70.8811475409836
08 70.94262295081967
01 71.00409836065573
08 71.06557377049181
01 71.12704918032787
08 71.18852459016394
01 71.25
08 71.31147540983606
04 71.43442622950819
02 71.55737704918033
01 71.68032786885246
02 71.80327868852459
04 71.92622950819673
08 72.04918032786885
01 72.17213114754098
08 72.29508196721312
04 72.35655737704919
02 72.41803278688525
01 72.47950819672131
08 72.54098360655738
01 72.60245901639344
02 72.6639344262295
04 72.72540983606558
08 72.78688524590164
01 72.84836065573771
08 72.90983606557377
01 72.97131147540983
08 73.03278688524591
01 73.09426229508198
08 73.15573770491804
01 73.2172131147541
08 73.27868852459017
04 73.34016393442623
08 73.40163934426229
04 73.46311475409837
08 73.52459016393443
01 73.5860655737705
08 73.64754098360656
01 73.70901639344262
02 73.77049180327869
01 73.83196721311475
02 73.89344262295083
01 73.95491803278689
08 74.01639344262296
02 74.07786885245902
08 74.13934426229508
02 74.20081967213115
08 74.26229508196722
02 74.32377049180329
08 74.38524590163935
02 74.44672131147541
08 74.50819672131148
01 74.56967213114754
08 74.6311475409836
01 74.69262295081968
08 74.75409836065573
01 74.8155737704918
08 74.87704918032786
01 74.93852459016392
08 75.0
04 75.06147540983606
02 75.12295081967213
01 75.18442622950819
08 75.24590163934425
04 75.30737704918032
08 75.36885245901638
04 75.43032786885246
08 75.49180327868852
04 75.55327868852459
08 75.61475409836065
04 75.67622950819671
02 75.73770491803278
01 75.79918032786884
02 75.86065573770492
01 75.92213114754098
02 75.98360655737704
01 76.04508196721311
02 76.10655737704917
01 76.16803278688523
02 76.22950819672131
01 76.29098360655738
02 76.35245901639344
01 76.4139344262295
02 76.47540983606557
01 76.53688524590163
02 76.5983606557377
01 76.65983606557377
08 76.72131147540983
01 76.7827868852459
08 76.84426229508196
01 76.90573770491802
08 76.9672131147541
01 77.02868852459017
08 77.09016393442623
01 77.15163934426229
08 77.21311475409836
04 77.27459016393442
08 77.33606557377048
04 77.39754098360656
08 77.45901639344262
04 77.52049180327869
08 77.58196721311475
04 77.64344262295081
02 77.70491803278688
01 77.76639344262296
02 77.82786885245902
01 77.88934426229508
02 77.95081967213115
01 78.01229508196721
02 78.07377049180327
01 78.13524590163934
08 78.19672131147541
01 78.25819672131148
08 78.31967213114754
01 78.3811475409836
08 78.44262295081967
01 78.50409836065573
08 78.5655737704918
01 78.62704918032787
08 78.68852459016394
04 78.75
08 78.81147540983606
04 78.87295081967213
08 78.9344262295082
04 78.99590163934427
08 79.05737704918033
04 79.1188524590164
02 79.18032786885246
01 79.24180327868852
02 79.30327868852459
01 79.36475409836066
02 79.42622950819673
01 79.48770491803279
02 79.54918032786885
01 79.61065573770492
08 79.67213114754098
02 79.73360655737704
08 79.79508196721312
02 79.85655737704919
08 79.91803278688525
02 79.97950819672131
08 80.04098360655738
02 80.10245901639344
04 80.16393442622952
02 80.22540983606558
04 80.28688524590164
02 80.34836065573771
04 80.40983606557377
02 80.47131147540983
04 80.5327868852459
02 80.59426229508198
08 80.65573770491802
01 80.90163934426229
08 81.14754098360655
04 81.27049180327867
02 81.51639344262294
01 81.63934426229507
08 81.76229508196721
04 81.82377049180327
08 81.88524590163934
01 82.00819672131146
04 82.1311475409836
02 82.25409836065573
08 82.37704918032786
04 82.49999999999999
02 82.62295081967213
01 82.8688524590164
08 83.11475409836065
04 83.23770491803278
08 83.48360655737704
04 83.60655737704917
02 83.72950819672131
01 83.85245901639344
02 83.9139344262295
04 83.97540983606557
08 84.03688524590163
01 84.09836065573771
08 84.22131147540983
01 84.34426229508196
08 84.46721311475409
01 84.59016393442623
04 84.8360655737705
02 85.08196721311475
08 85.20491803278688
04 85.45081967213115
02 85.57377049180327
01 85.69672131147541
08 85.81967213114754
04 85.94262295081967
02 86.06557377049181
01 86.12704918032787
02 86.18852459016394
01 86.31147540983606
04 86.43442622950819
02 86.55737704918033
08 86.8032786885246
04 87.04918032786885
02 87.17213114754098
01 87.41803278688525
08 87.54098360655738
01 87.66393442622952
08 87.72540983606558
01 87.78688524590164
08 87.84836065573771
01 87.90983606557377
08 87.97131147540983
01 88.03278688524591
02 88.15573770491804
04 88.27868852459017
08 88.40163934426229
01 88.52459016393442
08 88.77049180327869
02 89.01639344262294
04 89.13934426229507
01 89.26229508196721
08 89.50819672131146
04 89.6311475409836
02 89.69262295081967
01 89.75409836065573
02 89.87704918032786
04 90.0
08 90.12295081967213
01 90.24590163934425
04 90.30737704918032
02 90.36885245901638
04 90.49180327868852
01 90.73770491803279
08 90.98360655737704
04 91.10655737704917
02 91.22950819672131
01 91.47540983606557
08 91.59836065573771
01 91.72131147540983
04 91.7827868852459
01 91.84426229508196
04 91.90573770491802
02 91.9672131147541
08 92.09016393442623
04 92.21311475409836
02 92.45901639344262
01 92.70491803278689
08 92.95081967213115
04 93.07377049180327
02 93.19672131147541
01 93.44262295081967
04 93.56557377049181
02 93.62704918032787
04 93.68852459016394
01 93.81147540983606
08 93.9344262295082
04 93.99590163934427
08 94.05737704918033
04 94.1188524590164
08 94.18032786885246
01 94.42622950819671
02 94.48770491803278
01 94.54918032786884
02 94.6106557377049
01 94.67213114754098
02 94.73360655737704
01 94.79508196721311
02 94.85655737704917
04 94.91803278688523
08 94.9795081967213
04 95.04098360655736
08 95.10245901639344
04 95.1639344262295
08 95.22540983606557
04 95.28688524590163
08 95.3483606557377
01 95.40983606557376
08 95.47131147540983
01 95.5327868852459
08 95.59426229508196
01 95.65573770491802
08 95.71721311475409
01 95.77868852459015
08 95.84016393442622
01 95.90163934426229
04 95.96311475409836
01 96.02459016393442
04 96.08606557377048
01 96.14754098360655
04 96.20901639344261
01 96.27049180327867
04 96.33196721311475
01 96.39344262295081
08 96.45491803278688
01 96.51639344262294
08 96.577868852459
01 96.63934426229508
08 96.70081967213115
01 96.76229508196721
08 96.82377049180327
01 96.88524590163934
02 96.9467213114754
01 97.00819672131146
02 97.06967213114754
01 97.1311475409836
02 97.19262295081967
01 97.25409836065573
02 97.3155737704918
01 97.37704918032786
02 97.43852459016392
04 97.5
08 97.56147540983606
01 97.62295081967213
02 97.68442622950819
04 97.74590163934425
08 97.80737704918032
01 97.8688524590164
04 97.93032786885246
02 97.99180327868852
08 98.05327868852459
01 98.11475409836065
04 98.17622950819671
02 98.23770491803278
08 98.29918032786885
01 98.36065573770492
08 98.85245901639344
01 99.34426229508196
08 99.8360655737705
01 99.89754098360656
08 99.95901639344262
01 100.02049180327869
08 100.08196721311475
01 100.14344262295081
08 100.20491803278688
01 100.26639344262296
08 100.32786885245902
04 100.57377049180329
02 100.81967213114754
04 101.06557377049181
08 101.31147540983606
04 101.55737704918033
02 101.8032786885246
01 102.04918032786885
08 102.29508196721311
01 102.54098360655738
08 102.6639344262295
04 102.78688524590163
08 103.0327868852459
02 103.15573770491802
04 103.27868852459015
02 103.52459016393442
08 103.64754098360655
01 103.77049180327869
02 104.01639344262294
04 104.26229508196721
08 104.50819672131148
04 104.75409836065573
02 105.0
01 105.24590163934425
08 105.49180327868852
01 105.73770491803279
08 105.98360655737704
02 106.22950819672131
08 106.47540983606558
02 106.59836065573771
04 106.72131147540983
01 106.9672131147541
02 107.09016393442623
04 107.21311475409836
08 107.45901639344262
02 107.58196721311475
08 107.70491803278689
02 107.95081967213115
08 108.19672131147541
01 108.44262295081968
02 108.56557377049181
04 108.68852459016394
08 108.9344262295082
01 109.18032786885246
04 109.42622950819673
02 109.672131147541
08 109.79508196721312
01 109.91803278688525
02 110.04098360655738
04 110.1639344262295
08 110.40983606557377
04 110.5327868852459
02 110.65573770491802
01 110.90163934426229
04 111.14754098360655
02 111.20901639344262
04 111.27049180327869
02 111.33196721311475
04 111.39344262295081
02 111.45491803278688
04 111.51639344262294
02 111.577868852459
04 111.63934426229508
02 111.70081967213115
04 111.76229508196721
02 111.82377049180327
04 111.88524590163934
01 112.00819672131146
08 112.1311475409836
02 112.37704918032787
08 112.62295081967213
02 112.8688524590164
04 113.11475409836065
05 113.60655737704919
09 114.09836065573771
09 115.08196721311475
08 115.32786885245902
02 115.45081967213115
04 115.57377049180329
01 115.69672131147541
04 115.81967213114754
02 115.94262295081967
08 116.0655737704918
04 116.31147540983606
02 116.43442622950819
01 116.55737704918032
08 116.80327868852459
01 116.92622950819671
08 117.04918032786884
04 117.29508196721311
02 117.54098360655738
01 117.6639344262295
02 117.78688524590163
04 117.90983606557376
02 118.0327868852459
01 118.27868852459017
08 118.40163934426229
01 118.52459016393442
04 118.77049180327869
02 119.01639344262294
08 119.077868852459
02 119.13934426229508
08 119.20081967213115
02 119.26229508196721
08 119.32377049180327
02 119.38524590163934
08 119.4467213114754
02 119.50819672131148
08 119.56967213114754
02 119.6311475409836
08 119.69262295081967
02 119.75409836065573
04 119.87704918032786
01 120.0
02 120.24590163934427
04 120.49180327868852
08 120.73770491803279
01 120.98360655737704
05 121.47540983606558
06 121.9672131147541
08 122.21311475409837
04 122.3360655737705
02 122.45901639344262
01 122.70491803278689
08 122.95081967213115
01 123.19672131147541
04 123.44262295081968
02 123.56557377049181
04 123.68852459016394
01 123.93442622950819
08 124.18032786885246
04 124.30327868852459
02 124.42622950819671
01 124.67213114754098
04 124.91803278688523
02 125.04098360655738
04 125.1639344262295
01 125.28688524590163
08 125.40983606557377
04 125.5327868852459
02 125.65573770491802
01 125.77868852459015
08 125.90163934426229
04 125.96311475409836
08 126.02459016393442
04 126.08606557377048
08 126.14754098360656
04 126.20901639344262
08 126.27049180327869
04 126.33196721311475
08 126.39344262295081
01 126.45491803278688
08 126.51639344262294
01 126.57786885245902
08 126.63934426229508
01 126.70081967213115
08 126.76229508196721
01 126.82377049180327
08 126.88524590163934
02 126.94672131147541
08 127.00819672131148
02 127.06967213114754
08 127.1311475409836
02 127.19262295081967
08 127.25409836065573
02 127.3155737704918
08 127.37704918032787
01 127.43852459016394
08 127.5
01 127.56147540983606
08 127.62295081967213
01 127.68442622950819
08 127.74590163934425
01 127.80737704918033
08 127.8688524590164
04 127.93032786885246
02 127.99180327868852
01 128.05327868852459
08 128.11475409836066
04 128.1762295081967
02 128.2377049180328
01 128.29918032786887
08 128.36065573770492
02 128.422131147541
04 128.48360655737704
01 128.54508196721312
08 128.60655737704917
02 128.66803278688525
04 128.72950819672133
01 128.79098360655738
08 128.85245901639345
