TITLE Fantasy World Repair Girl
BPM   193.0
NOTES
0001 4.977093264248705
1000 5.132533678756476
0100 5.210253886010363
1000 5.287974093264249
0001 5.443414507772021
0100 5.598854922279793
0010 5.754295336787565
1000 5.909735751295337
1002 6.065176165803109
0013 6.3760569948186525
0100 6.453777202072539
1000 6.531497409326425
0001 6.686937823834197
1000 6.8423782383419685
0010 6.997818652849741
0100 7.153259067357513
0010 7.308699481865284
1010 7.464139896373057
1000 7.619580310880829
0001 7.697300518134715
0010 7.775020725388601
0100 7.930461139896373
1000 8.00818134715026
0001 8.085901554404145
0100 8.163621761658032
0001 8.241341968911916
0100 8.319062176165803
0010 8.396782383419689
1000 8.474502590673575
0002 8.552222797927461
0003 9.018544041450776
1001 9.95118652849741
0001 10.1169896373057
0010 10.199891191709845
0100 10.282792746113989
1000 10.44859585492228
0001 10.61439896373057
0100 10.78020207253886
0100 11.028906735751296
1000 11.194709844559586
0010 11.372356032568469
0010 11.550002220577351
0001 11.727648408586234
1000 11.905294596595116
0010 12.082940784603998
0010 12.26058697261288
0100 12.438233160621762
0001 12.604036269430052
1000 12.686937823834196
0100 12.769839378238341
0010 12.935642487046632
0001 13.101445595854923
0100 13.267248704663212
0100 13.515953367875648
1000 13.681756476683937
0010 13.85940266469282
0010 14.037048852701702
0100 14.214695040710584
1000 14.392341228719467
0010 14.569987416728349
0010 14.747633604737231
1000 14.925279792746114
0001 15.091082901554405
0010 15.17398445595855
0100 15.256886010362694
1000 15.422689119170984
0001 15.588492227979275
0100 15.754295336787564
0100 16.003
1000 16.16880310880829
0010 16.33460621761658
0010 16.583310880829018
0001 16.749113989637305
1000 16.914917098445596
0010 17.080720207253886
1000 17.16362176165803
0001 17.246523316062177
0010 17.412326424870464
0100 17.578129533678755
0010 17.6610310880829
0001 17.743932642487046
1000 17.909735751295337
0100 18.075538860103624
0010 18.241341968911915
0010 18.49004663212435
1000 18.65584974093264
0100 18.821652849740932
0100 19.07035751295337
0001 19.236160621761655
1000 19.401963730569946
0010 19.567766839378237
1000 19.650668393782382
0010 19.733569948186528
1000 19.816471502590673
0001 19.89937305699482
0001 20.05481347150259
0010 20.210253886010364
0100 20.365694300518136
1000 20.521134715025905
0001 20.83201554404145
0200 20.987455958549223
0310 21.298336787564768
1000 21.45377720207254
0100 21.609217616580313
0002 21.764658031088082
0103 22.075538860103627
0010 22.2309792746114
0001 22.308699481865286
1000 22.386419689119172
1000 22.541860103626945
0020 22.697300518134718
0230 23.00818134715026
0301 23.319062176165804
0020 23.474502590673577
0130 23.78538341968912
1000 23.94082383419689
0010 24.096264248704664
0001 24.251704663212433
0010 24.407145077720205
1000 24.48486528497409
0010 24.562585492227978
0100 24.71802590673575
0101 24.873466321243523
0001 25.028906735751296
2000 25.184347150259068
3200 25.49522797927461
0310 25.806108808290155
0002 25.961549222797927
0103 26.272430051813473
0010 26.427870466321245
0100 26.583310880829018
2000 26.738751295336787
3100 27.049632124352332
0001 27.205072538860104
1000 27.28279274611399
0200 27.360512953367873
0302 27.67139378238342
2003 27.98227461139896
3010 28.293155440414505
0002 28.448595854922278
2003 28.759476683937823
3020 29.07035751295337
0130 29.38123834196891
0001 29.458958549222796
1000 29.536678756476682
0100 29.692119170984455
0110 29.847559585492228
0010 30.003
0002 30.158440414507773
1003 30.469321243523314
0010 30.624761658031087
0100 30.935642487046632
0001 31.01336269430052
1000 31.091082901554405
0100 31.246523316062177
0010 31.557404145077722
0100 31.868284974093264
1000 32.02372538860104
0001 32.101445595854926
1000 32.17916580310881
0010 32.25688601036269
0100 32.33460621761658
0100 32.490046632124354
0002 32.64548704663213
0013 32.95636787564767
0100 33.111808290155444
0010 33.42268911917098
0001 33.50040932642487
1000 33.578129533678755
0010 33.73356994818653
0100 34.04445077720207
0010 34.35533160621762
1000 34.4330518134715
0001 34.51077202072539
0010 34.58849222797927
0001 34.666212435233156
1000 34.743932642487046
0010 34.82165284974093
0010 34.9770932642487
0200 35.132533678756474
0301 35.44341450777202
0010 35.59885492227979
0100 35.90973575129533
0010 35.98745595854922
0001 36.06517616580311
1000 36.22061658031088
0010 36.53149740932643
1000 36.84237823834197
0100 36.997818652849745
0010 37.07553886010363
0001 37.15325906735751
1000 37.2309792746114
0010 37.30869948186528
0010 37.464139896373055
2000 37.61958031088083
3100 37.93046113989637
0010 38.085901554404145
0100 38.39678238341968
1000 38.55222279792746
0001 38.707663212435236
0101 39.01854404145078
0100 39.17398445595855
0010 39.329424870466326
1000 39.4848652849741
0001 39.640305699481864
0021 39.79574611398964
0130 40.10662694300518
1000 40.262067357512954
0001 40.41750777202073
1000 40.5729481865285
0010 40.65066839378238
1000 40.72838860103627
0001 40.88382901554404
0010 41.03926943005181
0100 41.19470984455958
0010 41.350150259067355
0100 41.42787046632124
1000 41.50559067357513
0001 41.6610310880829
0100 41.81647150259067
0010 41.971911917098446
1000 42.04963212435233
0001 42.12735233160621
1000 42.2050725388601
0100 42.28279274611399
0100 42.43823316062176
0020 42.593673575129536
0031 42.90455440414508
2000 43.059994818652854
3010 43.37087564766839
0100 43.526316062176164
0100 43.68175647668394
0002 43.83719689119171
1003 44.148077720207255
0100 44.30351813471503
1000 44.38123834196891
0001 44.4589585492228
0100 44.53667875647668
0010 44.614398963730565
0100 44.692119170984455
0002 44.769839378238345
0013 45.08072020725389
0100 45.23616062176166
0010 45.391601036269435
0001 45.54704145077721
1000 45.62476165803109
0010 45.70248186528498
0100 45.857922279792746
0010 46.01336269430052
1000 46.16880310880829
0001 46.32424352331606
0010 46.401963730569946
0100 46.479683937823836
1000 46.63512435233161
0001 46.79056476683938
0100 46.946005181347154
0010 47.02372538860104
1000 47.10144559585492
0001 47.17916580310881
1000 47.25688601036269
0001 47.412326424870464
1000 47.56776683937824
0100 47.72320725388601
0100 48.034088082901555
1000 48.18952849740933
0001 48.34496891191709
0100 48.42268911917098
0010 48.50040932642487
1000 48.655849740932645
0001 48.81129015544042
0010 48.96673056994819
0010 49.277611398963735
0100 49.35533160621762
0010 49.43305181347151
0001 49.51077202072539
1000 49.58849222797927
0001 49.66621243523316
0100 49.743932642487046
0100 49.89937305699482
0010 50.05481347150259
1000 50.21025388601036
0001 50.365694300518136
0001 50.52113471502591
0010 50.67657512953368
0100 50.83201554404145
1000 50.98745595854922
1000 51.14289637305699
0001 51.298336787564764
0100 51.45377720207254
0010 51.53149740932642
1000 51.60921761658031
1000 51.76465803108808
0001 51.920098445595855
1000 52.07553886010362
0100 52.15325906735751
0010 52.2309792746114
0010 52.38641968911917
0001 52.541860103626945
0100 52.69730051813472
0010 52.85274093264249
2000 53.00818134715026
3002 53.3190621761658
0013 53.629943005181346
0200 53.78538341968912
1300 54.096264248704664
0001 54.251704663212436
1000 54.32942487046632
0001 54.40714507772021
0100 54.562585492227974
0110 54.71802590673575
0010 54.87346632124352
1010 55.02890673575129
1001 55.33978756476684
0011 55.65066839378238
0020 55.80610880829015
0230 56.1169896373057
1300 56.427870466321245
0001 56.58331088082902
0100 56.73875129533679
0010 56.81647150259067
1000 56.89419170984456
1001 57.2050725388601
1000 57.36051295336787
1100 57.515953367875646
0011 57.82683419689119
0001 58.137715025906736
0010 58.21543523316062
0100 58.2931554404145
1000 58.37087564766839
0001 58.44859585492228
0001 59.225797927461144
1000 59.30351813471503
0001 59.38123834196892
2001 59.692119170984455
0001 59.84755958549223
3001 60.003
0010 60.15844041450777
0001 60.236160621761655
2000 60.313880829015545
0010 60.46932124352332
3010 60.62476165803109
0100 60.780202072538856
0020 60.93564248704663
1000 61.0910829015544
1030 61.246523316062174
0001 61.401963730569946
0010 61.47968393782383
0200 61.55740414507772
0010 61.71284455958549
0310 61.868284974093264
0001 62.02372538860103
1000 62.17916580310881
1000 62.33460621761658
0010 62.490046632124354
0100 62.64548704663213
0010 62.72320725388601
1000 62.8009274611399
1000 62.95636787564767
0100 63.111808290155444
0010 63.26724870466321
0001 63.42268911917098
0001 63.578129533678755
0010 63.73356994818653
0100 63.8890103626943
0010 63.96673056994818
0001 64.04445077720207
0001 64.19989119170984
1000 64.35533160621762
0010 64.51077202072538
0110 64.66621243523316
0100 64.82165284974093
0001 64.97709326424871
0010 65.13253367875647
0100 65.21025388601036
1000 65.28797409326425
1000 65.44341450777202
0100 65.5988549222798
0120 65.75429533678756
0031 66.0651761658031
1000 66.14289637305698
0010 66.22061658031087
0100 66.37605699481864
0001 66.45377720207253
1000 66.53149740932642
1000 66.68693782383419
0100 66.84237823834196
0010 66.99781865284973
0001 67.15325906735751
0100 67.30869948186528
0010 67.46413989637306
1000 67.61958031088082
0010 67.69730051813471
0100 67.7750207253886
0100 67.93046113989637
0001 68.08590155440415
0011 68.24134196891191
0010 68.55222279792746
0100 68.62994300518135
1000 68.70766321243524
0001 68.863103626943
0100 69.01854404145078
0100 69.17398445595855
0010 69.32942487046633
1000 69.40714507772022
0100 69.48486528497409
0010 69.56258549222798
0002 69.64030569948186
1000 69.79574611398962
1003 69.9511865284974
0010 70.10662694300517
0100 70.18434715025906
0002 70.26206735751295
0010 70.41750777202071
0013 70.57294818652849
0100 70.72838860103626
2000 70.88382901554404
0100 71.0392694300518
3100 71.19470984455958
0010 71.35015025906735
0001 71.42787046632124
0200 71.50559067357513
0010 71.6610310880829
0310 71.81647150259067
1000 71.97191191709844
1001 72.12735233160622
0001 72.28279274611398
0010 72.43823316062176
0110 72.59367357512953
1100 72.90455440414507
0012 73.21543523316062
1003 73.52631606217616
0010 73.60403626943005
0100 73.68175647668394
0001 73.83719689119171
0010 73.9149170984456
0100 73.99263730569949
0010 74.14807772020725
0001 74.22579792746114
1000 74.30351813471503
0001 74.38123834196891
0100 74.4589585492228
0010 74.53667875647669
1000 74.61439896373057
0001 74.76983937823833
0010 74.84755958549222
0100 74.92527979274611
0010 75.08072020725388
0001 75.23616062176166
1000 75.39160103626942
1020 75.70248186528497
0130 76.01336269430051
0001 76.0910829015544
0010 76.16880310880829
0100 76.32424352331606
0010 76.47968393782384
0001 76.6351243523316
0010 76.71284455958549
0100 76.79056476683938
0010 76.86828497409327
0001 76.94600518134715
1000 77.02372538860104
0001 77.10144559585493
0100 77.25688601036269
1000 77.41232642487047
0100 77.56776683937824
0010 77.64548704663213
1000 77.72320725388602
0001 78.03408808290156
1000 78.18952849740933
2100 78.34496891191709
0001 78.50040932642486
0020 78.65584974093264
3000 78.96673056994818
0130 79.27761139896373
0001 79.3553316062176
0100 79.4330518134715
0010 79.51077202072538
1000 79.58849222797927
0001 79.75429533678756
0010 79.83719689119171
0100 79.92009844559585
0010 80.08590155440415
0001 80.25170466321244
0100 80.41750777202073
0100 80.66621243523316
1000 80.83201554404145
0010 81.00966173205033
0010 81.18730792005921
0100 81.3649541080681
1000 81.54260029607698
0001 81.72024648408586
0001 81.89789267209474
1000 82.07553886010362
0010 82.23097927461139
0100 82.30869948186528
0001 82.38641968911917
1000 82.54186010362693
0100 82.69730051813471
0010 82.85274093264248
0010 83.16362176165802
1000 83.3190621761658
0100 83.48486528497409
0100 83.73356994818653
0001 83.89937305699482
1000 84.06517616580311
0100 84.2309792746114
0010 84.31388082901555
0001 84.39678238341969
1000 84.47968393782384
0010 84.56258549222798
0100 84.71802590673575
0001 84.79574611398964
1000 84.87346632124353
0001 85.02890673575129
0100 85.18434715025907
1000 85.33978756476684
1000 85.65066839378238
0010 85.80610880829015
0001 85.98375499629903
0001 86.1614011843079
1000 86.3390473723168
0010 86.51669356032568
0100 86.69433974833456
0100 86.87198593634344
0001 87.04963212435233
0010 87.2050725388601
0100 87.28279274611398
1000 87.36051295336787
0001 87.51595336787564
0010 87.67139378238342
1000 87.82683419689118
1000 88.13771502590673
0100 88.29315544041451
0001 88.4589585492228
0001 88.70766321243524
1000 88.87346632124353
1000 89.03926943005182
0100 89.20507253886011
0010 89.28797409326425
0001 89.3708756476684
0100 89.45377720207254
0010 89.53667875647669
1000 89.69211917098445
0001 89.76983937823834
0100 89.84755958549223
0010 90.003
0100 90.15844041450778
0001 90.31388082901555
0010 90.46932124352332
0210 90.62476165803109
1300 90.93564248704662
0010 91.01336269430051
0100 91.0910829015544
0010 91.24652331606217
1000 91.40196373056995
0001 91.55740414507771
0001 91.71284455958549
0021 91.86828497409326
0031 92.1791658031088
1000 92.25688601036269
0010 92.33460621761658
0100 92.49004663212435
0001 92.64548704663213
0010 92.72320725388602
0100 92.80092746113989
0010 92.87864766839378
0001 92.95636787564767
1000 93.03408808290156
0020 93.11180829015544
0030 96.6869378238342
