TITLE Feel Ma Beat
BPM   200.0
NOTES
0001 8.85
1000 8.925
0001 9.0
0010 9.15
0001 9.3
1001 9.6
1000 9.75
0010 9.9
0100 10.049999999999999
0001 10.2
0010 10.5
0100 10.649999999999999
1000 10.799999999999999
0001 10.95
0100 11.1
0001 11.249999999999998
1000 11.399999999999999
0100 11.549999999999999
0100 11.7
0010 11.849999999999998
0001 12.0
1000 12.15
0010 12.3
1000 12.45
0001 12.6
0010 12.9
0100 13.05
1000 13.2
0100 13.35
1000 13.5
0001 13.649999999999999
0100 13.799999999999999
0010 13.95
1010 14.1
1001 14.399999999999999
1000 14.549999999999999
0010 14.7
0100 14.849999999999998
0001 14.999999999999998
0010 15.299999999999999
0100 15.45
1000 15.6
0001 15.75
0100 15.9
0010 16.05
1000 16.2
0100 16.349999999999998
0100 16.5
0010 16.65
0001 16.8
1000 16.95
0001 17.1
0100 17.25
0010 17.400000000000002
1000 17.7
0100 17.85
0010 18.0
0001 18.15
1000 18.3
0010 18.45
1000 18.6
0001 18.75
0001 18.9
0010 19.05
0100 19.2
1000 19.349999999999998
0001 19.65
1000 19.8
0010 20.099999999999998
0100 20.25
0001 20.549999999999997
0010 20.849999999999998
0100 21.0
1000 21.15
0100 21.299999999999997
1000 21.45
0001 21.599999999999998
0100 21.749999999999996
0010 22.049999999999997
1000 22.2
0100 22.499999999999996
0010 22.65
0001 22.95
1000 23.25
0001 23.400000000000002
0100 23.55
0010 23.7
1000 23.85
0001 24.0
0010 24.15
0100 24.45
1000 24.6
0001 24.9
0100 25.05
0010 25.349999999999998
1000 25.65
0100 25.8
0010 25.95
0100 26.099999999999998
1000 26.25
0001 26.4
0100 26.549999999999997
0010 26.849999999999998
1000 27.0
0001 27.299999999999997
0010 27.45
0001 27.749999999999996
0100 28.049999999999997
0010 28.2
1000 28.349999999999998
0001 28.499999999999996
1000 28.65
0100 28.799999999999997
0010 28.949999999999996
0001 29.249999999999996
1000 29.4
0010 29.699999999999996
0100 29.849999999999998
0001 30.15
1000 30.45
0010 30.6
0100 30.75
0010 30.9
1000 31.05
0001 31.2
0010 31.349999999999998
0100 31.65
0010 31.8
0001 32.1
1000 32.25
0010 32.55
1000 32.85
0100 33.0
0010 33.15
0001 33.3
1000 33.449999999999996
0001 33.6
1000 33.75
0010 34.050000000000004
1000 34.2
0100 34.5
0010 34.65
0001 34.949999999999996
1000 35.25
0001 35.4
0100 35.55
0010 35.699999999999996
1000 35.849999999999994
0100 36.0
0010 36.15
0001 36.45
0100 36.6
0001 36.9
1000 37.05
0001 37.38461538461538
0010 37.569230769230764
0010 37.661538461538456
0100 37.84615384615384
0100 37.93846153846153
0010 38.123076923076916
0010 38.21538461538461
1000 38.4
0100 38.55
0010 38.699999999999996
0001 38.85
1001 39.0
1000 39.3
0010 39.449999999999996
0110 39.6
0100 39.9
0101 40.050000000000004
0001 40.35
1000 40.5
0010 40.65
1010 40.8
1000 40.949999999999996
0100 41.099999999999994
0010 41.25
0011 41.4
0001 41.699999999999996
1000 41.849999999999994
1010 42.0
0010 42.3
0110 42.45
0100 42.75
0001 42.9
1000 43.05
1001 43.199999999999996
0001 43.349999999999994
0010 43.49999999999999
0200 43.8
0310 44.099999999999994
0200 44.4
1300 44.699999999999996
0001 45.3
1000 45.449999999999996
1001 45.6
0001 45.75
0010 45.9
0100 46.050000000000004
1000 46.65
0001 46.8
0010 46.949999999999996
0100 47.099999999999994
1000 47.4
0001 47.55
1000 47.699999999999996
0001 47.849999999999994
0101 48.0
0100 48.15
0010 48.3
1000 48.45
1001 48.6
0001 48.9
0010 49.05
0110 49.199999999999996
0100 49.49999999999999
1100 49.65
1000 49.949999999999996
0001 50.099999999999994
0100 50.24999999999999
0101 50.4
0001 50.55
0010 50.699999999999996
0100 50.85
1100 51.0
1000 51.3
0001 51.449999999999996
0101 51.6
0100 51.9
0110 52.050000000000004
0010 52.35
1000 52.5
0100 52.65
1100 52.8
1000 52.949999999999996
0001 53.099999999999994
0200 53.4
0310 53.699999999999996
0200 54.0
0301 54.3
1000 54.9
0100 55.05
0110 55.199999999999996
0010 55.349999999999994
0001 55.49999999999999
1001 55.65
1010 56.099999999999994
1000 56.24999999999999
0100 56.4
0010 56.55
0001 56.699999999999996
1000 56.85
0001 56.925
0100 57.0
0010 57.15
1000 57.3
0100 57.449999999999996
0010 57.599999999999994
0001 57.74999999999999
1000 58.05
0001 58.199999999999996
1000 58.49999999999999
0010 58.64999999999999
0100 58.949999999999996
0001 59.25
0010 59.4
0100 59.55
0100 59.699999999999996
1000 59.849999999999994
0001 60.0
0100 60.15
0010 60.45
1000 60.6
0001 60.9
1000 61.05
0100 61.349999999999994
0010 61.65
0001 61.8
0010 61.9
0100 61.99999999999999
1000 62.099999999999994
0001 62.199999999999996
0100 62.3
0010 62.4
1000 62.5
0100 62.6
0010 62.699999999999996
0001 62.8
1000 62.9
0001 63.0
0100 63.1
0010 63.199999999999996
1000 63.3
0100 63.4
0010 63.5
0100 63.599999999999994
1000 63.699999999999996
0010 63.8
0100 63.89999999999999
0001 63.99999999999999
1000 64.1
0100 64.19999999999999
1000 64.3
0010 64.39999999999999
0100 64.5
0001 64.6
1000 64.69999999999999
0001 64.8
0010 64.875
0100 64.95
1000 65.02499999999999
0001 65.1
0100 65.175
0001 65.25
1000 65.325
0100 65.39999999999999
0010 65.475
0001 65.55
0010 65.625
0100 65.7
1000 65.77499999999999
0001 65.85
0100 65.925
0001 66.0
0100 66.075
0010 66.15
1000 66.225
0001 66.3
1000 66.375
0001 66.45
0010 66.525
0100 66.6
1000 66.675
0001 66.75
0010 66.825
0100 66.9
1000 66.975
0001 67.05
1000 67.125
0001 67.2
0100 67.275
0010 67.35000000000001
1000 67.425
0001 67.5
0010 67.575
0100 67.65
1000 67.72500000000001
0001 67.8
0100 67.875
0001 67.95
1000 68.025
0001 68.10000000000001
0100 68.175
0010 68.25
1000 68.325
0001 68.39999999999999
0010 68.475
0100 68.55
0010 68.62499999999999
0001 68.69999999999999
1000 68.77499999999999
0010 68.85
0100 68.925
0001 68.99999999999999
1000 69.07499999999999
0100 69.14999999999999
1000 69.225
0001 69.3
0100 69.37499999999999
0001 69.44999999999999
1000 69.52499999999999
0001 69.6
0010 69.675
0100 69.75
1000 69.82499999999999
0001 69.89999999999999
0010 69.975
0100 70.05
1000 70.125
0001 70.19999999999999
0010 70.27499999999999
0100 70.35
1000 70.425
0001 70.5
0010 70.57499999999999
0100 70.64999999999999
1000 70.725
0001 70.8
0100 70.875
0010 70.95
1000 71.02499999999999
0001 71.1
0100 71.175
0010 71.25
1000 71.325
0001 71.39999999999999
0100 71.475
0010 71.55
1000 71.625
0001 71.7
0100 71.77499999999999
0010 71.85
1000 71.925
0001 72.0
0010 72.075
0001 72.15
1000 72.225
0001 72.3
0010 72.375
0100 72.45
1000 72.525
0100 72.6
1000 72.675
0001 72.75
1000 72.825
0100 72.9
0010 72.975
0001 73.05
1000 73.125
0001 73.2
0100 73.275
0010 73.35000000000001
1000 73.425
0001 73.5
0100 73.575
0001 73.65
1000 73.72500000000001
0010 73.8
0100 73.875
0010 73.95
1000 74.025
0001 74.10000000000001
0100 74.175
0001 74.25
1000 74.325
0001 74.39999999999999
0010 74.475
0100 74.55
1000 74.62499999999999
0100 74.69999999999999
1000 74.77499999999999
0001 74.85
0010 74.925
0100 74.99999999999999
1000 75.07499999999999
0001 75.14999999999999
1000 75.225
0100 75.3
0010 75.37499999999999
0001 75.44999999999999
1000 75.52499999999999
0001 75.6
0100 75.675
0010 75.75
1000 75.82499999999999
0001 75.89999999999999
1000 75.975
0010 76.05
0100 76.125
0001 76.19999999999999
1000 76.27499999999999
0010 76.35
0100 76.425
0010 76.5
1000 76.57499999999999
0001 76.64999999999999
1000 76.725
0001 76.8
0010 76.875
0100 76.95
1000 77.02499999999999
0001 77.1
0010 77.175
0001 77.25
0010 77.325
0100 77.39999999999999
1000 77.475
0100 77.55
0010 77.625
0001 77.7
1000 77.77499999999999
0001 77.85
0010 77.925
0001 78.0
1000 78.075
0010 78.15
1000 78.225
0001 78.3
0100 78.375
0010 78.45
1000 78.525
0002 78.6
1000 78.75
1000 78.9
1000 79.05
2003 79.2
3100 80.69999999999999
0010 80.85
0110 80.99999999999999
0100 81.6
1000 81.75
0001 81.89999999999999
1000 82.05
0010 82.19999999999999
0100 82.35
0001 82.8
0010 82.95
0002 83.1
0203 83.39999999999999
0300 83.7
0010 84.0
1000 84.15
0100 84.3
1000 84.45
0002 84.6
0003 84.9
1000 85.2
0100 85.35000000000001
0020 85.5
0032 85.8
0003 86.10000000000001
2000 86.25
3010 86.55
0200 86.69999999999999
0302 86.99999999999999
0003 87.3
1000 87.44999999999999
0200 87.6
2300 87.89999999999999
3002 88.19999999999999
0003 88.5
1000 88.8
0100 88.95
0020 89.1
0032 89.39999999999999
1003 89.7
0100 90.3
0010 90.45
0001 90.525
1000 90.6
0010 90.9
0010 91.05
1000 91.2
0100 91.35000000000001
0010 91.5
0001 91.65
1001 91.8
1000 92.10000000000001
0010 92.25
0110 92.39999999999999
0100 92.69999999999999
0101 92.85
0001 93.14999999999999
1000 93.3
0010 93.44999999999999
1010 93.6
1000 93.75
0100 93.89999999999999
0010 94.05
0011 94.19999999999999
0001 94.5
1000 94.64999999999999
1010 94.8
0010 95.1
0110 95.25
0100 95.55
0001 95.7
1000 95.85
1001 96.0
0001 96.15
0010 96.3
0200 96.6
0310 96.9
0200 97.2
1300 97.5
0001 98.10000000000001
1000 98.25
1001 98.39999999999999
0001 98.55
0010 98.69999999999999
0100 98.85
1000 99.44999999999999
0001 99.6
0010 99.75
0100 99.89999999999999
1000 100.19999999999999
0001 100.35
1000 100.5
0001 100.64999999999999
0101 100.8
0100 100.95
0010 101.1
1000 101.25
1001 101.39999999999999
0001 101.7
0010 101.85
0110 102.0
0100 102.3
1100 102.45
1000 102.75
0001 102.9
0100 103.05
0101 103.2
0001 103.35000000000001
0010 103.5
0100 103.65
1100 103.8
1000 104.10000000000001
0001 104.25
0101 104.39999999999999
0100 104.69999999999999
0110 104.85
0010 105.14999999999999
1000 105.3
0100 105.44999999999999
1100 105.6
1000 105.75
0001 105.89999999999999
0200 106.19999999999999
0310 106.5
0200 106.8
0301 107.1
1000 107.7
0100 107.85
0110 108.0
0010 108.15
0001 108.3
1001 108.45
1010 108.9
1000 109.05
0100 109.2
0010 109.35000000000001
0001 109.5
1000 109.65
0010 109.8
0100 109.95
0002 110.10000000000001
2003 110.39999999999999
3020 111.6
0230 112.19999999999999
0302 112.8
0003 113.39999999999999
0020 115.19999999999999
0030 115.79999999999998
0200 117.6
0300 118.19999999999999
2000 118.8
3000 119.39999999999999
0002 120.0
0003 120.6
