TITLE FINAL DANCE
BPM   178.0
NOTES
12.134831460674157
13.146067415730336
13.988764044943819
14.494382022471909
14.662921348314606
15.842696629213481
16.179775280898877
16.685393258426966
16.853932584269664
17.528089887640448
18.539325842696627
19.382022471910112
19.8876404494382
20.0561797752809
21.235955056179773
21.573033707865168
21.91011235955056
22.078651685393258
22.247191011235955
22.921348314606742
23.93258426966292
24.775280898876403
25.280898876404493
25.44943820224719
26.629213483146067
26.96629213483146
27.47191011235955
27.640449438202246
28.314606741573034
29.325842696629213
30.168539325842694
30.674157303370784
30.84269662921348
32.02247191011236
32.359550561797754
33.37078651685393
33.70786516853933
33.87640449438202
34.044943820224724
34.21348314606742
34.38202247191011
34.55056179775281
34.71910112359551
34.8876404494382
35.056179775280896
35.22471910112359
35.39325842696629
35.561797752808985
35.73033707865168
35.89887640449438
36.067415730337075
36.23595505617977
36.40449438202247
36.573033707865164
36.741573033707866
36.91011235955056
37.078651685393254
37.247191011235955
37.41573033707865
37.58426966292134
37.752808988764045
37.92134831460674
38.08988764044944
38.258426966292134
38.42696629213483
38.59550561797753
38.764044943820224
38.93258426966292
39.10112359550562
39.18539325842697
39.26966292134831
39.353932584269664
39.438202247191015
39.52247191011236
39.60674157303371
39.69101123595506
39.7752808988764
39.859550561797754
39.943820224719104
40.02808988764045
40.1123595505618
40.19662921348315
40.28089887640449
40.36516853932584
40.44943820224719
40.53370786516854
40.61797752808988
40.70224719101123
40.78651685393258
40.870786516853926
40.955056179775276
41.03932584269663
41.12359550561797
41.20786516853932
41.29213483146067
41.376404494382015
41.460674157303366
41.54494382022472
41.62921348314606
41.71348314606741
41.79775280898876
41.88202247191011
41.966292134831455
42.050561797752806
42.13483146067416
42.2191011235955
42.30337078651685
42.3876404494382
42.471910112359545
42.556179775280896
42.640449438202246
42.72471910112359
42.80898876404494
42.89325842696629
42.977528089887635
43.061797752808985
43.146067415730336
43.23033707865169
43.31460674157303
43.39887640449438
43.48314606741573
43.567415730337075
43.651685393258425
43.735955056179776
43.82022471910112
43.98876404494382
44.073033707865164
44.157303370786515
44.49438202247191
44.831460674157306
45.0
45.08426966292135
45.337078651685395
45.50561797752809
45.842696629213485
46.17977528089888
46.348314606741575
46.432584269662925
46.68539325842697
46.853932584269664
47.19101123595505
47.52808988764045
47.69662921348314
47.78089887640449
48.03370786516854
48.20224719101123
48.53932584269663
48.87640449438202
49.04494382022472
49.12921348314607
49.38202247191011
49.550561797752806
49.63483146067416
49.8876404494382
50.2247191011236
50.39325842696629
50.47752808988764
50.73033707865169
50.89887640449438
51.235955056179776
51.57303370786517
51.741573033707866
51.825842696629216
52.07865168539326
52.247191011235955
52.58426966292134
52.92134831460674
53.08988764044943
53.174157303370784
53.42696629213483
53.59550561797752
53.93258426966292
54.26966292134831
54.35393258426966
54.43820224719101
54.52247191011236
54.6067415730337
54.69101123595505
54.7752808988764
54.85955056179775
54.9438202247191
55.02808988764045
55.11235955056179
55.19662921348314
55.28089887640449
55.61797752808989
56.12359550561798
56.29213483146067
56.79775280898876
56.96629213483146
57.30337078651685
57.47191011235955
57.640449438202246
57.97752808988764
58.31460674157304
58.82022471910113
58.98876404494382
59.32584269662921
59.4943820224719
59.662921348314605
60.168539325842694
60.33707865168539
60.674157303370784
61.01123595505618
61.51685393258427
61.68539325842696
62.19101123595505
62.359550561797754
62.69662921348314
62.86516853932584
63.03370786516854
63.37078651685393
63.70786516853933
64.21348314606742
64.38202247191012
64.71910112359551
65.3932584269663
65.56179775280899
65.64606741573034
65.73033707865169
66.06741573033707
66.23595505617978
66.32022471910112
66.40449438202246
66.48876404494382
66.57303370786516
66.65730337078651
66.74157303370787
66.82584269662921
66.91011235955055
66.99438202247191
67.07865168539325
67.1629213483146
67.24719101123596
67.3314606741573
67.41573033707866
67.5
67.58426966292136
67.6685393258427
67.75280898876404
67.8370786516854
67.92134831460675
68.00561797752809
68.08988764044945
68.17415730337079
68.25842696629213
68.34269662921349
68.42696629213484
68.51123595505618
68.59550561797754
68.67977528089888
68.76404494382022
68.84831460674157
68.93258426966293
69.01685393258427
69.10112359550561
69.18539325842697
69.26966292134831
69.35393258426966
69.43820224719101
69.52247191011236
69.6067415730337
69.69101123595506
69.7752808988764
69.85955056179775
69.9438202247191
70.02808988764045
70.11235955056179
70.19662921348313
70.28089887640449
70.36516853932584
70.44943820224718
70.53370786516854
70.61797752808988
70.70224719101122
70.78651685393258
70.87078651685393
70.95505617977527
71.03932584269663
71.12359550561797
71.20786516853931
71.29213483146067
71.37640449438202
71.46067415730337
71.54494382022472
71.62921348314607
71.71348314606742
71.79775280898876
71.88202247191012
71.96629213483146
72.0505617977528
72.13483146067416
72.21910112359551
72.30337078651685
72.38764044943821
72.47191011235955
72.5561797752809
72.64044943820225
72.7247191011236
72.80898876404494
72.89325842696628
72.97752808988764
73.06179775280899
73.14606741573033
73.23033707865169
73.31460674157303
73.39887640449437
73.48314606741573
73.56741573033707
73.65168539325842
73.73595505617978
73.82022471910112
73.90449438202246
73.98876404494382
74.07303370786516
74.15730337078651
74.24157303370785
74.32584269662921
74.41011235955055
74.4943820224719
74.57865168539325
74.6629213483146
74.74719101123594
74.8314606741573
74.91573033707864
74.99999999999999
75.08426966292134
75.16853932584269
75.25280898876403
75.33707865168539
75.42134831460673
75.50561797752809
75.58988764044943
75.67415730337079
75.75842696629213
75.84269662921348
75.92696629213484
76.01123595505618
76.09550561797752
76.17977528089888
76.26404494382022
76.34831460674157
76.43258426966293
76.51685393258427
76.60112359550561
76.68539325842697
76.76966292134831
76.85393258426966
77.19101123595505
77.52808988764045
77.86516853932584
78.20224719101124
78.53932584269663
78.70786516853933
79.04494382022472
79.21348314606742
79.5505617977528
79.8876404494382
80.2247191011236
80.56179775280899
80.89887640449437
81.23595505617976
81.40449438202246
81.74157303370785
81.91011235955055
82.07865168539325
82.24719101123596
82.41573033707866
82.58426966292134
82.75280898876404
82.92134831460675
83.08988764044943
83.25842696629213
83.42696629213484
83.59550561797752
83.76404494382022
83.93258426966291
84.10112359550561
84.26966292134831
84.438202247191
84.6067415730337
84.7752808988764
84.9438202247191
85.1123595505618
85.28089887640449
85.4494382022472
85.6179775280899
85.78651685393258
85.95505617977528
86.12359550561798
86.29213483146067
86.37640449438202
86.46067415730337
86.54494382022472
86.62921348314606
86.71348314606742
86.79775280898876
86.8820224719101
86.96629213483146
87.0505617977528
87.13483146067415
87.21910112359551
87.64044943820224
87.97752808988763
88.14606741573033
88.23033707865167
88.48314606741572
88.65168539325842
88.98876404494382
89.32584269662921
89.49438202247191
89.57865168539325
89.8314606741573
90.0
90.33707865168539
90.67415730337078
90.84269662921348
90.92696629213482
91.17977528089887
91.34831460674157
91.68539325842697
92.02247191011236
92.19101123595506
92.2752808988764
92.52808988764045
92.69662921348315
92.78089887640449
93.03370786516854
93.37078651685393
93.53932584269663
93.62359550561797
93.87640449438202
94.04494382022472
94.3820224719101
94.7191011235955
94.8876404494382
94.97191011235954
95.22471910112358
95.39325842696628
95.73033707865169
96.06741573033707
96.23595505617978
96.32022471910112
96.57303370786516
96.74157303370787
97.07865168539325
97.41573033707864
97.58426966292134
97.66853932584269
97.92134831460673
98.08988764044943
98.17415730337078
98.42696629213484
98.76404494382022
98.93258426966293
99.01685393258427
99.26966292134831
99.43820224719101
99.7752808988764
100.11235955056179
100.28089887640449
100.36516853932584
100.61797752808988
100.78651685393258
101.12359550561797
101.46067415730336
101.62921348314606
101.7134831460674
101.96629213483145
102.13483146067415
102.47191011235955
102.80898876404494
102.97752808988764
103.06179775280899
103.31460674157303
103.48314606741573
103.56741573033707
103.82022471910112
104.15730337078651
104.32584269662921
104.41011235955055
104.6629213483146
104.8314606741573
105.16853932584269
105.50561797752808
105.58988764044943
105.67415730337078
105.75842696629212
105.84269662921348
105.92696629213482
106.01123595505616
106.09550561797752
106.17977528089887
106.26404494382021
106.34831460674157
106.43258426966291
106.51685393258427
106.85393258426966
107.02247191011236
107.1067415730337
107.35955056179775
107.52808988764045
107.86516853932584
108.20224719101122
108.37078651685393
108.45505617977527
108.70786516853931
108.87640449438202
108.96067415730336
109.21348314606742
109.5505617977528
109.80337078651685
110.0561797752809
110.3932584269663
110.56179775280899
110.89887640449437
111.15168539325842
111.40449438202246
111.65730337078651
111.91011235955055
112.24719101123594
112.49999999999999
112.75280898876403
113.08988764044943
113.25842696629213
113.59550561797752
113.84831460674157
114.10112359550561
114.35393258426966
114.6067415730337
114.94382022471909
115.19662921348313
115.44943820224718
115.78651685393258
115.95505617977528
116.29213483146067
116.54494382022472
116.79775280898876
117.0505617977528
117.30337078651685
117.64044943820224
117.89325842696628
118.14606741573033
118.48314606741573
118.65168539325842
118.9887640449438
119.24157303370785
119.4943820224719
119.6629213483146
119.8314606741573
119.91573033707864
120.0
120.33707865168539
120.58988764044943
120.84269662921348
121.17977528089888
121.34831460674157
121.68539325842696
121.938202247191
122.19101123595505
122.44382022471909
122.69662921348315
123.03370786516854
123.28651685393258
123.53932584269663
123.87640449438203
124.04494382022472
124.3820224719101
124.63483146067415
124.8876404494382
125.14044943820224
125.39325842696628
125.73033707865167
125.89887640449437
125.98314606741572
126.23595505617976
126.40449438202246
126.74157303370787
127.07865168539325
127.24719101123596
127.3314606741573
127.58426966292134
127.75280898876404
128.08988764044943
128.42696629213484
128.59550561797752
128.67977528089887
128.93258426966293
129.1011235955056
129.43820224719101
129.77528089887642
130.4494382022472
