TITLE First Kiss
BPM   107.0
NOTES
05 8.97196261682243
01 9.25233644859813
08 9.39252336448598
04 9.53271028037383
02 9.813084112149532
01 9.953271028037383
08 10.093457943925232
02 10.373831775700934
04 10.514018691588785
05 10.934579439252335
08 11.214953271028037
02 11.495327102803738
08 11.635514018691588
01 11.91588785046729
04 12.05607476635514
04 12.616822429906541
01 12.897196261682243
02 13.177570093457943
04 13.457943925233643
12 14.018691588785044
01 14.299065420560746
04 14.579439252336446
05 15.140186915887849
02 15.420560747663549
01 15.70093457943925
08 15.981308411214952
02 16.121495327102803
04 16.401869158878505
05 16.822429906542055
08 17.102803738317753
02 17.242990654205606
08 17.523364485981308
09 17.94392523364486
01 18.22429906542056
02 18.36448598130841
04 18.50467289719626
02 18.78504672897196
01 18.925233644859812
08 19.06542056074766
02 19.345794392523363
04 19.485981308411212
05 19.906542056074766
08 20.186915887850464
04 20.467289719626166
02 20.607476635514015
04 20.887850467289717
08 21.028037383177566
08 21.58878504672897
01 21.86915887850467
04 22.149532710280372
02 22.429906542056074
10 22.990654205607477
04 23.271028037383175
02 23.551401869158877
03 24.11214953271028
08 24.39252336448598
02 24.67289719626168
04 24.95327102803738
01 25.09345794392523
08 25.373831775700932
09 25.794392523364483
02 25.934579439252335
04 26.214953271028033
02 26.495327102803735
03 26.915887850467286
01 27.196261682242987
08 27.47663551401869
01 27.757009345794387
05 28.03738317757009
04 28.31775700934579
02 28.598130841121492
08 28.878504672897193
09 29.158878504672895
01 29.439252336448597
02 29.7196261682243
04 29.999999999999996
12 30.280373831775698
08 30.5607476635514
01 30.70093457943925
08 30.8411214953271
01 31.121495327102803
05 31.4018691588785
04 31.682242990654203
02 31.962616822429904
08 32.242990654205606
12 32.523364485981304
04 32.80373831775701
08 33.08411214953271
01 33.364485981308405
09 33.64485981308411
09 34.06542056074766
10 34.205607476635514
10 34.626168224299064
01 34.76635514018692
04 35.046728971962615
05 35.467289719626166
09 35.60747663551402
12 35.88785046728972
04 36.168224299065415
08 36.44859813084112
01 36.72897196261682
09 37.00934579439252
08 37.28971962616822
04 37.57009345794392
02 37.850467289719624
03 38.13084112149532
01 38.41121495327102
08 38.691588785046726
02 38.971962616822424
06 39.25233644859813
04 39.53271028037383
01 39.67289719626168
08 39.813084112149525
02 40.09345794392523
10 40.37383177570093
08 40.65420560747663
01 40.93457943925233
02 41.21495327102803
03 41.495327102803735
01 41.77570093457943
08 41.9626168224299
02 42.05607476635513
08 42.336448598130836
12 42.61682242990654
01 42.89719626168224
12 43.177570093457945
01 43.45794392523364
12 43.73831775700935
06 44.018691588785046
02 44.299065420560744
03 44.57943925233645
01 44.85981308411215
08 45.046728971962615
01 45.140186915887845
02 45.32710280373831
04 45.42056074766355
02 45.70093457943925
02 46.1214953271028
01 46.54205607476635
08 46.63551401869159
01 46.72897196261682
08 46.822429906542055
04 47.00934579439252
08 47.10280373831775
01 47.28971962616822
04 47.38317757009345
01 47.57009345794392
08 47.66355140186916
02 47.943925233644855
02 48.364485981308405
08 48.691588785046726
01 48.785046728971956
08 49.018691588785046
01 49.06542056074766
08 49.15887850467289
02 49.34579439252336
04 49.53271028037383
01 49.62616822429906
04 49.813084112149525
01 49.90654205607476
08 50.18691588785046
08 50.60747663551401
01 51.02803738317756
02 51.1214953271028
01 51.21495327102803
02 51.30841121495327
04 51.495327102803735
08 51.588785046728965
01 51.77570093457943
04 51.86915887850466
02 52.05607476635513
04 52.14953271028037
01 52.42990654205607
01 52.85046728971962
08 53.17757009345794
04 53.27102803738317
02 53.457943925233636
01 53.55140186915887
02 53.6448598130841
01 53.83177570093457
02 54.01869158878504
01 54.11214953271027
08 54.29906542056074
02 54.392523364485974
04 54.67289719626167
04 55.09345794392522
01 55.514018691588774
02 55.60747663551401
04 55.70093457943924
08 55.79439252336448
01 55.98130841121495
08 56.074766355140184
02 56.26168224299065
08 56.35514018691588
01 56.54205607476635
02 56.63551401869159
04 56.915887850467286
04 57.336448598130836
02 57.66355140186916
01 57.75700934579439
02 57.943925233644855
04 58.03738317757009
08 58.13084112149532
01 58.31775700934579
08 58.50467289719626
02 58.59813084112149
04 58.785046728971956
01 58.87850467289719
02 59.15887850467289
02 59.57943925233644
01 59.99999999999999
08 60.09345794392523
02 60.18691588785046
04 60.2803738317757
01 60.467289719626166
04 60.560747663551396
02 60.747663551401864
08 60.841121495327094
02 61.02803738317756
08 61.1214953271028
01 61.588785046728965
02 61.6822429906542
04 61.9626168224299
08 62.2429906542056
01 62.42990654205607
08 62.523364485981304
04 62.616822429906534
08 62.803738317757
01 62.943925233644855
04 63.0841121495327
02 63.22429906542055
08 63.50467289719626
01 63.6448598130841
02 64.34579439252336
04 64.48598130841121
08 64.62616822429906
01 64.7663551401869
08 65.04672897196261
02 65.20694259012015
04 65.36715620827769
01 65.52736982643523
08 65.68758344459278
04 65.84779706275033
02 66.00801068090787
04 66.80907877169558
02 67.12950600801067
04 67.28971962616822
02 67.42990654205607
01 67.57009345794393
08 67.71028037383178
02 67.99065420560747
04 68.13084112149532
01 68.69158878504672
09 68.97196261682242
09 69.53271028037382
01 69.81308411214953
01 70.09345794392522
01 70.37383177570092
01 70.65420560747663
01 70.93457943925233
01 71.21495327102802
01 71.49532710280373
12 71.77570093457943
12 72.05607476635514
04 72.47663551401868
08 73.73831775700934
01 73.8785046728972
02 74.01869158878505
03 74.29906542056075
01 74.85981308411215
08 75.98130841121495
02 76.1214953271028
08 76.26168224299064
10 76.6822429906542
10 77.10280373831775
02 77.94392523364485
08 78.0841121495327
01 78.22429906542055
04 78.3644859813084
01 78.50467289719626
08 78.78504672897196
05 79.06542056074765
08 79.34579439252336
05 79.62616822429906
06 79.90654205607476
02 80.18691588785046
10 80.46728971962617
08 80.74766355140186
01 80.93457943925232
08 81.02803738317756
02 81.21495327102802
04 81.30841121495325
02 81.58878504672896
02 82.00934579439252
08 82.42990654205606
01 82.52336448598129
08 82.61682242990653
01 82.71028037383176
04 82.89719626168223
01 82.99065420560747
08 83.17757009345793
04 83.27102803738318
08 83.45794392523364
01 83.55140186915887
02 83.83177570093457
02 84.25233644859813
01 84.57943925233644
08 84.67289719626167
01 84.90654205607476
08 84.95327102803738
01 85.04672897196261
02 85.23364485981308
04 85.42056074766354
08 85.51401869158879
04 85.70093457943925
08 85.79439252336448
01 86.07476635514018
01 86.49532710280374
08 86.91588785046729
02 87.00934579439252
08 87.10280373831776
02 87.19626168224299
04 87.38317757009345
01 87.47663551401868
08 87.66355140186914
04 87.75700934579439
02 87.94392523364485
04 88.03738317757008
08 88.31775700934578
08 88.73831775700934
02 89.06542056074765
04 89.15887850467288
02 89.34579439252336
08 89.43925233644859
02 89.53271028037382
08 89.7196261682243
04 89.90654205607476
08 90.0
01 90.18691588785046
04 90.28037383177569
02 90.5607476635514
08 90.8411214953271
01 91.12149532710279
08 91.4018691588785
04 91.49532710280373
02 91.58878504672897
01 91.6822429906542
08 91.86915887850466
01 91.9626168224299
04 92.14953271028035
01 92.2429906542056
08 92.42990654205606
04 92.52336448598129
02 92.803738317757
01 93.0841121495327
04 93.3644859813084
01 93.55140186915887
08 93.6448598130841
04 93.83177570093457
02 93.9252336448598
01 94.01869158878503
08 94.2056074766355
01 94.39252336448597
04 94.48598130841121
02 94.67289719626167
08 94.7663551401869
04 95.04672897196261
02 95.32710280373831
04 95.60747663551402
08 95.88785046728971
01 95.98130841121494
04 96.07476635514018
02 96.16822429906541
08 96.35514018691588
02 96.44859813084112
04 96.63551401869158
01 96.72897196261682
04 96.91588785046729
01 97.00934579439252
08 97.28971962616822
04 97.57009345794393
02 97.85046728971963
01 98.03738317757009
08 98.13084112149532
01 98.3177570093458
08 98.41121495327103
09 98.69158878504672
09 102.05607476635514
