TITLE Future Dominators
BPM   210.3
NOTES
09 0.0
01 0.1426533523537803
08 0.2853067047075606
02 0.4279600570613409
04 0.5706134094151212
01 0.6419400855920113
08 0.7132667617689015
04 0.8559201141226818
02 0.998573466476462
01 1.1412268188302424
08 1.2838801711840226
02 1.426533523537803
04 1.5691868758915832
01 1.7118402282453635
02 1.7831669044222536
01 1.8544935805991438
08 1.9971469329529241
04 2.139800285306704
02 2.2824536376604847
04 2.4251069900142648
08 2.5677603423680453
01 2.710413694721826
04 2.853067047075606
02 2.924393723252496
08 2.995720399429386
01 3.1383737517831665
02 3.2810271041369465
04 3.423680456490727
08 3.566333808844507
01 3.7089871611982876
04 3.851640513552068
02 3.9942938659058482
08 4.065620542082739
02 4.136947218259628
04 4.279600570613409
01 4.422253922967189
02 4.564907275320969
04 4.7075606276747495
02 4.8502139800285295
01 4.9928673323823105
08 5.135520684736091
01 5.206847360912981
04 5.278174037089871
02 5.420827389443652
08 5.563480741797432
01 5.706134094151212
02 5.848787446504992
04 5.991440798858772
02 6.134094151212553
01 6.276747503566333
08 6.348074179743223
02 6.419400855920113
04 6.562054208273894
02 6.704707560627674
08 6.847360912981454
04 6.990014265335234
02 7.132667617689014
01 7.275320970042795
08 7.417974322396575
02 7.489300998573466
04 7.560627674750355
01 7.703281027104136
02 7.845934379457916
04 7.9885877318116965
08 8.131241084165477
09 8.273894436519257
04 8.416547788873038
06 8.559201141226819
08 8.630527817403708
02 8.701854493580598
08 8.773181169757487
01 8.844507845934379
02 8.987161198288158
04 9.129814550641939
02 9.27246790299572
01 9.415121255349499
08 9.55777460770328
02 9.700427960057059
04 9.77175463623395
01 9.84308131241084
08 9.985734664764621
04 10.1283880171184
02 10.271041369472181
01 10.413694721825962
08 10.556348074179741
02 10.699001426533522
04 10.841654778887303
02 10.912981455064193
04 10.984308131241082
01 11.126961483594863
08 11.269614835948643
04 11.412268188302424
02 11.554921540656204
01 11.697574893009984
08 11.840228245363765
01 11.982881597717544
04 12.054208273894435
02 12.125534950071325
08 12.268188302425106
04 12.410841654778885
08 12.553495007132666
01 12.696148359486447
04 12.838801711840226
02 12.981455064194007
08 13.124108416547788
04 13.195435092724678
02 13.266761768901567
01 13.409415121255348
08 13.552068473609127
01 13.694721825962908
02 13.83737517831669
04 13.980028530670468
08 14.12268188302425
01 14.265335235378029
04 14.33666191155492
02 14.40798858773181
08 14.55064194008559
01 14.69329529243937
02 14.83594864479315
01 14.978601997146932
04 15.12125534950071
02 15.263908701854492
08 15.406562054208273
01 15.477888730385162
08 15.549215406562052
02 15.691868758915833
04 15.834522111269612
02 15.977175463623393
08 16.119828815977172
04 16.262482168330955
02 16.405135520684734
01 16.547788873038513
08 16.619115549215405
02 16.690442225392296
04 16.833095577746075
02 16.975748930099854
08 17.118402282453637
01 17.261055634807416
02 17.4037089871612
04 17.546362339514978
08 17.689015691868757
01 17.76034236804565
04 17.83166904422254
06 17.97432239657632
10 18.259629101283878
01 18.402282453637657
08 18.54493580599144
01 18.68758915834522
02 18.830242510698998
04 18.90156918687589
08 18.97289586305278
01 19.11554921540656
04 19.25820256776034
02 19.400855920114118
08 19.543509272467897
01 19.68616262482168
02 19.82881597717546
01 19.97146932952924
08 20.04279600570613
02 20.11412268188302
04 20.2567760342368
01 20.39942938659058
08 20.542082738944362
04 20.68473609129814
02 20.827389443651924
04 20.970042796005703
08 21.112696148359483
02 21.184022824536374
04 21.255349500713265
01 21.398002853067045
08 21.540656205420824
02 21.683309557774606
04 21.825962910128386
01 21.96861626248217
02 22.111269614835948
04 22.253922967189727
08 22.325249643366618
01 22.39657631954351
04 22.53922967189729
02 22.681883024251068
08 22.824536376604847
01 22.967189728958626
02 23.10984308131241
04 23.252496433666188
08 23.395149786019967
04 23.46647646219686
08 23.53780313837375
01 23.68045649072753
04 23.82310984308131
02 23.965763195435088
04 24.108416547788867
01 24.25106990014265
08 24.39372325249643
04 24.536376604850208
02 24.6077032810271
01 24.67902995720399
08 24.82168330955777
02 24.96433666191155
04 25.10699001426533
01 25.24964336661911
02 25.392296718972894
04 25.534950071326673
02 25.677603423680452
01 25.748930099857343
08 25.820256776034235
02 25.962910128388014
04 26.105563480741793
01 26.248216833095576
08 26.390870185449355
04 26.533523537803138
08 26.676176890156917
01 26.818830242510696
04 26.890156918687588
02 26.96148359486448
10 27.104136947218258
09 27.389443651925816
02 27.532097004279596
04 27.67475035663338
02 27.817403708987158
01 27.960057061340937
08 28.031383737517828
01 28.10271041369472
04 28.2453637660485
02 28.388017118402278
08 28.530670470756057
04 28.673323823109836
02 28.81597717546362
04 28.958630527817398
08 29.101283880171177
01 29.17261055634807
08 29.24393723252496
02 29.38659058487874
04 29.52924393723252
01 29.6718972895863
04 29.81455064194008
01 29.957203994293863
08 30.099857346647642
04 30.24251069900142
02 30.313837375178313
04 30.385164051355204
08 30.527817403708983
01 30.670470756062763
04 30.813124108416545
02 30.955777460770324
04 31.098430813124107
01 31.241084165477886
08 31.383737517831666
04 31.455064194008557
08 31.52639087018545
04 31.669044222539227
02 31.811697574893007
01 31.954350927246786
08 32.09700427960057
02 32.239657631954344
04 32.38231098430813
01 32.52496433666191
04 32.5962910128388
02 32.667617689015685
08 32.81027104136947
04 32.95292439372325
02 33.095577746077026
01 33.23823109843081
08 33.380884450784585
02 33.52353780313837
08 33.66619115549215
01 33.73751783166904
02 33.808844507845926
01 33.95149786019971
02 34.09415121255349
04 34.236804564907274
08 34.37945791726106
01 34.52211126961483
08 34.664764621968615
04 34.8074179743224
02 34.878744650499286
01 34.950071326676174
08 35.092724679029956
01 35.23537803138374
04 35.378031383737515
02 35.5206847360913
08 35.66333808844507
02 35.805991440798856
04 35.94864479315264
01 36.019971469329526
08 36.091298145506414
04 36.2339514978602
02 36.37660485021398
01 36.519258202567755
08 36.59058487874464
02 36.66191155492154
08 36.804564907275314
01 36.87589158345221
08 36.947218259629096
04 37.018544935805984
02 37.08987161198288
01 37.16119828815977
08 37.232524964336655
02 37.37517831669044
04 37.446504992867325
01 37.51783166904422
04 37.58915834522111
01 37.660485021397996
08 37.731811697574884
04 37.80313837375178
02 37.945791726105554
04 38.01711840228245
08 38.08844507845934
01 38.159771754636225
04 38.23109843081312
01 38.30242510699001
04 38.373751783166895
02 38.51640513552068
08 38.587731811697566
01 38.65905848787446
02 38.73038516405135
04 38.801711840228236
02 38.873038516405124
01 38.94436519258202
08 39.087018544935795
01 39.15834522111269
08 39.22967189728958
01 39.300998573466465
04 39.37232524964336
01 39.44365192582025
04 39.514978601997136
02 39.65763195435092
08 39.728958630527806
01 39.8002853067047
08 39.87161198288159
04 39.942938659058484
02 40.01426533523537
01 40.08559201141227
02 40.22824536376604
04 40.29957203994294
08 40.370898716119825
01 40.44222539229671
08 40.51355206847361
02 40.584878744650496
04 40.65620542082738
01 40.798858773181166
08 40.870185449358054
01 40.94151212553495
02 41.01283880171184
04 41.084165477888725
08 41.15549215406561
04 41.22681883024251
08 41.36947218259628
01 41.44079885877318
08 41.512125534950066
01 41.583452211126954
04 41.65477888730385
02 41.726105563480736
08 41.797432239657624
04 41.94008559201141
02 42.011412268188295
04 42.08273894436519
02 42.15406562054208
01 42.225392296718965
08 42.29671897289585
01 42.36804564907275
08 42.510699001426524
02 42.58202567760342
08 42.653352353780306
01 42.724679029957194
04 42.79600570613409
01 42.86733238231098
08 42.938659058487865
04 43.08131241084165
02 43.152639087018535
01 43.22396576319543
02 43.29529243937232
04 43.36661911554921
02 43.4379457917261
01 43.509272467902996
08 43.65192582025677
02 43.723252496433666
08 43.794579172610554
01 43.86590584878744
02 43.93723252496434
04 44.008559201141225
08 44.07988587731811
01 44.222539229671895
04 44.29386590584878
02 44.36519258202568
04 44.436519258202566
01 44.50784593437945
08 44.57917261055634
01 44.650499286733236
02 44.79315263908701
04 44.86447931526391
08 44.935805991440795
04 45.00713266761768
02 45.07845934379458
04 45.149786019971465
08 45.22111269614835
09 45.363766048502136
09 45.649072753209694
02 45.72039942938658
04 45.79172610556348
01 45.93437945791725
02 46.00570613409415
04 46.077032810271035
08 46.14835948644792
04 46.21968616262482
02 46.291012838801706
04 46.36233951497859
08 46.504992867332376
01 46.576319543509264
04 46.64764621968616
02 46.71897289586305
04 46.790299572039935
01 46.86162624821682
08 46.93295292439372
01 47.07560627674749
02 47.14693295292439
04 47.218259629101276
02 47.28958630527816
01 47.36091298145506
08 47.432239657631946
01 47.503566333808834
04 47.64621968616262
02 47.717546362339505
08 47.7888730385164
01 47.86019971469329
08 47.931526390870175
04 48.00285306704706
02 48.07417974322396
04 48.216833095577734
08 48.28815977175463
01 48.359486447931516
08 48.430813124108404
02 48.5021398002853
04 48.57346647646219
01 48.644793152639075
08 48.78744650499286
04 48.858773181169745
08 48.93009985734664
01 49.00142653352353
02 49.07275320970042
01 49.14407988587731
08 49.215406562054206
02 49.35805991440798
04 49.429386590584876
01 49.500713266761764
08 49.57203994293865
01 49.64336661911555
02 49.714693295292435
04 49.78601997146932
08 49.928673323823105
01 49.99999999999999
04 50.07132667617689
02 50.142653352353776
08 50.21398002853066
01 50.28530670470755
08 50.356633380884446
04 50.49928673323822
02 50.57061340941512
04 50.641940085592005
08 50.71326676176889
04 50.78459343794579
02 50.855920114122675
04 50.92724679029956
08 51.069900142653346
01 51.14122681883023
04 51.21255349500713
01 51.283880171184016
04 51.355206847360904
02 51.42653352353779
08 51.49786019971469
04 51.64051355206846
02 51.71184022824536
01 51.783166904422245
08 51.85449358059913
01 51.92582025677603
02 51.997146932952916
04 52.0684736091298
08 52.211126961483586
01 52.282453637660474
04 52.35378031383737
02 52.42510699001426
08 52.49643366619115
02 52.56776034236804
08 52.639087018544934
01 52.78174037089871
02 52.853067047075605
04 52.92439372325249
02 52.99572039942938
01 53.067047075606276
08 53.13837375178316
02 53.20970042796005
08 53.352353780313834
01 53.42368045649072
02 53.49500713266762
04 53.566333808844504
02 53.63766048502139
01 53.70898716119828
08 53.780313837375175
02 53.92296718972895
04 53.994293865905846
01 54.06562054208273
04 54.13694721825962
02 54.208273894436516
08 54.279600570613404
01 54.35092724679029
09 54.493580599144074
12 54.77888730385163
04 54.921540656205416
04 55.206847360912974
04 55.49215406562053
08 55.56348074179743
02 55.634807417974315
04 55.7061340941512
02 55.7774607703281
04 55.848787446504986
01 55.92011412268187
08 56.062767475035656
02 56.134094151212544
08 56.20542082738943
01 56.348074179743215
04 56.4194008559201
01 56.490727532097
08 56.63338088445077
04 56.70470756062767
08 56.776034236804556
01 56.91868758915834
02 56.990014265335226
04 57.061340941512114
02 57.2039942938659
01 57.275320970042785
08 57.34664764621967
01 57.489300998573455
08 57.56062767475034
02 57.63195435092724
04 57.77460770328101
01 57.84593437945791
08 57.917261055634796
01 58.05991440798858
08 58.13124108416547
01 58.20256776034236
08 58.345221112696144
04 58.41654778887303
08 58.48787446504992
01 58.6305278174037
02 58.70185449358059
04 58.773181169757486
02 58.91583452211126
01 58.987161198288156
08 59.058487874465044
02 59.20114122681883
04 59.272467902995714
01 59.3437945791726
08 59.486447931526385
04 59.55777460770327
02 59.62910128388016
04 59.77175463623394
08 59.84308131241083
01 59.914407988587726
02 60.0570613409415
04 60.1283880171184
08 60.199714693295284
08 60.34236804564907
08 60.48502139800284
04 60.627674750356626
02 60.69900142653351
01 60.7703281027104
02 60.912981455064184
04 60.98430813124107
08 61.05563480741797
01 61.19828815977174
08 61.26961483594864
02 61.340941512125525
04 61.48359486447931
01 61.554921540656196
04 61.62624821683309
01 61.76890156918687
08 61.84022824536376
04 61.91155492154065
02 62.05420827389443
04 62.12553495007132
08 62.196861626248214
01 62.33951497860199
08 62.410841654778885
01 62.48216833095577
04 62.624821683309555
02 62.69614835948644
08 62.76747503566333
01 62.910128388017114
04 62.981455064194
01 63.05278174037089
08 63.19543509272467
04 63.26676176890156
02 63.338088445078455
04 63.48074179743223
08 63.552068473609125
01 63.62339514978601
02 63.766048502139796
01 63.837375178316684
08 63.90870185449357
04 64.05135520684735
02 64.12268188302424
01 64.19400855920114
01 64.26533523537802
02 64.33666191155491
04 64.40798858773181
08 64.47931526390869
01 64.62196861626248
04 64.69329529243936
02 64.76462196861625
02 64.83594864479315
08 64.90727532097003
01 65.04992867332382
01 65.12125534950071
04 65.1925820256776
05 65.33523537803138
01 65.47788873038516
08 65.62054208273894
02 65.76319543509273
06 65.9058487874465
04 66.04850213980028
01 66.19115549215405
02 66.33380884450783
06 66.47646219686162
04 66.6191155492154
08 66.76176890156917
01 66.90442225392296
09 67.04707560627674
08 67.18972895863051
04 67.3323823109843
02 67.47503566333808
03 67.61768901569187
01 67.76034236804564
08 67.90299572039942
02 68.0456490727532
10 68.18830242510698
08 68.33095577746076
04 68.47360912981455
02 68.61626248216832
03 68.75891583452211
01 68.90156918687589
08 69.04422253922966
01 69.18687589158345
09 69.32952924393723
08 69.472182596291
08 69.61483594864478
01 69.75748930099856
05 69.90014265335235
04 70.04279600570612
01 70.1854493580599
04 70.32810271041369
05 70.47075606276746
01 70.61340941512124
08 70.75606276747503
04 70.82738944365192
02 70.8987161198288
01 70.9700427960057
08 71.0413694721826
04 71.11269614835948
02 71.18402282453637
01 71.25534950071327
08 71.32667617689015
02 71.39800285306704
04 71.46932952924394
01 71.54065620542082
08 71.61198288159771
02 71.6833095577746
04 71.75463623395149
01 71.82596291012838
08 71.89728958630526
08 73.03851640513551
04 74.00416986722264
04 74.0919565455942
01 74.17974322396576
08 74.32239657631953
02 74.46504992867332
04 74.6077032810271
01 74.75035663338087
08 74.82168330955777
02 74.89300998573466
08 75.03566333808844
04 75.17831669044222
02 75.32097004279599
01 75.46362339514977
08 75.60627674750356
01 75.74893009985733
02 75.89158345221111
04 75.962910128388
08 76.0342368045649
01 76.17689015691867
08 76.31954350927245
04 76.46219686162624
02 76.60485021398001
04 76.7475035663338
08 76.89015691868758
01 77.03281027104136
04 77.10413694721825
01 77.17546362339515
02 77.31811697574892
04 77.4607703281027
08 77.60342368045647
04 77.74607703281025
08 77.88873038516404
01 78.03138373751781
08 78.17403708987159
02 78.24536376604848
04 78.31669044222538
01 78.45934379457915
08 78.60199714693293
04 78.74465049928672
02 78.8873038516405
01 79.02995720399429
08 79.17261055634806
02 79.31526390870184
04 79.38659058487873
01 79.45791726105563
08 79.6005706134094
04 79.74322396576318
02 79.88587731811697
04 80.02853067047074
08 80.17118402282453
01 80.31383737517831
04 80.45649072753208
01 80.52781740370898
04 80.59914407988587
02 80.74179743223965
08 80.88445078459343
01 81.0271041369472
02 81.16975748930098
04 81.31241084165477
08 81.45506419400854
01 81.59771754636232
04 81.66904422253921
02 81.74037089871611
08 81.88302425106988
04 82.02567760342366
08 82.16833095577745
01 82.31098430813122
02 82.45363766048501
04 82.59629101283879
02 82.73894436519257
01 82.81027104136946
08 82.88159771754636
01 83.02425106990013
04 83.16690442225391
01 83.3095577746077
02 83.45221112696147
04 83.59486447931526
08 83.73751783166904
01 83.88017118402281
04 83.95149786019971
01 84.0228245363766
04 84.16547788873038
02 84.30813124108415
08 84.45078459343793
01 84.5934379457917
04 84.7360912981455
02 84.87874465049927
08 85.02139800285305
04 85.09272467902994
02 85.16405135520684
01 85.30670470756061
02 85.44935805991439
01 85.59201141226818
08 85.73466476462195
01 85.87731811697574
04 86.01997146932952
02 86.1626248216833
08 86.23395149786019
01 86.30527817403708
02 86.44793152639086
01 86.59058487874464
04 86.73323823109843
02 86.8758915834522
08 87.01854493580599
01 87.16119828815977
02 87.30385164051354
04 87.37517831669044
08 87.44650499286733
01 87.58915834522111
04 87.73181169757488
02 87.87446504992866
08 88.01711840228243
01 88.15977175463622
02 88.30242510699
01 88.44507845934378
04 88.51640513552067
01 88.58773181169757
04 88.73038516405134
02 88.87303851640512
08 89.0156918687589
01 89.15834522111268
02 89.30099857346647
04 89.44365192582025
08 89.58630527817402
01 89.65763195435092
02 89.72895863052781
01 89.87161198288159
08 90.01426533523536
01 90.15691868758914
04 90.22824536376604
02 90.29957203994292
08 90.37089871611981
01 90.4422253922967
04 90.51355206847359
02 90.58487874465048
08 90.65620542082738
01 90.72753209700426
02 90.79885877318115
04 90.87018544935805
08 90.94151212553493
01 91.01283880171182
02 91.08416547788872
04 91.1554921540656
08 91.2268188302425
01 91.29814550641939
09 92.43937232524964
04 92.58202567760341
08 92.7246790299572
01 92.86733238231098
08 92.93865905848787
01 93.00998573466475
08 93.08131241084165
02 93.15263908701854
04 93.29529243937232
01 93.36661911554921
08 93.4379457917261
01 93.50927246790299
02 93.58059914407987
04 93.72325249643364
08 93.86590584878743
01 94.00855920114121
08 94.0798858773181
02 94.15121255349499
08 94.22253922967188
01 94.29386590584878
02 94.43651925820255
04 94.50784593437945
08 94.57917261055633
04 94.65049928673322
08 94.72182596291012
01 94.86447931526389
08 95.00713266761768
01 95.14978601997146
02 95.22111269614835
04 95.29243937232523
02 95.36376604850213
01 95.43509272467902
08 95.5777460770328
02 95.6490727532097
04 95.72039942938657
02 95.79172610556347
08 95.86305278174035
02 96.00570613409413
04 96.14835948644792
02 96.29101283880169
04 96.36233951497859
01 96.43366619115547
08 96.57631954350926
02 96.71897289586303
02 96.86162624821681
04 97.0042796005706
01 97.14693295292437
08 97.28958630527816
01 97.43223965763194
04 97.50356633380883
01 97.57489300998571
04 97.64621968616261
02 97.7175463623395
08 97.86019971469328
04 97.93152639087018
02 98.00285306704706
04 98.07417974322395
02 98.14550641940085
01 98.28815977175462
08 98.43081312410841
04 98.57346647646219
08 98.64479315263908
01 98.71611982881596
04 98.78744650499286
02 98.85877318116975
08 99.00142653352353
04 99.07275320970042
02 99.1440798858773
01 99.2154065620542
08 99.28673323823108
01 99.42938659058485
08 99.57203994293864
02 99.71469329529242
08 99.78601997146932
02 99.8573466476462
04 99.92867332382309
01 99.99999999999999
08 100.14265335235376
04 100.21398002853066
02 100.28530670470754
01 100.35663338088443
08 100.42796005706133
01 100.5706134094151
04 100.71326676176889
02 100.85592011412267
08 100.92724679029956
01 100.99857346647644
02 101.14122681883023
04 101.28388017118401
04 101.42653352353778
02 101.56918687589157
01 101.71184022824535
08 101.85449358059914
01 101.99714693295292
08 102.06847360912981
02 102.13980028530669
04 102.21112696148359
02 102.28245363766048
08 102.42510699001426
04 102.49643366619115
02 102.56776034236803
01 102.63908701854493
02 102.71041369472181
01 102.85306704707558
08 102.99572039942937
02 103.13837375178315
04 103.20970042796004
01 103.28102710413692
04 103.35235378031382
02 103.42368045649071
08 103.56633380884449
04 103.63766048502139
08 103.70898716119827
01 103.78031383737516
08 103.85164051355206
02 103.99429386590583
08 104.13694721825962
01 104.2796005706134
08 104.35092724679029
04 104.42225392296717
08 104.49358059914407
01 104.56490727532096
04 104.70756062767474
02 104.77888730385163
08 104.85021398002851
01 104.92154065620541
08 104.9928673323823
04 105.13552068473608
02 105.27817403708987
04 105.42082738944364
08 105.49215406562054
04 105.56348074179742
08 105.70613409415121
01 105.84878744650499
01 105.99144079885876
04 106.13409415121254
02 106.27674750356631
04 106.4194008559201
01 106.56205420827388
08 106.63338088445077
04 106.70470756062765
08 106.77603423680455
01 106.84736091298144
04 106.99001426533522
01 107.06134094151211
08 107.132667617689
04 107.20399429386589
02 107.27532097004278
04 107.41797432239656
08 107.56062767475035
01 107.70328102710413
08 107.77460770328102
02 107.8459343794579
08 107.9172610556348
02 107.98858773181169
08 108.13124108416547
01 108.20256776034236
02 108.27389443651924
04 108.34522111269614
08 108.41654778887302
01 108.5592011412268
08 108.70185449358058
01 108.84450784593436
04 108.91583452211125
02 108.98716119828813
04 109.05848787446503
01 109.12981455064192
02 109.2724679029957
04 109.3437945791726
08 109.41512125534948
04 109.48644793152637
02 109.55777460770327
01 109.70042796005704
08 109.84308131241083
02 109.9857346647646
04 110.0570613409415
01 110.12838801711838
08 110.27104136947217
02 110.41369472182595
08 110.55634807417972
01 110.69900142653351
02 110.84165477888729
04 110.98430813124108
02 111.12696148359485
01 111.26961483594863
08 111.41226818830242
04 111.5549215406562
08 111.69757489300997
02 111.84022824536375
08 111.98288159771752
01 112.12553495007131
02 112.26818830242509
04 112.41084165477886
02 112.55349500713265
01 112.69614835948643
04 112.8388017118402
01 112.981455064194
08 113.12410841654777
01 113.26676176890156
04 113.40941512125534
02 113.55206847360911
08 113.6947218259629
02 113.83737517831668
08 113.98002853067045
04 114.12268188302423
02 114.265335235378
01 114.4079885877318
04 114.55064194008557
02 114.69329529243934
08 114.83594864479313
02 114.97860199714691
02 115.12125534950069
08 115.26390870185448
01 115.40656205420825
02 115.54921540656204
04 115.69186875891582
02 115.83452211126959
01 115.97717546362338
08 116.11982881597716
02 116.26248216833093
04 116.40513552068472
02 116.5477888730385
08 116.69044222539229
01 116.83309557774606
08 116.97574893009984
01 117.11840228245363
02 117.2610556348074
04 117.40370898716118
08 117.54636233951496
04 117.68901569186873
02 117.83166904422252
01 117.9743223965763
04 118.11697574893007
02 118.25962910128386
08 118.40228245363764
02 118.54493580599141
04 118.6875891583452
01 118.83024251069898
08 118.97289586305277
04 119.11554921540655
08 119.25820256776032
01 119.40085592011411
04 119.54350927246789
04 119.68616262482166
02 119.82881597717545
08 119.97146932952923
02 120.11412268188302
08 120.2567760342368
04 120.39942938659057
02 120.54208273894436
01 120.68473609129813
08 120.82738944365191
02 120.97004279600569
04 121.11269614835946
02 121.25534950071325
08 121.39800285306703
01 121.5406562054208
02 121.68330955777459
04 121.82596291012837
08 121.96861626248214
01 122.11126961483593
02 122.25392296718971
04 122.3965763195435
02 122.53922967189727
01 122.68188302425105
08 122.82453637660484
02 122.96718972895862
04 123.10984308131239
01 123.25249643366618
08 123.39514978601996
02 123.53780313837375
08 123.68045649072752
04 123.8231098430813
02 123.96576319543509
04 124.10841654778886
04 124.25106990014264
08 124.39372325249641
01 124.53637660485019
08 124.67902995720398
04 124.82168330955776
02 124.96433666191153
01 125.10699001426532
08 125.2496433666191
02 125.39229671897287
04 125.53495007132666
01 125.67760342368044
08 125.82025677603423
02 125.962910128388
08 126.10556348074178
01 126.24821683309557
02 126.39087018544934
04 126.53352353780312
08 126.6761768901569
04 126.74750356633379
02 126.81883024251067
01 126.89015691868757
08 126.96148359486446
02 127.03281027104134
04 127.10413694721824
01 127.17546362339513
08 127.24679029957201
04 127.31811697574891
02 127.3894436519258
01 127.46077032810268
08 127.53209700427958
02 127.60342368045647
04 127.67475035663335
01 127.74607703281025
08 127.81740370898714
09 128.67332382310983
02 128.7446504992867
01 128.81597717546362
02 128.8873038516405
01 128.95863052781738
08 129.02995720399426
01 129.10128388017117
08 129.24393723252493
04 129.31526390870184
02 129.38659058487872
04 129.4579172610556
08 129.5292439372325
01 129.6005706134094
04 129.67189728958627
02 129.81455064194006
08 129.88587731811694
01 129.95720399429385
08 130.02853067047073
04 130.09985734664764
02 130.17118402282452
01 130.24251069900143
02 130.3851640513552
04 130.4564907275321
02 130.52781740370898
01 130.59914407988586
08 130.67047075606277
02 130.74179743223965
04 130.81312410841653
01 130.95577746077032
08 131.0271041369472
01 131.0984308131241
08 131.169757489301
04 131.24108416547787
02 131.31241084165475
04 131.38373751783166
08 131.52639087018542
01 131.59771754636233
04 131.6690442225392
01 131.7403708987161
08 131.811697574893
01 131.88302425106988
08 131.95435092724676
01 132.09700427960055
02 132.16833095577744
04 132.23965763195434
08 132.31098430813122
01 132.3823109843081
08 132.453637660485
02 132.5249643366619
08 132.66761768901566
04 132.73894436519257
02 132.81027104136945
04 132.88159771754633
08 132.95292439372324
01 133.02425106990012
04 133.095577746077
01 133.2382310984308
02 133.30955777460767
04 133.38088445078458
08 133.45221112696146
01 133.52353780313837
08 133.59486447931525
02 133.66619115549216
08 133.80884450784592
01 133.88017118402283
08 133.9514978601997
04 134.0228245363766
02 134.0941512125535
04 134.16547788873038
08 134.23680456490726
04 134.37945791726105
08 134.45078459343793
01 134.52211126961484
08 134.59343794579172
02 134.6647646219686
08 134.73609129814548
02 134.8074179743224
08 134.95007132667615
01 135.02139800285306
02 135.09272467902994
01 135.16405135520682
08 135.23537803138373
02 135.3067047075606
08 135.3780313837375
04 135.52068473609128
02 135.59201141226816
01 135.66333808844507
04 135.73466476462195
01 135.80599144079883
04 135.87731811697572
02 135.94864479315262
08 136.09129814550639
01 136.1626248216833
08 136.23395149786018
04 136.30527817403706
02 136.37660485021397
04 136.44793152639085
08 136.51925820256773
04 136.66191155492152
08 136.7332382310984
01 136.8045649072753
08 136.8758915834522
02 136.9472182596291
04 137.01854493580598
01 137.0898716119829
08 137.23252496433665
02 137.30385164051356
08 137.37517831669044
01 137.44650499286732
04 137.51783166904423
01 137.5891583452211
02 137.660485021398
01 137.80313837375178
02 137.87446504992866
04 137.94579172610557
08 138.01711840228245
01 138.08844507845933
04 138.1597717546362
01 138.23109843081312
08 138.37375178316688
02 138.4450784593438
04 138.51640513552067
01 138.58773181169755
08 138.65905848787446
04 138.73038516405134
02 138.80171184022822
01 138.944365192582
02 139.0156918687589
04 139.0870185449358
08 139.15834522111268
01 139.22967189728956
08 139.30099857346644
02 139.37232524964335
04 139.51497860199711
01 139.58630527817402
04 139.6576319543509
01 139.72895863052779
02 139.8002853067047
04 139.87161198288157
08 139.94293865905846
01 140.08559201141225
04 140.15691868758913
02 140.22824536376604
08 140.29957203994292
04 140.3708987161198
08 140.44222539229668
01 140.5135520684736
02 140.65620542082735
04 140.72753209700426
02 140.79885877318114
01 140.87018544935802
08 140.94151212553493
01 141.0128388017118
04 141.0841654778887
01 141.22681883024248
08 141.29814550641936
01 141.36947218259627
02 141.44079885877315
04 141.51212553495006
08 141.58345221112694
04 141.65477888730385
08 141.7974322396576
01 141.86875891583452
08 141.9400855920114
02 142.01141226818828
04 142.0827389443652
01 142.15406562054207
08 142.22539229671895
04 142.36804564907274
02 142.43937232524962
04 142.51069900142653
08 142.5820256776034
01 142.6533523537803
02 142.72467902995717
01 142.79600570613408
04 142.93865905848784
02 143.00998573466475
08 143.08131241084163
01 143.1526390870185
08 143.22396576319542
04 143.2952924393723
02 143.36661911554918
01 143.50927246790297
02 143.58059914407986
04 143.65192582025676
08 143.72325249643364
01 143.79457917261053
04 143.8659058487874
02 143.93723252496432
08 144.07988587731808
01 144.151212553495
08 144.22253922967187
02 144.29386590584875
04 144.36519258202566
01 144.43651925820254
08 144.50784593437942
04 144.6504992867332
02 144.7218259629101
01 144.793152639087
08 144.86447931526388
01 144.9358059914408
04 145.00713266761767
02 145.07845934379458
08 145.14978601997146
01 145.22111269614834
02 145.29243937232525
04 145.36376604850213
08 145.435092724679
01 145.50641940085592
04 145.5777460770328
02 145.64907275320968
08 145.7203994293866
01 145.79172610556347
02 145.86305278174035
04 145.93437945791726
08 146.00570613409414
01 146.07703281027102
09 147.21825962910125
