TITLE Game Start
BPM   175.0
NOTES
01 10.971428571428572
02 11.314285714285715
04 11.657142857142857
08 12.342857142857143
01 13.028571428571428
04 13.371428571428572
02 13.714285714285715
08 14.057142857142859
04 14.4
02 15.085714285714285
01 15.428571428571429
08 15.77142857142857
04 16.457142857142856
08 16.799999999999997
01 17.142857142857142
08 17.82857142857143
04 18.514285714285716
02 18.857142857142858
01 19.2
08 19.54285714285714
02 19.885714285714286
08 20.571428571428573
01 20.914285714285715
02 21.25714285714286
04 21.6
12 21.942857142857143
09 22.2
05 22.457142857142856
06 22.714285714285715
10 22.97142857142857
04 23.142857142857142
02 23.314285714285713
03 23.657142857142855
09 24.0
10 24.257142857142856
06 24.514285714285712
01 24.685714285714287
03 24.942857142857143
06 25.200000000000003
12 25.45714285714286
09 25.714285714285715
04 25.885714285714286
02 26.057142857142857
10 26.4
12 26.742857142857144
06 27.0
03 27.257142857142856
08 27.42857142857143
09 27.685714285714287
05 27.942857142857143
05 28.200000000000003
03 28.45714285714286
04 28.62857142857143
08 28.8
09 29.142857142857142
05 29.485714285714288
06 29.742857142857144
06 30.0
01 30.17142857142857
03 30.428571428571427
06 30.685714285714283
12 30.942857142857143
09 31.2
04 31.37142857142857
02 31.542857142857144
06 31.885714285714286
05 32.22857142857143
03 32.48571428571429
06 32.74285714285715
08 32.91428571428571
09 33.17142857142857
05 33.42857142857142
05 33.68571428571428
03 33.942857142857136
04 34.114285714285714
08 34.285714285714285
09 34.628571428571426
09 34.97142857142857
12 35.22857142857143
06 35.48571428571429
01 35.65714285714286
05 35.91428571428572
05 36.17142857142857
03 36.42857142857143
06 36.68571428571428
08 36.85714285714286
02 37.02857142857143
06 37.371428571428574
06 37.714285714285715
10 37.971428571428575
09 38.228571428571435
08 38.4
12 38.65714285714286
06 38.91428571428571
03 39.17142857142857
09 39.42857142857143
02 39.6
04 39.77142857142857
06 40.114285714285714
10 40.457142857142856
12 40.714285714285715
06 40.971428571428575
01 41.142857142857146
05 41.400000000000006
06 41.65714285714286
06 41.91428571428572
05 42.17142857142858
02 42.34285714285715
04 42.51428571428571
12 42.857142857142854
09 43.199999999999996
05 43.457142857142856
05 43.714285714285715
08 43.885714285714286
04 44.05714285714286
02 44.22857142857143
01 44.4
03 44.57142857142857
02 44.91428571428571
04 45.08571428571429
08 45.25714285714286
01 45.42857142857143
04 45.6
01 45.77142857142857
05 45.94285714285714
04 46.28571428571429
02 46.45714285714286
08 46.628571428571426
02 46.8
08 46.97142857142857
04 47.14285714285714
06 47.31428571428571
02 47.65714285714286
01 47.82857142857143
08 48.0
01 48.17142857142857
04 48.34285714285714
02 48.51428571428571
10 48.68571428571428
08 49.028571428571425
01 49.2
02 49.371428571428574
01 49.542857142857144
08 49.714285714285715
01 49.885714285714286
09 50.05714285714286
08 50.400000000000006
04 50.57142857142858
02 50.74285714285714
01 50.91428571428571
02 51.08571428571428
04 51.25714285714285
06 51.42857142857142
02 51.77142857142857
01 51.94285714285714
08 52.114285714285714
01 52.285714285714285
04 52.457142857142856
02 52.628571428571426
10 52.8
08 53.14285714285714
01 53.31428571428572
02 53.48571428571429
01 53.65714285714286
04 53.82857142857143
02 54.0
10 54.17142857142857
08 54.51428571428572
01 54.68571428571429
05 54.85714285714286
10 55.2
05 55.542857142857144
10 55.885714285714286
12 56.22857142857143
03 56.57142857142857
12 56.91428571428571
03 57.25714285714285
06 57.6
09 57.94285714285714
06 58.285714285714285
09 58.62857142857143
10 58.971428571428575
03 59.31428571428572
10 59.65714285714286
03 60.0
01 60.34285714285714
02 60.51428571428571
04 60.68571428571428
02 60.857142857142854
01 61.028571428571425
08 61.199999999999996
02 61.37142857142857
04 61.542857142857144
01 61.714285714285715
02 61.885714285714286
01 62.05714285714286
08 62.22857142857143
01 62.4
04 62.57142857142857
02 62.74285714285715
04 62.91428571428572
01 63.08571428571429
02 63.17142857142858
04 63.25714285714286
08 63.34285714285715
01 63.42857142857143
04 63.51428571428572
01 63.6
04 63.68571428571429
02 63.77142857142857
08 63.85714285714286
02 63.94285714285714
08 64.02857142857142
01 64.11428571428571
02 64.2
04 64.28571428571429
08 64.37142857142858
01 64.45714285714286
09 65.82857142857142
02 66.0
08 66.08571428571427
08 66.25714285714285
01 66.34285714285714
04 66.5142857142857
01 66.6
01 66.77142857142856
08 66.85714285714285
04 67.02857142857142
02 67.2
01 67.37142857142858
08 67.54285714285714
02 67.71428571428572
04 67.88571428571429
01 68.05714285714286
02 68.14285714285714
02 68.31428571428572
04 68.4
08 68.57142857142857
01 68.74285714285715
04 68.82857142857142
04 69.0
02 69.08571428571429
08 69.25714285714285
01 69.34285714285714
01 69.5142857142857
02 69.6
04 69.77142857142857
08 69.94285714285715
01 70.11428571428573
04 70.28571428571429
01 70.45714285714287
08 70.62857142857143
04 70.80000000000001
02 70.88571428571429
02 71.05714285714286
01 71.14285714285715
08 71.31428571428572
01 71.4857142857143
04 71.57142857142857
04 71.74285714285715
01 71.82857142857144
08 72.0
02 72.08571428571429
02 72.25714285714285
04 72.34285714285714
01 72.51428571428572
02 72.68571428571428
04 72.85714285714286
08 73.02857142857142
01 73.2
08 73.37142857142857
02 73.54285714285714
04 73.62857142857142
04 73.8
01 73.88571428571429
08 74.05714285714286
01 74.22857142857144
02 74.31428571428572
02 74.4857142857143
04 74.57142857142858
08 74.74285714285715
01 74.82857142857144
01 75.0
04 75.08571428571429
02 75.25714285714287
08 75.42857142857143
01 75.60000000000001
02 75.77142857142857
01 75.94285714285715
04 76.11428571428571
02 76.28571428571429
08 76.37142857142857
08 76.54285714285714
01 76.62857142857143
09 76.8
08 76.99591836734693
04 77.0938775510204
04 77.19183673469388
01 77.28979591836735
02 77.48571428571428
04 77.58367346938775
04 77.68163265306123
01 77.7795918367347
08 77.97551020408163
02 78.17142857142858
04 78.35428571428572
01 78.53714285714287
08 78.72000000000001
04 78.90285714285714
02 79.08571428571429
04 79.17714285714287
04 79.26857142857143
01 79.36000000000001
08 79.54285714285714
01 79.73877551020408
02 79.83673469387756
02 79.93469387755103
04 80.0326530612245
01 80.22857142857143
04 80.3265306122449
04 80.42448979591836
02 80.52244897959184
01 80.71836734693878
02 80.91428571428571
04 81.09714285714286
08 81.28
02 81.46285714285715
08 81.64571428571428
01 81.82857142857142
02 81.92
02 82.01142857142857
08 82.10285714285715
04 82.28571428571429
08 82.48163265306123
02 82.57959183673469
02 82.67755102040817
01 82.77551020408164
08 82.97142857142858
04 83.06938775510204
04 83.16734693877552
02 83.26530612244899
08 83.46122448979592
01 83.65714285714286
04 83.84
02 84.02285714285715
08 84.2057142857143
01 84.38857142857142
02 84.57142857142857
04 84.66285714285715
04 84.75428571428571
01 84.84571428571428
08 85.02857142857142
02 85.11428571428571
04 85.2
01 85.28571428571428
08 85.37142857142857
04 85.45714285714286
08 85.54285714285714
04 85.62857142857142
02 85.71428571428571
01 85.8
02 85.88571428571429
01 85.97142857142856
08 86.05714285714285
02 86.14285714285714
04 86.22857142857143
01 86.31428571428572
08 86.4
09 87.77142857142857
05 88.02857142857142
06 88.28571428571429
10 88.54285714285714
12 88.8
02 88.97142857142858
01 89.14285714285714
05 89.48571428571428
06 89.82857142857142
10 90.08571428571427
09 90.34285714285714
02 90.51428571428572
06 90.77142857142857
06 91.02857142857144
03 91.28571428571429
09 91.54285714285714
02 91.71428571428572
08 91.88571428571429
12 92.22857142857143
06 92.57142857142857
03 92.82857142857142
09 93.08571428571429
02 93.25714285714285
10 93.5142857142857
09 93.77142857142857
09 94.02857142857142
12 94.28571428571428
02 94.45714285714286
04 94.62857142857143
12 94.97142857142858
09 95.31428571428572
05 95.57142857142857
05 95.82857142857144
02 96.0
06 96.25714285714285
12 96.51428571428572
09 96.77142857142857
05 97.02857142857142
02 97.2
08 97.37142857142857
12 97.71428571428571
06 98.05714285714285
06 98.3142857142857
12 98.57142857142857
01 98.74285714285715
05 99.0
05 99.25714285714287
09 99.51428571428572
10 99.77142857142857
04 99.94285714285715
01 100.11428571428571
03 100.45714285714286
06 100.8
12 101.05714285714285
09 101.31428571428572
08 101.48571428571428
10 101.74285714285713
10 102.0
09 102.25714285714285
03 102.5142857142857
04 102.68571428571428
08 102.85714285714286
09 103.2
05 103.54285714285714
06 103.8
10 104.05714285714286
04 104.22857142857143
06 104.48571428571428
03 104.74285714285715
09 105.0
10 105.25714285714285
04 105.42857142857143
02 105.6
10 105.94285714285714
09 106.28571428571428
09 106.54285714285713
12 106.8
02 106.97142857142858
03 107.22857142857143
09 107.4857142857143
10 107.74285714285715
10 108.0
04 108.17142857142858
08 108.34285714285714
12 108.68571428571428
06 109.02857142857142
03 109.28571428571428
09 109.54285714285714
10 109.71428571428572
06 109.97142857142858
06 110.22857142857144
10 110.4857142857143
09 110.74285714285715
02 110.91428571428573
04 111.08571428571429
06 111.42857142857143
03 111.77142857142857
09 112.02857142857142
10 112.28571428571429
04 112.45714285714286
05 112.71428571428571
03 112.97142857142858
06 113.22857142857143
12 113.48571428571428
01 113.65714285714286
04 113.82857142857144
06 114.17142857142858
10 114.51428571428572
12 114.77142857142857
06 115.02857142857144
01 115.2
09 115.45714285714286
10 115.71428571428572
06 115.97142857142858
06 116.22857142857143
08 116.4
04 116.57142857142857
06 116.91428571428571
03 117.25714285714285
09 117.5142857142857
10 117.77142857142857
04 117.94285714285715
05 118.2
03 118.45714285714287
06 118.71428571428572
12 118.97142857142858
01 119.14285714285715
04 119.31428571428572
06 119.65714285714286
10 120.0
09 120.25714285714285
08 120.51428571428572
09 123.42857142857143
