TITLE Go My Way
BPM   181.0
NOTES
01 3.480662983425414
03 3.6464088397790055
06 3.8121546961325965
12 3.9779005524861875
04 4.143646408839778
02 4.309392265193369
01 4.475138121546961
08 4.640883977900552
01 4.806629834254143
08 4.972375690607734
04 5.05524861878453
08 5.138121546961326
04 5.303867403314917
02 5.469613259668508
01 5.635359116022099
08 5.801104972375691
01 5.966850828729282
04 6.132596685082873
02 6.2983425414364635
08 6.3812154696132595
02 6.464088397790055
04 6.629834254143646
01 6.795580110497237
08 6.961325966850828
04 7.12707182320442
02 7.209944751381215
01 7.292817679558011
02 7.458563535911602
01 7.624309392265193
02 7.707182320441989
04 7.790055248618785
08 7.955801104972375
01 8.121546961325967
04 8.287292817679557
02 8.453038674033149
04 8.618784530386739
02 8.78453038674033
04 8.950276243093922
01 9.033149171270718
08 9.116022099447513
04 9.281767955801104
02 9.447513812154696
01 9.613259668508286
08 9.779005524861878
01 9.944751381215468
02 10.11049723756906
04 10.276243093922652
08 10.441988950276242
01 10.524861878453038
08 10.607734806629834
01 10.773480662983426
08 10.939226519337016
04 11.104972375690608
08 11.270718232044198
04 11.43646408839779
02 11.602209944751381
04 11.767955801104971
02 11.933701657458563
01 12.099447513812155
08 12.265193370165745
01 12.430939226519337
08 12.596685082872927
04 12.762430939226519
02 12.92817679558011
01 13.0939226519337
08 13.259668508287293
04 13.425414364640885
02 13.591160220994475
01 13.756906077348066
08 13.922651933701657
01 14.088397790055248
02 14.25414364640884
04 14.41988950276243
08 14.585635359116022
05 15.91160220994475
10 16.243093922651934
09 16.574585635359114
08 16.906077348066297
04 17.07182320441989
02 17.23756906077348
03 17.569060773480665
09 17.900552486187845
08 18.23204419889503
02 18.39779005524862
08 18.56353591160221
10 18.895027624309392
06 19.226519337016573
04 19.558011049723756
01 19.723756906077348
08 19.88950276243094
09 20.220994475138124
06 20.552486187845304
08 20.883977900552487
01 21.04972375690608
05 21.38121546961326
01 21.71270718232044
04 21.87845303867403
06 22.209944751381215
10 22.541436464088395
09 22.87292817679558
08 23.20441988950276
01 23.37016574585635
04 23.535911602209943
02 23.701657458563535
06 24.03314917127072
02 24.3646408839779
08 24.53038674033149
10 24.861878453038674
09 25.193370165745854
01 25.524861878453038
08 25.690607734806626
12 26.02209944751381
08 26.353591160220994
01 26.519337016574585
08 26.685082872928177
04 26.85082872928177
02 26.933701657458563
01 27.016574585635357
02 27.099447513812155
01 27.18232044198895
08 27.265193370165747
01 27.34806629834254
08 27.430939226519335
02 27.513812154696133
04 27.596685082872927
01 27.679558011049725
08 27.76243093922652
01 27.845303867403313
03 28.176795580110497
12 28.508287292817677
08 28.83977900552486
04 29.005524861878452
02 29.171270718232044
03 29.502762430939228
09 29.834254143646408
08 30.165745856353592
04 30.331491712707184
08 30.497237569060772
12 30.828729281767956
06 31.160220994475136
02 31.49171270718232
01 31.65745856353591
09 31.98895027624309
01 32.32044198895027
04 32.48618784530387
06 32.817679558011044
09 33.14917127071823
12 33.48066298342541
04 33.812154696132595
02 33.97790055248618
01 34.14364640883977
02 34.30939226519337
06 34.64088397790055
02 34.972375690607734
01 35.13812154696133
09 35.469613259668506
12 35.80110497237569
04 36.13259668508287
02 36.29834254143646
03 36.629834254143645
02 36.96132596685083
01 37.12707182320442
08 37.292817679558006
04 37.4585635359116
02 37.62430939226519
01 37.790055248618785
08 37.872928176795575
02 37.95580110497237
04 38.03867403314917
02 38.12154696132596
08 38.28729281767956
01 38.453038674033145
02 38.61878453038673
06 38.95027624309392
08 39.11602209944751
12 39.44751381215469
02 39.613259668508285
03 39.94475138121547
09 40.27624309392265
02 40.44198895027625
06 40.773480662983424
01 40.93922651933702
09 41.270718232044196
04 41.43646408839779
02 41.60220994475138
03 42.09944751381215
08 42.26519337016575
02 42.430939226519335
04 42.59668508287292
01 42.76243093922652
02 42.92817679558011
04 43.0939226519337
12 43.42541436464088
09 43.75690607734806
04 43.92265193370165
05 44.254143646408835
04 44.41988950276243
06 44.75138121546961
08 44.9171270718232
12 45.24861878453038
02 45.414364640883974
01 45.58011049723756
02 45.74585635359116
06 46.077348066298335
08 46.24309392265193
01 46.408839779005525
03 46.74033149171271
06 47.07182320441989
08 47.23756906077348
09 47.569060773480665
03 47.90055248618784
04 48.06629834254144
08 48.232044198895025
04 48.39779005524862
02 48.56353591160221
02 48.89502762430939
01 49.06077348066298
02 49.22651933701657
06 49.55801104972375
08 49.72375690607735
12 50.055248618784525
02 50.22099447513812
03 50.5524861878453
08 50.71823204419889
01 50.88397790055248
04 51.049723756906076
05 51.38121546961325
08 51.54696132596685
12 51.87845303867403
02 52.04419889502763
01 52.209944751381215
05 52.70718232044199
02 52.87292817679558
08 53.03867403314917
04 53.22809786898185
02 53.41752170481452
02 53.606945540647196
06 53.98579321231255
12 54.3646408839779
01 54.53038674033149
05 54.86187845303867
02 55.027624309392266
10 55.35911602209944
01 55.52486187845304
03 55.856353591160214
04 56.02209944751381
08 56.1878453038674
04 56.353591160220994
06 56.68508287292817
01 56.850828729281766
08 57.016574585635354
09 57.34806629834254
05 57.67955801104972
02 57.84530386740331
10 58.17679558011049
09 58.50828729281768
04 58.67403314917127
02 58.83977900552486
04 59.005524861878456
01 59.171270718232044
04 59.25414364640884
01 59.33701657458563
08 59.41988950276243
01 59.50276243093923
08 59.585635359116026
04 59.668508287292816
08 60.0
12 60.331491712707184
06 60.66298342541436
01 60.828729281767956
03 61.16022099447513
04 61.32596685082873
12 61.65745856353591
09 61.98895027624309
05 62.32044198895027
05 62.98342541436464
09 63.314917127071816
02 63.48066298342541
06 63.81215469613259
04 64.30939226519337
01 65.30386740331491
09 65.6353591160221
12 65.96685082872928
02 66.13259668508287
03 66.46408839779005
08 66.62983425414363
10 66.96132596685082
06 67.292817679558
05 67.62430939226519
09 68.28729281767956
04 68.45303867403314
02 68.61878453038673
01 68.78453038674033
02 68.95027624309392
01 69.11602209944752
08 69.2817679558011
02 69.3646408839779
04 69.4475138121547
01 69.5303867403315
04 69.61325966850829
02 69.69613259668509
04 69.77900552486187
01 69.86187845303867
08 69.94475138121547
01 70.02762430939227
08 70.11049723756906
01 70.19337016574586
02 70.27624309392264
04 70.60773480662982
12 70.93922651933701
09 71.27071823204419
08 71.43646408839778
12 71.76795580110497
02 71.93370165745856
03 72.26519337016575
05 72.59668508287292
06 72.92817679558011
10 73.59116022099448
12 73.92265193370166
02 74.08839779005525
03 74.41988950276243
08 74.9171270718232
09 75.24861878453038
05 75.58011049723757
06 75.91160220994475
06 76.24309392265194
05 76.57458563535911
09 76.90607734806629
12 77.23756906077347
06 77.56906077348066
03 77.90055248618783
09 78.23204419889503
04 78.39779005524862
02 78.5635359116022
01 78.7292817679558
02 78.89502762430939
04 79.06077348066299
02 79.22651933701657
01 79.39226519337016
08 79.55801104972376
04 79.64088397790056
02 79.72375690607736
04 79.80662983425415
08 79.88950276243094
01 79.97237569060773
02 80.05524861878453
04 80.13812154696133
02 80.22099447513813
03 80.88397790055248
08 82.96764009471191
12 83.1570639305446
06 83.34648776637727
03 83.53591160220994
08 83.70165745856353
04 83.86740331491711
02 84.03314917127071
04 84.1988950276243
08 84.3646408839779
01 84.53038674033148
04 84.61325966850828
01 84.69613259668508
04 84.86187845303867
01 85.02762430939227
08 85.19337016574585
01 85.35911602209944
08 85.52486187845304
04 85.69060773480663
02 85.85635359116021
01 85.93922651933701
08 86.02209944751381
01 86.1878453038674
04 86.353591160221
01 86.51933701657458
04 86.68508287292818
02 86.76795580110497
08 86.85082872928177
01 87.01657458563537
08 87.18232044198895
02 87.26519337016575
04 87.34806629834254
02 87.51381215469613
04 87.67955801104972
01 87.8453038674033
02 88.0110497237569
01 88.1767955801105
02 88.34254143646407
01 88.50828729281767
08 88.59116022099447
04 88.67403314917127
02 88.83977900552486
01 89.00552486187846
08 89.17127071823204
04 89.33701657458563
02 89.50276243093923
01 89.66850828729281
04 89.8342541436464
01 90.0
04 90.0828729281768
01 90.16574585635358
04 90.33149171270718
02 90.49723756906076
08 90.66298342541435
02 90.82872928176795
08 90.99447513812154
01 91.16022099447513
08 91.32596685082872
01 91.49171270718232
02 91.65745856353591
04 91.82320441988949
08 91.98895027624309
02 92.15469613259668
04 92.32044198895028
01 92.48618784530386
08 92.65193370165746
04 92.81767955801105
02 92.98342541436465
01 93.14917127071823
02 93.31491712707182
04 93.48066298342542
08 93.64640883977901
09 93.8121546961326
03 93.97790055248619
06 94.14364640883977
08 94.30939226519337
01 94.47513812154695
02 94.64088397790054
04 94.80662983425414
02 94.97237569060772
01 95.13812154696132
08 95.22099447513811
04 95.30386740331491
02 95.4696132596685
04 95.6353591160221
08 95.80110497237568
01 95.96685082872928
04 96.13259668508287
02 96.29834254143645
08 96.46408839779005
02 96.54696132596685
04 96.62983425414365
02 96.79558011049723
08 96.96132596685082
04 97.1270718232044
02 97.292817679558
01 97.3756906077348
08 97.4585635359116
02 97.62430939226519
08 97.79005524861877
01 97.87292817679557
02 97.95580110497237
04 98.12154696132596
02 98.28729281767956
04 98.45303867403314
08 98.61878453038673
04 98.78453038674033
08 98.95027624309392
04 99.1160220994475
02 99.1988950276243
01 99.2817679558011
08 99.4475138121547
02 99.61325966850829
08 99.77900552486187
02 99.94475138121547
04 100.11049723756906
01 100.27624309392266
04 100.44198895027624
01 100.60773480662984
08 100.69060773480663
01 100.77348066298342
02 100.93922651933701
01 101.1049723756906
08 101.27071823204419
01 101.43646408839778
08 101.60220994475137
02 101.76795580110496
08 101.93370165745856
02 102.09944751381215
04 102.26519337016575
01 102.43093922651933
02 102.59668508287292
04 102.76243093922652
08 102.9281767955801
01 103.0939226519337
08 103.25966850828729
04 103.42541436464089
02 103.59116022099448
01 103.75690607734806
02 103.83977900552486
04 103.92265193370166
08 104.00552486187846
04 104.08839779005525
08 104.17127071823205
01 104.25414364640883
04 104.33701657458563
02 104.41988950276243
08 104.50276243093923
02 104.58563535911603
04 104.66850828729282
01 104.7513812154696
03 105.08287292817678
09 105.41436464088397
08 105.74585635359115
04 105.91160220994475
02 106.07734806629834
03 106.40883977900552
09 106.74033149171271
08 107.07182320441989
02 107.23756906077348
04 107.40331491712706
06 107.73480662983424
09 108.06629834254143
08 108.3977900552486
02 108.5635359116022
06 108.89502762430939
02 109.22651933701657
08 109.39226519337016
09 109.72375690607734
06 110.05524861878453
09 110.38674033149171
08 110.7182320441989
01 110.88397790055248
04 111.04972375690608
02 111.21546961325967
06 111.54696132596685
02 111.87845303867402
08 112.04419889502762
10 112.3756906077348
06 112.70718232044199
04 113.03867403314916
01 113.20441988950276
09 113.53591160220995
01 113.86740331491713
02 114.03314917127071
04 114.53038674033148
08 114.86187845303866
12 115.02762430939225
06 115.19337016574585
03 115.35911602209944
03 115.69060773480662
06 116.02209944751381
04 116.35359116022099
08 116.51933701657458
01 116.68508287292818
09 117.01657458563535
12 117.34806629834254
04 117.67955801104972
02 117.84530386740332
01 118.0110497237569
05 118.34254143646407
10 118.67403314917127
08 119.00552486187844
04 119.17127071823204
06 119.50276243093923
04 119.8342541436464
02 120.0
03 120.33149171270718
09 120.66298342541435
06 120.99447513812153
08 121.32596685082872
01 121.4917127071823
08 121.6574585635359
01 121.82320441988949
05 122.15469613259668
01 122.48618784530386
08 122.65193370165746
12 122.98342541436463
09 123.31491712707182
01 123.646408839779
02 123.8121546961326
06 124.14364640883977
02 124.47513812154696
01 124.64088397790054
02 125.13812154696132
04 125.4696132596685
08 125.80110497237568
09 125.96685082872928
09 128.61878453038673
