TITLE Goin' Under
BPM   210.0
NOTES
1000 9.142857142857142
0100 9.285714285714285
0010 9.428571428571429
0100 9.571428571428571
1000 9.714285714285714
0001 9.857142857142856
0100 10.0
0010 10.142857142857142
0100 10.285714285714285
0001 10.428571428571427
1000 10.571428571428571
0010 10.714285714285714
0100 10.857142857142856
0001 10.999999999999998
2000 11.142857142857142
3001 11.428571428571427
0010 11.57142857142857
0100 11.714285714285714
0010 11.857142857142856
0001 11.999999999999998
1000 12.14285714285714
0010 12.285714285714285
0100 12.428571428571427
0010 12.571428571428571
1000 12.714285714285714
0001 12.857142857142858
0100 13.0
0010 13.142857142857142
1000 13.285714285714285
0002 13.428571428571429
0013 13.714285714285714
0100 13.857142857142856
1000 14.0
0001 14.142857142857142
0010 14.285714285714285
0001 14.428571428571427
1000 14.571428571428571
0010 14.714285714285714
0100 14.857142857142856
0001 14.999999999999998
0100 15.142857142857142
0010 15.285714285714285
1000 15.428571428571427
0001 15.57142857142857
0200 15.714285714285714
0301 16.0
0010 16.142857142857142
0100 16.285714285714285
0010 16.428571428571427
0001 16.571428571428573
1000 16.714285714285715
0010 16.857142857142858
0100 17.0
0001 17.142857142857142
0100 17.285714285714285
0010 17.428571428571427
1000 17.57142857142857
0100 17.714285714285715
1000 17.857142857142858
0010 18.0
1000 18.142857142857142
0001 18.285714285714285
0100 18.428571428571427
0010 18.57142857142857
0100 18.71428571428571
0001 18.857142857142858
1000 19.0
0100 19.142857142857142
0010 19.285714285714285
0001 19.428571428571427
1000 19.57142857142857
0001 19.71428571428571
0010 19.857142857142854
0100 20.0
1000 20.142857142857142
0002 20.285714285714285
0103 20.57142857142857
0010 20.71428571428571
1000 20.857142857142854
0010 20.999999999999996
0100 21.142857142857142
0001 21.285714285714285
1000 21.428571428571427
0100 21.57142857142857
1000 21.71428571428571
0001 21.857142857142854
0010 21.999999999999996
0100 22.14285714285714
1000 22.285714285714285
0001 22.428571428571427
2000 22.57142857142857
3010 22.857142857142854
0100 22.999999999999996
0010 23.14285714285714
1000 23.28571428571428
0001 23.428571428571427
0100 23.57142857142857
0001 23.71428571428571
0010 23.857142857142854
0001 24.0
1000 24.142857142857142
0100 24.285714285714285
1000 24.428571428571427
0001 24.571428571428573
0010 24.714285714285715
0200 24.857142857142858
1300 25.142857142857142
0010 25.285714285714285
0100 25.428571428571427
0001 25.57142857142857
0100 25.714285714285715
0010 25.857142857142858
1000 26.0
0100 26.142857142857142
0010 26.285714285714285
0001 26.428571428571427
0100 26.57142857142857
0001 26.71428571428571
0010 26.857142857142858
0001 27.0
0100 27.142857142857142
0001 27.285714285714285
1001 27.428571428571427
1000 27.71428571428571
0100 27.857142857142854
0010 28.0
0100 28.285714285714285
2000 28.57142857142857
3010 28.857142857142854
0100 28.999999999999996
0002 29.142857142857142
0013 29.428571428571427
0100 29.523809523809522
0010 29.619047619047617
0200 29.71428571428571
1300 29.999999999999996
0001 30.14285714285714
0100 30.285714285714285
0020 30.57142857142857
2030 30.857142857142854
3100 31.14285714285714
0010 31.28571428571428
0001 31.428571428571427
0010 31.71428571428571
0200 32.0
1300 32.285714285714285
0001 32.42857142857143
0100 32.57142857142857
0010 32.857142857142854
1000 32.95238095238095
0001 33.04761904761905
0020 33.14285714285714
0130 33.42857142857142
1000 33.57142857142857
0002 33.71428571428571
1003 33.99999999999999
0200 34.285714285714285
0310 34.57142857142857
0001 34.714285714285715
0100 34.857142857142854
0010 35.14285714285714
0100 35.42857142857142
0001 35.71428571428571
0010 35.857142857142854
0100 35.99999999999999
0010 36.28571428571428
0001 36.57142857142857
1000 36.857142857142854
0010 37.0
0100 37.14285714285714
0001 37.42857142857142
2000 37.714285714285715
3100 38.0
0010 38.142857142857146
0200 38.285714285714285
1300 38.57142857142857
0001 38.666666666666664
1000 38.76190476190476
0002 38.857142857142854
0103 39.14285714285714
0010 39.285714285714285
1000 39.42857142857142
0200 39.71428571428571
0320 40.0
0130 40.285714285714285
1000 40.42857142857143
0001 40.57142857142857
0100 40.857142857142854
0020 41.14285714285714
0130 41.42857142857142
0001 41.57142857142857
1000 41.71428571428571
0100 41.99999999999999
1000 42.09523809523809
0001 42.19047619047619
0200 42.285714285714285
0310 42.57142857142857
1000 42.714285714285715
0002 42.857142857142854
1003 43.14285714285714
0010 43.42857142857142
0010 43.57142857142857
0100 43.71428571428571
0100 43.857142857142854
0001 43.99999999999999
0001 44.14285714285714
1000 44.28571428571428
1000 44.42857142857142
0100 44.57142857142857
0100 44.714285714285715
0010 44.857142857142854
0010 45.0
0001 45.14285714285714
0001 45.285714285714285
1000 45.42857142857142
1000 45.57142857142857
0010 45.71428571428571
0100 45.857142857142854
0002 45.99999999999999
0023 46.14285714285714
0230 46.28571428571428
0310 46.42857142857142
0001 46.57142857142856
0200 46.71428571428571
0320 46.857142857142854
2030 47.0
3100 47.14285714285714
0010 47.285714285714285
0100 47.42857142857142
1000 47.57142857142857
0010 47.71428571428571
0100 47.857142857142854
0010 47.92857142857142
0100 48.0
0001 48.142857142857146
0020 48.285714285714285
0032 48.42857142857143
0203 48.57142857142857
0310 48.714285714285715
1000 48.857142857142854
0200 49.0
2300 49.14285714285714
3020 49.285714285714285
0130 49.42857142857142
0001 49.57142857142857
1000 49.71428571428571
0100 49.857142857142854
0010 49.99999999999999
0001 50.14285714285714
1000 50.21428571428571
0001 50.285714285714285
0010 50.42857142857143
0200 50.57142857142857
0320 50.714285714285715
0032 50.857142857142854
0103 51.0
0010 51.14285714285714
0200 51.285714285714285
0302 51.42857142857142
0023 51.57142857142857
0130 51.71428571428571
1000 51.857142857142854
0001 51.99999999999999
0100 52.14285714285714
0010 52.28571428571428
1000 52.42857142857142
0010 52.49999999999999
1000 52.57142857142857
0100 52.714285714285715
2000 52.857142857142854
3002 53.0
0203 53.14285714285714
0310 53.285714285714285
1000 53.42857142857142
0020 53.57142857142857
0230 53.71428571428571
0302 53.857142857142854
0013 53.99999999999999
0001 54.14285714285714
0100 54.28571428571428
0001 54.42857142857142
0010 54.57142857142856
0100 54.71428571428571
1000 54.857142857142854
0010 55.0
0001 55.14285714285714
0010 55.285714285714285
0100 55.42857142857142
1000 55.57142857142857
0100 55.71428571428571
0001 55.857142857142854
0010 56.0
0100 56.142857142857146
1000 56.285714285714285
0010 56.42857142857143
0100 56.57142857142857
0001 56.714285714285715
0010 56.857142857142854
0100 57.0
0010 57.14285714285714
1000 57.285714285714285
0010 57.42857142857142
0100 57.57142857142857
0001 57.71428571428571
0100 57.857142857142854
0010 57.99999999999999
0001 58.14285714285714
0100 58.285714285714285
0010 58.42857142857143
1000 58.57142857142857
0100 58.714285714285715
0010 58.857142857142854
0001 59.0
0100 59.14285714285714
0001 59.285714285714285
0100 59.42857142857142
0010 59.57142857142857
0001 59.71428571428571
0010 59.857142857142854
0100 59.99999999999999
1000 60.14285714285714
0100 60.28571428571428
0010 60.42857142857142
1000 60.57142857142857
0100 60.714285714285715
0010 60.857142857142854
0001 61.0
0100 61.14285714285714
0010 61.285714285714285
1000 61.42857142857142
0100 61.57142857142857
0010 61.71428571428571
1000 61.857142857142854
0010 61.99999999999999
0100 62.14285714285714
0001 62.28571428571428
0100 62.42857142857142
0010 62.57142857142856
0001 62.71428571428571
0100 62.857142857142854
0010 63.0
1000 63.14285714285714
0100 63.285714285714285
0010 63.42857142857142
0001 63.57142857142857
0100 63.71428571428571
0001 63.857142857142854
0101 64.0
2000 65.14285714285714
3200 65.71428571428571
1300 66.0
0010 66.09523809523809
0100 66.19047619047619
0002 66.28571428571428
0023 67.14285714285714
0230 67.42857142857143
0320 68.57142857142857
0031 69.42857142857143
0100 69.52380952380952
0010 69.61904761904762
2000 69.71428571428571
3200 70.28571428571428
0320 70.85714285714285
0030 72.0
0001 73.14285714285714
1000 73.28571428571428
0010 73.42857142857143
1000 73.57142857142857
0001 73.71428571428571
0010 73.85714285714285
0001 74.0
1000 74.14285714285714
0001 74.28571428571428
1000 74.42857142857142
0100 74.57142857142857
1000 74.71428571428571
0001 74.85714285714285
0100 74.99999999999999
0001 75.14285714285714
1000 75.28571428571428
0001 75.42857142857143
1000 75.57142857142857
0010 75.71428571428572
1000 75.85714285714286
0001 76.0
0100 76.14285714285714
0001 76.28571428571429
1000 76.42857142857143
0001 76.57142857142857
1000 76.71428571428571
0100 76.85714285714286
1000 77.0
0001 77.14285714285714
0010 77.28571428571428
0001 77.42857142857143
1000 77.57142857142857
0010 77.71428571428571
0100 77.85714285714285
0001 78.0
0100 78.14285714285714
0010 78.28571428571428
1000 78.42857142857142
0010 78.57142857142857
0100 78.71428571428571
0001 78.85714285714285
0010 78.99999999999999
0100 79.14285714285714
0010 79.28571428571428
0001 79.42857142857142
0100 79.57142857142856
0010 79.71428571428571
1000 79.85714285714285
0001 80.0
1000 80.14285714285714
0010 80.28571428571429
0100 80.42857142857143
0001 80.57142857142857
0010 80.71428571428571
0100 80.85714285714286
1000 81.0
0001 81.14285714285714
1000 81.28571428571428
0010 81.42857142857143
1000 81.57142857142857
0100 81.71428571428571
1000 81.85714285714285
0010 82.0
0100 82.14285714285714
0101 82.28571428571428
0002 82.57142857142857
0203 82.71428571428571
0320 82.85714285714285
0030 83.14285714285714
0002 83.28571428571428
0203 83.42857142857143
0320 83.57142857142857
0030 83.85714285714286
0010 84.0
0010 84.42857142857143
1000 84.57142857142857
0002 84.85714285714286
0023 85.0
0230 85.14285714285714
0300 85.42857142857143
0002 85.57142857142857
2003 85.71428571428571
3020 85.85714285714285
0030 86.14285714285714
0010 86.28571428571428
0100 86.71428571428571
0001 86.85714285714285
2000 87.14285714285714
3020 87.28571428571428
0230 87.42857142857142
0300 87.71428571428571
2000 87.85714285714285
3020 88.0
0230 88.14285714285714
0300 88.42857142857143
0100 88.57142857142857
0100 89.0
0001 89.14285714285714
2000 89.42857142857143
3200 89.57142857142857
0320 89.71428571428571
0030 90.0
2000 90.14285714285714
3002 90.28571428571428
0203 90.42857142857142
0300 90.71428571428571
0100 90.85714285714285
0100 91.28571428571428
0010 91.42857142857142
2000 91.71428571428571
3002 91.85714285714285
0203 91.99999999999999
0300 92.28571428571428
2000 92.42857142857142
3002 92.57142857142857
0203 92.71428571428571
0300 93.0
0100 93.14285714285714
0100 93.57142857142857
0010 93.71428571428571
2000 94.0
3002 94.14285714285714
0023 94.28571428571428
0030 94.57142857142857
2000 94.71428571428571
3020 94.85714285714285
0230 94.99999999999999
0300 95.28571428571428
0100 95.42857142857142
0010 95.85714285714285
1000 96.0
0002 96.28571428571429
2003 96.42857142857143
3020 96.57142857142857
0030 96.85714285714286
0002 97.0
2003 97.14285714285714
3020 97.28571428571428
0030 97.57142857142857
0010 97.71428571428571
0010 98.14285714285714
0100 98.28571428571428
0002 98.57142857142857
2003 98.71428571428571
3200 98.85714285714285
0300 99.14285714285714
0002 99.28571428571428
0203 99.42857142857142
0320 99.57142857142856
0030 99.85714285714285
0110 99.99999999999999
1001 100.28571428571428
1000 100.57142857142857
0100 100.71428571428571
0010 100.85714285714286
0100 101.0
1000 101.14285714285714
0001 101.28571428571428
0010 101.42857142857143
0001 101.57142857142857
1000 101.71428571428571
0010 101.85714285714285
0100 102.0
0001 102.14285714285714
1000 102.28571428571428
0001 102.42857142857142
0100 102.57142857142857
0010 102.71428571428571
1000 102.85714285714285
0100 102.99999999999999
0010 103.14285714285714
0100 103.28571428571428
1000 103.42857142857142
0010 103.57142857142856
0100 103.71428571428571
0010 103.85714285714285
1000 104.0
0001 104.14285714285714
0010 104.28571428571429
0100 104.42857142857143
1000 104.57142857142857
0001 104.71428571428571
0100 104.85714285714286
0010 105.0
0100 105.14285714285714
0001 105.28571428571428
0010 105.42857142857143
0100 105.57142857142857
1000 105.71428571428571
0001 105.85714285714285
0100 106.0
0001 106.14285714285714
1000 106.28571428571428
0100 106.42857142857142
0010 106.57142857142857
0001 106.71428571428571
1000 106.85714285714285
0001 106.99999999999999
0100 107.14285714285714
0010 107.28571428571428
1000 107.42857142857142
0100 107.57142857142856
1000 107.71428571428571
0001 107.85714285714285
0100 107.99999999999999
0001 108.14285714285712
1000 108.28571428571428
0010 108.42857142857142
0100 108.57142857142857
0001 108.71428571428571
0010 108.85714285714286
0100 109.0
1000 109.14285714285714
0010 109.28571428571428
0100 109.42857142857143
0010 109.57142857142857
1000 109.71428571428571
0100 109.85714285714285
0010 110.0
0100 110.14285714285714
1000 110.28571428571428
0001 110.42857142857142
0010 110.57142857142857
0001 110.71428571428571
1000 110.85714285714285
0010 110.99999999999999
0100 111.14285714285714
0001 111.28571428571428
1000 111.42857142857142
0001 111.57142857142856
0100 111.71428571428571
0010 111.85714285714285
1000 112.0
0100 112.14285714285714
0010 112.28571428571429
0100 112.42857142857143
1000 112.57142857142857
0010 112.71428571428571
0100 112.85714285714286
0010 113.0
1000 113.14285714285714
0001 113.28571428571428
0010 113.42857142857143
0100 113.57142857142857
1000 113.71428571428571
0001 113.85714285714285
0100 114.0
0010 114.14285714285714
0100 114.28571428571428
0001 114.42857142857142
0010 114.57142857142857
0100 114.71428571428571
1000 114.85714285714285
0001 114.99999999999999
0100 115.14285714285714
0001 115.28571428571428
1000 115.42857142857142
0100 115.57142857142856
0010 115.71428571428571
0001 115.85714285714285
1000 115.99999999999999
0001 116.14285714285712
0100 116.28571428571428
0010 116.42857142857142
1000 116.57142857142857
1000 116.71428571428571
0010 116.85714285714286
0010 117.0
0100 117.14285714285714
0100 117.28571428571428
0001 117.42857142857143
0001 117.57142857142857
0010 117.71428571428571
0010 117.85714285714285
0100 118.0
0100 118.14285714285714
1000 118.28571428571428
1000 118.42857142857142
0001 118.57142857142857
0001 118.71428571428571
0201 118.85714285714285
0300 121.14285714285714
