TITLE Happy Screaming Night Businessman
BPM   240.0
NOTES
1000 5.0
0100 5.125
0010 5.25
0001 5.375
1000 5.5
0100 5.625
0010 5.75
0001 5.875
1000 6.0
0001 6.142857142857143
0100 6.285714285714286
0100 6.357142857142857
0010 6.5
0010 6.571428571428571
1000 6.714285714285714
0001 6.857142857142857
1000 7.0
0010 7.125
0100 7.25
0001 7.375
1000 7.5
0010 7.625
0100 7.75
0001 7.875
1000 8.0
0100 8.125
0010 8.25
0001 8.375
1000 8.5
0001 8.5625
0100 8.625
0001 8.6875
1000 8.75
0010 8.8125
0100 8.875
0001 8.9375
1000 9.0
0010 9.125
0100 9.25
0001 9.375
1000 9.5
0010 9.625
0100 9.75
0001 9.875
1000 10.0
0001 10.142857142857142
0010 10.285714285714286
0010 10.357142857142858
0100 10.5
0100 10.571428571428571
1000 10.714285714285714
0001 10.857142857142858
1000 11.0
0100 11.125
0010 11.25
0001 11.375
1000 11.5
0100 11.625
0010 11.75
0001 11.875
1000 12.0
0010 12.125
0100 12.25
0001 12.375
1000 12.5
0001 12.5625
0010 12.625
0100 12.6875
1000 12.75
0001 12.8125
0010 12.875
0001 12.9375
1000 13.0
0010 13.125
0010 13.25
0010 13.375
1000 13.5
0001 13.625
0001 13.75
0001 13.875
0100 14.0
0010 14.125
1000 14.25
0001 14.375
0010 14.5
0100 14.625
1000 14.75
0001 14.875
2000 15.0
3000 15.125
2000 15.25
3000 15.375
0002 15.5
0003 15.625
0010 15.75
0100 15.875
1000 16.0
0001 16.125
0100 16.25
0010 16.375
1000 16.5
0001 16.5625
1000 16.625
0001 16.6875
0010 16.75
0100 16.8125
1000 16.875
0001 16.9375
1000 17.0
0010 17.125
0100 17.25
0010 17.375
1000 17.5
0001 17.625
0001 17.75
0001 17.875
0010 18.0
0100 18.125
1000 18.25
0001 18.375
0100 18.5
0010 18.625
0100 18.75
0001 18.875
1000 19.0
0010 19.125
0130 19.5
0001 19.625
1000 19.75
0100 19.875
0010 20.0
0001 20.125
1000 20.25
0010 20.375
0100 20.5
0001 20.5625
0100 20.625
0010 20.6875
1000 20.75
0001 20.8125
0010 20.875
0100 20.9375
1000 21.0
0001 21.125
0100 21.1875
0010 21.25
1000 21.375
0100 21.4375
0010 21.5
0001 21.625
1000 21.75
0010 21.875
0100 22.0
0001 22.0625
0100 22.125
0001 22.1875
1000 22.25
0100 22.375
0010 22.4375
0001 22.5
1000 22.625
0100 22.75
0010 22.875
0001 23.0
1000 23.0625
0001 23.125
0100 23.25
0001 23.3125
1000 23.375
0100 23.5
0010 23.5625
0001 23.625
0010 23.6875
0100 23.75
1000 23.8125
0001 23.875
1000 23.9375
0001 24.0
0100 24.125
0010 24.1875
0100 24.25
0001 24.375
1000 24.5
0100 24.625
0010 24.75
0001 24.875
1000 25.0
0010 25.0625
0100 25.125
0010 25.1875
1000 25.25
0001 25.3125
0010 25.375
0100 25.5
1000 25.5625
0100 25.625
1000 25.6875
0001 25.75
1000 25.8125
0001 25.875
0100 26.0
0010 26.0625
1000 26.125
0010 26.1875
0100 26.25
0001 26.375
1000 26.5
0001 26.625
1000 26.75
0100 26.875
0010 27.0
0001 27.1875
1000 27.25
3100 28.25
0010 28.3125
0001 28.375
0010 28.4375
0001 28.5
1000 28.5625
0001 28.625
0010 28.75
0100 28.8125
1000 28.875
0001 29.0
0010 29.153846153846153
0010 29.23076923076923
0100 29.384615384615383
0100 29.46153846153846
0010 29.615384615384617
0010 29.692307692307693
1000 29.846153846153847
0001 30.0
0010 30.142857142857142
0010 30.357142857142858
1000 30.5
0100 30.642857142857142
0100 30.714285714285715
0001 30.857142857142858
1000 31.0
0010 31.153846153846153
0010 31.23076923076923
0100 31.384615384615383
0100 31.46153846153846
0010 31.615384615384617
0010 31.692307692307693
0100 31.846153846153847
2000 32.0
3002 32.25
0203 32.5
0320 32.75
1030 33.0
0001 33.25
1000 33.375
0001 33.5
1000 33.625
0100 33.875
0010 34.0
0001 34.125
1001 34.25
1010 34.625
0110 34.9375
0101 35.1875
1010 35.4375
1001 35.6875
0101 35.9375
0100 36.25
0001 36.3125
0100 36.375
0001 36.4375
1000 36.5
0100 36.5625
1000 36.625
0100 36.6875
0010 36.75
0100 36.8125
0010 36.875
0100 36.9375
1000 37.0
0010 37.125
0010 37.25
0010 37.375
0100 37.5
0001 37.625
0001 37.75
0001 37.875
1000 38.0
0100 38.125
1000 38.25
0010 38.375
1000 38.5
0100 38.625
1000 38.75
0010 38.875
1000 39.0
0001 39.125
0001 39.25
0001 39.375
0010 39.5
0100 39.625
0100 39.75
0100 39.875
1000 40.0
0010 40.125
1000 40.25
0100 40.375
1000 40.5
0010 40.625
1000 40.75
0100 40.875
0010 41.0
0100 41.125
0100 41.25
0100 41.375
1000 41.5
0001 41.625
0001 41.75
0001 41.875
0010 42.0
1000 42.125
0010 42.25
0001 42.375
0010 42.5
1000 42.625
0010 42.75
0001 42.875
0010 43.0
0100 43.125
0100 43.25
0100 43.375
0010 43.5
0001 43.625
0001 43.75
0001 43.875
0100 44.0
1000 44.125
0100 44.25
0001 44.375
0100 44.5
1000 44.625
0100 44.75
0001 44.875
1000 45.0
0100 45.125
0010 45.25
0001 45.375
1000 45.5
0100 45.625
0010 45.75
0001 45.875
1000 46.0
0001 46.142857142857146
0100 46.285714285714285
0100 46.357142857142854
0010 46.5
0010 46.57142857142857
1000 46.714285714285715
0001 46.857142857142854
1000 47.0
0010 47.125
0100 47.25
0001 47.375
1000 47.5
0010 47.625
0100 47.75
0001 47.875
1000 48.0
0100 48.125
0010 48.25
0001 48.375
1000 48.5
0010 48.5625
1000 48.625
0010 48.6875
0100 48.75
0001 48.8125
0010 48.875
0100 48.9375
1000 49.0
0010 49.125
0100 49.25
0001 49.375
1000 49.5
0010 49.625
0100 49.75
0001 49.875
1000 50.0
0001 50.142857142857146
0010 50.285714285714285
0010 50.357142857142854
0100 50.5
0100 50.57142857142857
1000 50.714285714285715
0001 50.857142857142854
1000 51.0
0100 51.125
0010 51.25
0001 51.375
1000 51.5
0100 51.625
0010 51.75
0001 51.875
1000 52.0
0010 52.125
0100 52.25
0001 52.375
1000 52.5
0001 52.5625
1000 52.625
0010 52.6875
1000 52.75
0100 52.8125
0010 52.875
0001 52.9375
1000 53.0
1100 53.375
1100 53.75
0011 54.125
0011 54.5
0001 54.875
1000 55.0
0110 55.375
0110 55.75
1001 56.125
1001 56.5
1000 56.875
0010 57.0
0110 57.375
0100 57.5
1001 57.75
0101 58.0
0101 58.375
0100 58.5
1001 58.75
1010 59.125
1001 59.5
1000 59.875
0100 60.0
0110 60.25
0010 60.375
0001 60.5
1000 60.625
0100 60.75
1000 60.875
0001 61.0
0100 61.125
0100 61.25
0100 61.375
0001 61.5
1000 61.625
1000 61.75
1000 61.875
0010 62.0
0100 62.125
0001 62.25
1000 62.375
0100 62.5
0010 62.625
0001 62.75
1000 62.875
0002 63.0
0003 63.125
0002 63.25
0003 63.375
2000 63.5
3000 63.625
0100 63.75
0010 63.875
0001 64.0
1000 64.125
0010 64.25
0100 64.375
0001 64.5
0010 64.625
1000 64.75
0010 64.875
0001 65.0
0011 65.375
0011 65.75
1100 66.125
1100 66.5
1001 66.875
1001 67.25
0110 67.625
0001 67.75
1000 67.875
0001 68.0
0010 68.0625
0100 68.125
1000 68.1875
0100 68.25
0010 68.3125
0001 68.375
0010 68.4375
0001 68.5
1000 68.5625
0001 68.625
1000 68.6875
0010 68.75
0100 68.8125
0001 68.875
1000 68.9375
0001 69.0
0100 69.0625
0001 69.125
0100 69.1875
0010 69.25
1000 69.375
0001 69.5
1000 69.625
0100 69.75
0010 69.875
0001 70.0
1000 70.1875
0010 70.25
0130 71.25
0001 71.3125
1000 71.375
0001 71.4375
1000 71.5
0001 71.5625
0010 71.625
0100 71.75
1000 71.8125
0001 71.875
1000 72.0
3000 72.13333333333334
0100 72.26666666666667
0020 72.4
0030 72.53333333333333
0200 72.66666666666667
0200 72.8
0301 72.93333333333334
1000 73.0
0001 73.13333333333334
0100 73.2
0001 73.26666666666667
1000 73.4
0010 73.53333333333333
0010 73.6
0001 73.73333333333333
1001 74.0
1000 74.26666666666667
0010 74.33333333333333
1000 74.4
0100 74.53333333333333
0310 74.8
0010 74.86666666666666
1000 75.0
0001 75.375
1000 75.5
3000 75.75
0100 75.8125
0010 75.875
0001 76.0
0010 76.08333333333333
0100 76.16666666666667
1000 76.25
0001 76.33333333333333
0100 76.41666666666667
0010 76.5
1000 76.58333333333333
0001 76.66666666666667
0010 76.75
0100 76.83333333333333
0010 76.91666666666667
0001 77.0
1000 77.08333333333333
0001 77.16666666666667
0100 77.25
0010 77.33333333333333
0100 77.41666666666667
0001 77.5
0010 77.58333333333333
0100 77.66666666666667
1000 77.75
0100 77.83333333333333
0010 77.91666666666667
0001 78.0
1000 78.08333333333333
0001 78.16666666666667
0100 78.25
0010 78.33333333333333
1000 78.41666666666667
0001 78.5
0100 78.58333333333333
0010 78.66666666666667
1000 78.75
0001 78.83333333333333
0010 78.91666666666667
0100 79.0
1000 79.08333333333333
0100 79.16666666666667
0010 79.25
0001 79.33333333333333
1000 79.41666666666667
0001 79.5
0100 79.58333333333333
0010 79.66666666666667
1000 79.75
0001 79.83333333333333
0010 79.91666666666667
0001 80.0
1000 80.08333333333333
0010 80.16666666666667
0100 80.25
0010 80.33333333333333
1000 80.41666666666667
0001 80.5
0010 80.58333333333333
0001 80.66666666666667
1000 80.75
0100 80.83333333333333
0010 80.91666666666667
0100 81.0
1000 81.08333333333333
0001 81.16666666666667
0100 81.25
0010 81.33333333333333
1000 81.41666666666667
0001 81.5
0010 81.58333333333333
0001 81.66666666666667
0010 81.75
0100 81.83333333333333
1000 81.91666666666667
0100 82.0
0010 82.08333333333333
0001 82.16666666666667
1000 82.25
0001 82.33333333333333
0100 82.41666666666667
0010 82.5
1000 82.58333333333333
0001 82.66666666666667
0010 82.75
0100 82.83333333333333
0010 82.91666666666667
0100 83.0
0010 83.08333333333333
0001 83.16666666666667
1000 83.25
0010 83.33333333333333
0100 83.41666666666667
0001 83.5
1000 83.58333333333333
0010 83.66666666666667
0100 83.75
0001 83.83333333333333
0010 83.91666666666667
0001 84.0
1000 84.125
0010 84.25
0100 84.3125
0001 84.375
1000 84.5
0100 84.625
0010 84.75
0001 84.875
0010 85.0
0100 85.125
1000 85.25
1000 85.4375
1000 85.625
1000 85.875
0001 86.0
0100 86.125
0010 86.25
0100 86.3125
0001 86.375
1000 86.5
0010 86.5625
0100 86.625
0010 86.6875
0100 86.75
0001 86.8125
0010 86.875
0100 86.9375
1000 87.0
0001 87.0625
1000 87.125
0001 87.1875
1000 87.25
0010 87.3125
0100 87.375
0001 87.4375
1000 87.5
0010 87.625
0100 87.75
0010 87.875
1000 88.0
0001 88.0625
0010 88.125
0100 88.1875
1000 88.25
0100 88.3125
0010 88.375
0001 88.5
0100 88.5625
0010 88.625
0100 88.6875
0001 88.75
1000 88.8125
0010 88.875
0100 88.9375
0001 89.0
1000 89.0625
0001 89.125
1000 89.1875
0010 89.25
0100 89.375
0001 89.5
0100 89.625
0010 89.75
1000 89.875
0001 90.0
0010 90.1875
0100 90.25
1300 91.25
0001 91.375
1000 91.4375
0001 91.5
1000 91.5625
0001 91.625
0100 91.75
0010 91.8125
0100 91.875
0001 92.0
0010 92.125
0100 92.1875
1000 92.25
0001 92.3125
1000 92.375
0001 92.4375
0100 92.5
0010 92.5625
1000 92.625
0001 92.6875
1000 92.75
0100 93.0
0010 93.125
0001 93.25
1000 93.375
0001 93.5
0100 93.6875
0010 93.8125
1000 93.9375
0010 94.0
0100 94.125
0001 94.25
0100 94.3125
0001 94.375
1000 94.4375
0100 94.5
0010 94.625
0001 94.75
1000 94.875
0001 95.0
0100 95.125
0010 95.25
1000 95.375
0001 95.5
0010 95.625
0100 95.75
1000 95.875
0001 96.0
1000 96.0625
0010 96.125
1000 96.1875
0001 96.25
0100 96.3125
0010 96.375
1000 96.4375
0001 96.5
0010 96.5625
0100 96.625
1000 96.6875
0001 96.75
1000 96.8125
0100 96.875
0010 96.9375
0001 97.0
1000 97.0625
0001 97.125
1000 97.1875
0001 97.25
0100 97.375
0010 97.5
1000 97.5625
0010 97.625
0100 97.6875
0001 97.75
1000 97.875
0100 98.0
0010 98.125
0001 98.1875
1000 98.25
3100 99.25
0010 99.375
0001 99.5
1000 99.625
0001 99.6875
1000 99.75
0100 99.8125
1000 99.875
0001 100.0
0010 100.125
0001 100.25
0100 100.375
0010 100.5
1000 100.625
0100 100.75
0010 100.875
0100 100.9375
1000 101.0
0001 101.125
1000 101.25
0010 101.375
0100 101.4375
0001 101.5
1000 101.625
0010 101.75
0100 101.875
0001 102.0
0010 102.125
0100 102.25
1000 102.3125
0100 102.375
0010 102.5
0001 102.5625
1000 102.625
0001 102.6875
0100 102.75
0010 102.8125
1000 102.875
0001 102.9375
1000 103.0
0100 103.0625
0010 103.125
0001 103.1875
1000 103.25
0100 103.3125
0010 103.375
0001 103.4375
1000 103.5
0010 103.625
1000 103.75
0001 103.875
1000 104.0
0001 104.14285714285714
1000 104.28571428571429
0010 104.42857142857143
0010 104.5
0001 104.64285714285714
1000 104.78571428571429
0100 104.92857142857143
0100 105.0
0001 105.125
0010 105.25
0100 105.375
1000 105.5
0001 105.75
1000 105.875
0001 106.0
0100 106.14285714285714
0100 106.21428571428571
1000 106.35714285714286
0010 106.5
0010 106.57142857142857
0001 106.71428571428571
1000 106.85714285714286
0001 107.0
0100 107.14285714285714
0100 107.21428571428571
1000 107.35714285714286
0010 107.5
0010 107.57142857142857
0001 107.71428571428571
1000 107.85714285714286
0100 108.0
0010 108.14285714285714
0010 108.21428571428571
1000 108.35714285714286
0100 108.5
0100 108.57142857142857
0001 108.71428571428571
0100 108.85714285714286
0010 109.0
0100 109.14285714285714
0100 109.21428571428571
1000 109.35714285714286
0100 109.5
0100 109.57142857142857
0001 109.71428571428571
1000 109.85714285714286
0100 110.0
0010 110.14285714285714
0010 110.21428571428571
1000 110.35714285714286
0010 110.5
0010 110.57142857142857
0001 110.71428571428571
0010 110.85714285714286
0100 111.0
0010 111.14285714285714
0010 111.21428571428571
1000 111.35714285714286
0100 111.5
0100 111.57142857142857
0010 111.71428571428571
1000 111.85714285714286
0001 112.0
0100 112.14285714285714
0100 112.21428571428571
1000 112.35714285714286
0100 112.5
0100 112.57142857142857
0010 112.71428571428571
1000 112.85714285714286
0001 113.0
0100 113.125
0001 113.25
1000 113.375
0001 113.5
0010 113.625
0001 113.75
1000 113.875
0001 114.0
0010 114.14285714285714
0010 114.21428571428571
1000 114.35714285714286
0010 114.5
0010 114.57142857142857
0001 114.71428571428571
1000 114.85714285714286
0001 115.0
0100 115.14285714285714
0100 115.21428571428571
1000 115.35714285714286
0010 115.5
0010 115.57142857142857
0100 115.71428571428571
1000 115.85714285714286
0001 116.0
0100 116.14285714285714
0100 116.21428571428571
1000 116.35714285714286
0100 116.5
0100 116.57142857142857
0001 116.71428571428571
1000 116.85714285714286
0001 117.0
0010 117.14285714285714
0010 117.21428571428571
1000 117.35714285714286
0100 117.5
0100 117.57142857142857
0001 117.71428571428571
0010 117.85714285714286
0100 118.0
0010 118.14285714285714
0010 118.21428571428571
1000 118.35714285714286
0100 118.5
0100 118.57142857142857
0001 118.71428571428571
0100 118.85714285714286
0010 119.0
0100 119.14285714285714
0100 119.21428571428571
1000 119.35714285714286
0010 119.5
0010 119.57142857142857
0001 119.71428571428571
1000 119.85714285714286
0001 120.0
0010 120.14285714285714
0010 120.21428571428571
1000 120.35714285714286
0010 120.5
0010 120.57142857142857
0001 120.71428571428571
1000 120.85714285714286
0001 121.0
0010 121.125
0100 121.25
1000 121.375
0100 121.5
0010 121.625
0001 121.75
1000 121.875
0001 122.0
1000 122.14285714285714
0001 122.28571428571429
0010 122.42857142857143
0010 122.5
1000 122.64285714285714
0001 122.78571428571429
0100 122.92857142857143
0100 123.0
1000 123.125
0001 123.25
0010 123.375
0100 123.5
1000 123.75
0100 124.0
0010 124.14285714285714
0001 124.28571428571429
0100 124.42857142857143
0100 124.5
1000 124.64285714285714
0001 124.78571428571429
0010 124.92857142857143
0010 125.0
1000 125.125
0100 125.25
0010 125.375
0001 125.5
0010 125.625
0001 125.75
1000 125.875
0001 126.0
1000 126.125
1000 126.25
1000 126.375
0001 126.5
0010 126.625
0010 126.75
0010 126.875
0100 127.0
1000 127.125
0001 127.25
1000 127.375
0100 127.5
0010 127.625
0001 127.75
1000 127.875
0002 128.0
0003 128.125
0002 128.25
0003 128.375
2000 128.5
3000 128.625
0100 128.75
0010 128.875
0001 129.0
1000 129.125
0001 129.25
0100 129.375
0001 129.5
1000 129.5625
0100 129.625
1000 129.6875
0010 129.75
0100 129.8125
0001 129.875
0010 129.9375
0001 130.0
0010 130.125
0010 130.25
0010 130.375
0001 130.5
0100 130.625
0100 130.75
0100 130.875
0001 131.0
0100 131.125
0001 131.25
1000 131.375
0010 131.5
0100 131.625
0010 131.75
1000 131.875
0002 132.0
0003 132.125
0002 132.25
0003 132.375
2000 132.5
3000 132.625
0001 132.75
0010 132.875
0100 133.0
1000 133.125
0001 133.25
1000 133.375
0001 133.5
0010 133.5625
0100 133.625
1000 133.6875
0010 133.75
0100 133.8125
0001 133.875
0010 133.9375
0100 134.0
1000 134.125
1000 134.25
1000 134.375
0001 134.5
1000 134.625
1000 134.75
1000 134.875
0100 135.0
1000 135.125
0010 135.25
1000 135.375
0100 135.5
0010 135.625
0001 135.75
1000 135.875
0020 136.0
0030 136.125
0020 136.25
0030 136.375
0200 136.5
0300 136.625
0001 136.75
0010 136.875
0001 137.0
0100 137.125
0001 137.25
1000 137.375
0001 137.5
1000 137.5625
0010 137.625
1000 137.6875
0100 137.75
0010 137.8125
0001 137.875
0100 137.9375
0001 138.0
0010 138.125
0010 138.25
0010 138.375
0001 138.5
0100 138.625
0100 138.75
0100 138.875
0001 139.0
0100 139.125
0001 139.25
1000 139.375
0010 139.5
1000 139.625
0100 139.75
1000 139.875
0200 140.0
0300 140.125
0200 140.25
0300 140.375
0020 140.5
0030 140.625
0001 140.75
0100 140.875
0010 141.0
1000 141.125
0001 141.25
0100 141.375
0001 141.5
0100 141.5625
0010 141.625
1000 141.6875
0100 141.75
0010 141.8125
0001 141.875
0100 141.9375
0010 142.0
