TITLE Miku Miku Ni Shite Ageru
BPM   160.0
NOTES
1000 0.515
0010 0.7025
0100 0.89
0010 1.0775000000000001
0100 1.1712500000000001
0100 1.3587500000000001
0001 1.4525000000000001
1000 1.6400000000000001
0001 1.8275000000000001
0001 2.015
1000 2.39
0001 2.5775
1000 2.67125
1000 2.85875
0010 2.9525
0100 3.14
0010 3.3275
1000 3.515
0001 3.60875
1000 3.7025
0001 3.89
0100 4.0775
0010 4.17125
0010 4.35875
1000 4.4525
0001 4.64
0100 4.8275
0010 5.015
0100 5.10875
0010 5.2025
1000 5.39
0001 5.5775
0100 5.67125
0100 5.85875
0010 5.9525
1000 6.14
0100 6.23375
1000 6.3275
0010 6.515
0100 6.7025
0001 6.89
0010 7.0775
0100 7.265
1010 7.4525
0110 7.8275
0001 8.015
0100 8.10875
0001 8.2025
1000 8.39
0001 8.5775
1000 8.67125
1000 8.85875
0100 8.9525
0010 9.14
0001 9.23375
0010 9.3275
0100 9.515
1000 9.60875
0100 9.7025
1000 9.89
0010 10.0775
1000 10.17125
1000 10.35875
0001 10.4525
0100 10.64
0010 10.73375
0100 10.8275
0010 11.015
1000 11.10875
0010 11.2025
0100 11.39
0001 11.5775
0010 11.67125
0010 11.85875
0100 11.9525
1000 12.14
0001 12.23375
1000 12.3275
0001 12.515
0100 12.60875
0001 12.7025
1000 12.89
0010 12.98375
1000 13.0775
0100 13.265
0100 13.4525
0010 13.64
0001 14.015
0100 14.2025
0001 14.39
1000 14.5775
0010 14.67125
1000 14.765
0001 14.9525
0100 15.14
0001 15.3275
0100 15.42125
0010 15.515
0100 15.7025
0001 15.89
1000 16.0775
1010 16.265
0010 16.4525
0100 16.54625
0010 16.64
0100 16.73375
0001 16.8275
0001 17.2025
1000 17.39
0100 17.5775
0010 17.67125
0001 17.765
0100 17.9525
0010 18.14
1000 18.3275
0001 18.42125
1000 18.515
0001 18.7025
0100 18.89
0010 19.0775
1000 19.265
0100 19.4525
1000 19.54625
0100 19.64
1000 19.73375
0010 19.8275
0100 20.015
0001 20.2025
1000 20.39
0010 20.5775
0100 20.67125
0010 20.765
1000 20.9525
0010 21.14
0100 21.3275
0001 21.42125
0010 21.515
0001 21.7025
0100 21.89
0010 22.0775
0101 22.265
0001 22.4525
0010 22.54625
0001 22.64
0010 22.73375
0100 22.8275
1000 23.015
0100 23.2025
1000 23.39
0010 23.5775
0100 23.765
0001 23.9525
1000 24.04625
0001 24.14
0001 24.3275
0010 24.42125
0100 24.515
1000 24.7025
0001 24.79625
1000 24.89
1000 25.0775
0100 25.17125
0010 25.265
0001 25.4525
1000 25.64
0010 25.8275
1000 26.015
0001 26.5775
0100 26.765
1000 26.9525
0100 27.14
0010 27.3275
0110 27.515
0010 27.7025
1000 27.89
1010 28.0775
0010 28.265
0100 28.4525
0001 28.64
1000 28.8275
0010 29.015
1000 29.5775
0010 29.765
0001 29.9525
0010 30.14
1000 30.3275
1001 30.515
0001 30.7025
0010 30.89
0011 31.0775
0001 31.265
0100 31.4525
0010 31.64
1000 31.8275
0001 31.92125
0100 32.015
0010 32.2025
0101 32.5775
1001 32.9525
0001 33.3275
0100 33.42125
0010 33.515
1000 33.89
1100 34.0775
0010 34.4525
0100 34.54625
0001 34.64
1000 34.8275
1001 35.015
0001 35.5775
0010 35.765
0100 35.85875
0010 35.9525
0001 36.14
0100 36.3275
0010 36.515
1000 36.60875
0010 36.7025
1000 36.79625
0100 36.89
0010 37.0775
0001 37.17125
0100 37.265
0010 37.4525
1000 37.64
0001 37.8275
0020 38.015
0031 38.39
0110 38.5775
1000 38.9525
0001 39.14
0200 39.3275
0301 39.7025
1000 39.89
0010 40.0775
1000 40.265
0001 40.4525
0100 40.54625
0010 40.64
0100 40.74
0001 40.84
2000 41.04
3001 41.44
0001 41.94
1000 42.14
0010 42.3275
0100 42.515
0010 42.7025
1010 43.0775
0010 43.4525
0100 43.64
0001 43.8275
0200 44.015
0310 44.39
0101 44.5775
0001 44.9525
1000 45.14
0200 45.3275
0310 45.7025
0001 45.89
0010 46.0775
0100 46.265
0010 46.4525
0001 46.64
1000 46.8275
0100 47.015
0200 47.2025
0010 47.5775
1300 48.14
0001 48.3275
0100 48.515
0010 48.7025
1000 49.0775
0010 49.4525
0100 49.64
0010 49.8275
1000 50.015
0100 50.10875
1000 50.2025
0001 50.39
0010 50.5775
0100 50.67125
0010 50.765
0100 50.85875
0010 50.9525
0001 51.14
0100 51.3275
0001 51.515
0100 51.60875
0001 51.7025
0100 51.89
0001 52.0775
1000 52.17125
0001 52.265
1000 52.35875
0001 52.4525
0100 52.64
0100 52.8275
0001 53.015
0010 53.10875
0001 53.2025
0100 53.39
0010 53.5775
1000 53.67125
0010 53.765
1000 53.85875
0010 53.9525
0100 54.14
0001 54.3275
0010 54.515
0100 54.7025
0001 54.89
0100 55.0775
1000 55.265
0010 55.4525
0100 55.64
0001 55.8275
1000 56.015
0010 56.10875
0100 56.2025
0010 56.39
1000 56.5775
0100 56.67125
1000 56.765
0001 56.85875
1000 56.9525
0100 57.14
0010 57.3275
0100 57.515
1000 57.60875
0010 57.7025
1000 57.89
0001 58.0775
0010 58.17125
0001 58.265
0100 58.35875
0001 58.4525
1000 58.64
1000 58.8275
0001 59.015
0010 59.10875
0100 59.2025
1000 59.39
0100 59.5775
1000 59.67125
0100 59.765
0010 59.85875
0100 59.9525
0010 60.14
0001 60.3275
0100 60.515
0010 60.7025
0110 61.0775
0010 61.4525
0100 61.64
0010 61.8275
1010 62.015
0101 62.39
0010 62.5775
0110 62.9525
0100 63.14
0001 63.3275
1000 63.7025
0010 63.89
1000 64.0775
0001 64.265
0010 64.4525
0100 64.54625
0010 64.64
0001 64.73375
0010 64.8275
0100 65.015
1100 65.39
0001 65.5775
0100 65.9525
1000 66.14
0100 66.3275
0010 66.515
1000 66.7025
1010 67.0775
0001 67.4525
0100 67.64
0010 67.8275
0110 68.015
1001 68.39
0100 68.5775
1100 68.9525
0100 69.14
0010 69.3275
0001 69.7025
0100 69.89
0001 70.0775
0100 70.265
1000 70.4525
0100 70.64
0001 70.8275
1000 71.015
2000 71.2025
0010 71.5775
3100 72.14
0010 72.3275
0001 72.515
0100 72.7025
0010 73.0775
1000 73.4525
0100 73.64
0010 73.8275
0002 74.015
0103 74.39
0011 74.5775
0001 74.9525
0010 75.14
0200 75.3275
1300 75.7025
0010 75.89
1000 76.0775
0100 76.265
0010 76.4525
0001 76.54625
0010 76.64
0100 76.73375
0010 76.8275
0002 77.015
1003 77.39
1010 77.5775
0010 77.9525
0100 78.14
0010 78.3275
1000 78.515
0100 78.7025
0010 79.0775
0001 79.4525
1000 79.64
0010 79.8275
0200 80.015
0310 80.39
0101 80.5775
0001 80.9525
1000 81.14
0020 81.3275
0130 81.7025
0001 81.89
0100 82.0775
1000 82.265
0100 82.4525
0010 82.64
1000 82.8275
0100 83.015
0200 83.2025
1000 83.5775
0310 84.14
0100 84.3275
0010 84.515
0001 84.7025
0100 85.0775
0001 85.265
0010 85.4525
0001 85.64
0100 85.8275
0010 86.015
1000 86.10875
0100 86.2025
0010 86.39
0100 86.48375
0010 86.5775
0100 86.67125
0010 86.85875
0100 86.9525
1000 87.14
0010 87.3275
0100 87.515
0001 87.60875
0010 87.7025
0001 87.89
0100 87.98375
0001 88.0775
0100 88.17125
0001 88.35875
0100 88.4525
1100 88.64
1010 88.8275
0010 89.015
0100 89.10875
0001 89.2025
1000 89.39
0010 89.48375
1000 89.5775
0010 89.67125
1000 89.85875
0010 89.9525
0100 90.14
0001 90.3275
0010 90.515
0100 90.7025
1000 91.0775
1100 91.265
0110 91.4525
0001 91.8275
0010 92.015
0100 92.10875
1000 92.2025
0001 92.39
1000 92.48375
0001 92.5775
1000 92.67125
0001 92.85875
0010 92.9525
0100 93.14
0010 93.3275
0100 93.515
1000 93.60875
0001 93.7025
0100 93.89
0001 93.98375
0100 94.0775
0001 94.17125
0100 94.35875
0010 94.4525
0110 94.64
0101 94.8275
1000 95.015
0010 95.10875
0100 95.2025
0010 95.39
1000 95.48375
0010 95.5775
1000 95.67125
0010 95.85875
0100 95.9525
0010 96.14
1000 96.3275
0100 96.515
1000 96.7025
0101 97.0775
0010 97.4525
2000 97.64
0200 97.8275
3300 98.39
