TITLE We Are Pop Candy
BPM   125.0
NOTES
2000 1.14
0010 1.4999999999999998
3001 1.8599999999999997
2000 2.0999999999999996
0010 2.46
3001 2.8200000000000003
0002 3.0599999999999996
1000 3.42
0103 3.7799999999999994
0002 4.02
1000 4.38
0103 4.739999999999999
1000 4.9799999999999995
0001 5.34
0100 5.46
0010 5.699999999999999
1000 5.9399999999999995
0001 6.3
0100 6.419999999999999
0010 6.659999999999999
1000 6.8999999999999995
0100 7.02
0010 7.14
0001 7.259999999999999
1000 7.38
0100 7.499999999999999
0010 7.62
0001 7.739999999999999
1000 7.86
0100 7.9799999999999995
1000 8.1
0001 8.22
0100 8.34
0010 8.46
0100 8.58
0001 8.82
1010 9.3
0001 9.66
0010 10.020000000000001
0100 10.26
2000 10.5
3020 10.74
0130 10.98
0100 11.22
0010 11.46
1000 11.700000000000001
0001 11.94
0010 12.18
0001 12.42
0100 12.66
0110 13.14
1000 13.5
0010 13.860000000000001
0010 14.1
0001 14.58
0011 14.82
0010 15.06
0100 15.540000000000001
1000 15.78
0100 15.860000000000001
1000 15.94
0100 16.02
0010 16.5
1010 16.98
0010 17.34
0100 17.7
0001 17.94
0200 18.18
0320 18.419999999999998
1030 18.659999999999997
1000 18.9
0010 19.139999999999997
1000 19.38
0001 19.619999999999997
0100 19.86
0010 20.099999999999998
1000 20.339999999999996
1010 20.819999999999997
0100 21.179999999999996
0001 21.539999999999996
0001 21.779999999999998
1000 22.259999999999998
1010 22.499999999999996
0010 22.74
0100 23.22
0001 23.459999999999997
0100 23.54
0001 23.619999999999997
0200 23.7
0300 23.939999999999998
0120 24.18
0030 24.419999999999998
1001 24.54
0200 24.9
0002 25.14
0303 25.38
1100 25.5
0020 25.86
0030 25.98
0210 26.099999999999998
0300 26.339999999999996
0011 26.459999999999997
2000 26.819999999999997
0200 27.06
3300 27.299999999999997
0101 27.419999999999998
2000 27.779999999999998
3010 28.019999999999996
0010 28.259999999999994
0100 28.379999999999995
0001 28.739999999999995
0100 28.979999999999997
0100 29.219999999999995
0001 29.339999999999996
1000 29.699999999999996
0010 29.939999999999998
1000 30.06
0010 30.179999999999996
1000 30.299999999999997
0001 30.419999999999998
0100 30.54
0001 30.659999999999997
0100 30.779999999999998
0010 30.9
1000 31.019999999999996
0010 31.139999999999997
0100 31.259999999999998
0001 31.379999999999995
1000 31.5
0010 31.619999999999997
0100 31.86
0001 32.339999999999996
0100 32.7
0010 33.06
1000 33.3
0010 33.54
1000 33.78
0100 34.26
0010 34.620000000000005
0001 34.980000000000004
0100 35.22
0001 35.46
0100 35.699999999999996
0010 36.17999999999999
1000 36.54
0100 36.9
0001 37.13999999999999
0100 37.379999999999995
1000 37.62
0001 37.86
1000 38.099999999999994
0100 38.339999999999996
0010 38.46
0001 38.82
0001 39.059999999999995
0100 39.3
0011 39.54
0100 40.019999999999996
0010 40.26
1000 40.5
0100 40.74
0010 40.98
0001 41.22
0110 41.459999999999994
0001 41.93999999999999
0010 42.17999999999999
0100 42.419999999999995
0010 42.66
0001 42.89999999999999
1000 43.13999999999999
1010 43.379999999999995
0010 43.85999999999999
1000 44.099999999999994
0010 44.339999999999996
0100 44.58
1000 44.81999999999999
0100 45.059999999999995
0010 45.3
1000 45.54
0001 45.779999999999994
0010 46.019999999999996
0100 46.14
0010 46.5
0001 46.98
0100 47.22
0010 47.58
1000 47.699999999999996
0100 47.94
0010 48.18
0001 48.42
0100 48.66
0010 48.9
1000 49.14
0010 49.5
0100 49.62
0010 49.86
1000 50.1
0001 50.34
0100 50.58
0010 50.82
0100 51.059999999999995
0001 51.419999999999995
1000 51.53999999999999
0001 51.779999999999994
0010 52.019999999999996
0100 52.26
1000 52.49999999999999
0001 52.739999999999995
0100 52.98
0010 53.339999999999996
0100 53.459999999999994
0010 53.699999999999996
1000 53.82
0010 54.18
0100 54.419999999999995
0001 54.66
1000 54.9
0001 55.26
0100 55.379999999999995
0010 55.62
0100 55.86
0010 56.22
1000 56.339999999999996
0001 56.58
0100 56.81999999999999
0001 57.17999999999999
0010 57.29999999999999
0100 57.53999999999999
1000 57.779999999999994
0100 58.13999999999999
0010 58.25999999999999
0001 58.49999999999999
1100 58.739999999999995
0010 59.099999999999994
0001 59.21999999999999
0001 59.459999999999994
1001 59.699999999999996
1000 60.059999999999995
0010 60.17999999999999
0010 60.419999999999995
0120 60.66
1030 61.379999999999995
0001 61.62
0010 61.86
0001 62.099999999999994
0100 62.22
0010 62.339999999999996
1010 62.58
0011 63.059999999999995
0101 63.53999999999999
0001 63.78
1001 64.02
0110 64.5
0110 64.74
0010 64.98
1010 65.22
1000 65.46
1100 65.7
1100 65.94
0100 66.18
0110 66.42
1001 66.9
0101 67.38
0100 67.62
0110 67.86
0101 68.34
0100 68.58
0100 68.82000000000001
1100 69.3
1000 69.54
0100 69.62
1000 69.7
0100 69.78
1001 70.25999999999999
0011 70.74
0110 71.21999999999998
0010 71.46
1010 71.69999999999999
0101 72.17999999999999
0101 72.41999999999999
0100 72.66
0110 72.89999999999999
0010 73.13999999999999
1010 73.38
1010 73.61999999999999
1000 73.86
1100 74.1
1001 74.58
1010 75.05999999999999
1000 75.3
1000 75.53999999999999
0001 76.02
0001 76.25999999999999
0001 76.5
0101 76.97999999999999
0100 77.22
0001 77.3
0100 77.38
0002 77.46
0003 77.7
0010 77.94
0010 78.3
0001 78.42
0010 78.78
0200 79.14
0310 79.38
0002 79.62
0103 79.86
0010 80.1
1000 80.22
0100 80.34
1000 80.58
0001 80.82
0010 81.06
0001 81.17999999999999
0100 81.3
0010 81.54
1000 81.78
1000 82.14
0010 82.26
0100 82.62
0001 82.98
1000 83.22
0010 83.69999999999999
1000 83.93999999999998
0010 84.17999999999999
0100 84.65999999999998
0001 84.89999999999999
0100 84.97999999999999
0001 85.05999999999999
1000 85.13999999999999
0010 85.61999999999999
0100 85.97999999999999
0010 86.1
1000 86.46
0020 86.82
1030 87.05999999999999
0200 87.3
0310 87.53999999999999
0001 87.77999999999999
0010 87.89999999999999
0001 88.02
0010 88.25999999999999
0100 88.49999999999999
1000 88.74
0100 88.85999999999999
1000 88.97999999999999
0100 89.22
0010 89.46
0001 89.82
0100 89.94
0010 90.3
1000 90.66
0100 90.89999999999999
0001 91.38
1000 91.61999999999999
0010 91.86
0100 92.33999999999999
0010 92.58
0100 92.66
0010 92.74
2000 92.82
3000 93.06
0110 93.3
0100 93.66
1010 94.02
0100 94.25999999999999
0110 94.61999999999999
0100 94.98
0011 95.22
0010 95.58
0110 95.94
0010 96.17999999999999
1001 96.53999999999999
0010 96.9
1100 97.14
1000 97.38
0001 97.5
1000 97.62
0001 97.86
0011 98.1
0010 98.34
0100 98.46
0010 98.58
0001 98.82000000000001
1000 99.06
0010 99.18
0100 99.3
0001 99.42
1000 99.54
0010 99.66
0100 99.78
0001 99.9
0100 100.02
0010 100.14
0100 100.26
0001 100.38
1000 100.5
0010 100.62
0100 100.74000000000001
0002 100.97999999999999
0203 101.21999999999998
0320 101.46
2030 101.69999999999999
3010 102.05999999999999
0100 102.17999999999999
0010 102.41999999999999
1000 102.66
0020 102.89999999999999
2030 103.13999999999999
3002 103.38
0203 103.61999999999999
0301 103.97999999999999
1000 104.1
0001 104.33999999999999
0010 104.58
