TITLE Hello to the your first video game
BPM   128.0
NOTES
2000 15.0
3002 15.3515625
0203 15.703125
0010 15.9375
0301 16.40625
2000 16.875
3200 17.2265625
0320 17.578125
0130 17.8125
1000 18.046875
0001 18.28125
0200 18.75
0320 19.1015625
2030 19.453125
0001 19.6875
3100 20.15625
0020 20.625
0032 20.9765625
0203 21.328125
0301 21.5625
1000 21.796875
0010 22.03125
1000 22.265625
0002 22.5
2003 22.8515625
3200 23.203125
0010 23.4375
1300 23.90625
0020 24.375
0230 24.7265625
0302 25.078125
1003 25.3125
0100 25.546875
0010 25.78125
0001 26.25
1000 26.3671875
0100 26.484375
1000 26.6015625
0001 26.71875
0100 26.8359375
0001 26.953125
1000 27.0703125
0100 27.1875
0010 27.3046875
0001 27.421875
0010 27.5390625
0100 27.65625
1000 27.7734375
0001 27.890625
1000 28.0078125
0001 28.125
0100 28.203125
1000 30.125
0001 30.375
1000 30.5
0001 30.75
1000 31.0
0010 31.25
1000 31.5
0001 32.109375
0010 32.34375
0001 32.4609375
0010 32.6953125
0100 32.9296875
1000 33.1640625
0001 33.3984375
0100 33.984375
0010 34.21875
0100 34.3359375
0010 34.5703125
1000 34.8046875
0001 35.0390625
1000 35.2734375
0100 35.859375
1000 36.09375
0001 36.2109375
1000 36.4453125
0010 36.6796875
0100 36.9140625
0001 37.1484375
1000 37.5
0001 37.8515625
0200 38.203125
0300 38.90625
0010 39.375
1000 39.7265625
0002 40.078125
0003 40.78125
0010 41.25
0001 41.6015625
2000 41.953125
3000 42.65625
0001 43.125
1000 43.4765625
0020 43.828125
0030 44.53125
2000 45.0
3001 45.234375
1000 45.3515625
0100 45.5859375
0010 45.703125
0001 45.8203125
2000 45.9375
3001 46.171875
1000 46.2890625
0010 46.5234375
0100 46.640625
0002 46.875
0013 47.109375
0100 47.34375
1000 47.4609375
0002 47.6953125
1003 48.046875
0020 48.28125
0230 48.515625
0302 48.75
1003 48.984375
0001 49.1015625
1000 49.21875
0100 49.296875
0010 49.375
0001 49.453125
1000 49.5703125
0020 49.6875
1030 49.921875
0010 50.0390625
0100 50.2734375
0001 50.390625
2000 50.625
3100 50.859375
0020 51.09375
0130 51.328125
1000 51.40625
0100 51.484375
1000 51.5625
0001 51.71875
0200 51.796875
0310 52.03125
1000 52.1484375
0002 52.265625
2003 52.5
3100 52.734375
1000 52.8515625
0010 53.0859375
0100 53.203125
0001 53.3203125
2000 53.4375
3001 53.671875
1000 53.7890625
0010 53.90625
0100 54.0234375
0002 54.140625
2003 54.375
3100 54.609375
0010 54.84375
0001 54.9609375
0020 55.1953125
0130 55.546875
2000 55.78125
3002 56.015625
0203 56.25
0310 56.71875
1000 56.8359375
0001 56.953125
0010 57.0703125
0100 57.1875
1000 57.3046875
0100 57.421875
0010 57.5390625
0001 57.65625
0100 57.7734375
0010 57.890625
0100 58.0078125
2000 58.125
3200 58.4765625
0302 58.828125
1003 59.53125
1002 60.0
0103 60.234375
0001 60.3515625
1000 60.5859375
0100 60.703125
2000 60.9375
3010 61.171875
1000 61.2890625
0001 61.640625
0020 61.875
0031 62.109375
1000 62.34375
0010 62.4609375
0200 62.6953125
0301 63.046875
2000 63.28125
3200 63.515625
0320 63.75
0031 63.984375
0010 64.1015625
0001 64.453125
2000 64.6875
3010 64.921875
1000 65.0390625
0010 65.390625
0200 65.625
0301 65.859375
0020 66.09375
0031 66.328125
1000 66.5625
0010 66.71875
0200 66.796875
0301 67.03125
1000 67.1484375
0200 67.265625
0310 67.5
0001 67.734375
0010 67.96875
0001 68.203125
1000 68.4375
0010 68.671875
1000 68.90625
0010 69.140625
0100 69.375
0001 69.609375
0100 69.84375
0001 70.078125
1000 70.3125
0100 70.546875
1000 70.78125
0100 71.015625
0010 71.25
0001 71.3671875
0010 71.484375
0001 71.6015625
0010 71.71875
0001 71.8359375
0010 71.953125
0100 72.0703125
1000 72.1875
0001 72.3046875
0100 72.421875
0010 72.5390625
1000 72.65625
0001 72.7734375
0100 72.890625
0010 73.0078125
0001 73.125
0013 73.4765625
0130 74.53125
1002 75.0
0013 75.234375
1000 75.3515625
0010 75.5859375
0100 75.703125
1000 75.8203125
0002 75.9375
0013 76.171875
1000 76.2890625
0010 76.640625
0200 76.875
1300 77.109375
0010 77.34375
0100 77.4609375
2000 77.6953125
3100 78.046875
0002 78.28125
2003 78.515625
3200 78.75
0310 78.984375
1000 79.1015625
0010 79.453125
0001 79.5703125
0200 79.6875
0310 79.921875
0001 80.0390625
0010 80.390625
2000 80.625
3001 80.859375
0200 81.09375
0310 81.328125
0001 81.5625
0010 81.71875
1000 81.796875
1000 82.03125
0001 82.1484375
0020 82.265625
0230 82.5
0310 82.734375
1000 82.8515625
0010 83.203125
0200 83.4375
0310 83.671875
1000 83.7890625
0010 84.140625
0002 84.375
0103 84.609375
0010 84.84375
0100 84.9609375
2000 85.1953125
3100 85.546875
0002 85.78125
2003 86.015625
3200 86.25
0300 86.484375
0010 86.71875
0001 86.953125
1000 87.0703125
0001 87.1875
0100 87.3046875
0010 87.421875
0100 87.5390625
0001 87.65625
0010 87.7734375
0100 87.890625
0010 88.0078125
2000 88.125
3020 88.4765625
0032 88.828125
1003 89.53125
0100 89.609375
0010 89.6875
0100 89.765625
0010 89.84375
0001 89.921875
2000 90.0
3100 90.234375
0001 90.3515625
0100 90.5859375
1000 90.703125
0001 90.8203125
2000 90.9375
3100 91.171875
0001 91.2890625
0200 91.640625
2300 91.875
3010 92.109375
0100 92.34375
0010 92.4609375
0002 92.6953125
0013 93.046875
2000 93.28125
3002 93.515625
0023 93.75
0130 93.984375
0001 94.1015625
0100 94.453125
1000 94.5703125
0020 94.6875
0130 94.921875
1000 95.0390625
0100 95.390625
0002 95.625
1003 95.859375
0020 96.09375
0130 96.328125
1000 96.5625
0100 96.71875
0001 96.796875
0001 97.03125
1000 97.1484375
0200 97.265625
0320 97.5
0130 97.734375
0001 97.8515625
0100 98.203125
0020 98.4375
0130 98.671875
0001 98.7890625
0100 99.140625
0020 99.375
0031 99.609375
1000 99.84375
0010 99.9609375
0002 100.1953125
0013 100.546875
2000 100.78125
3002 101.015625
0023 101.25
0030 101.484375
0100 101.953125
1000 102.0703125
0100 102.1875
0010 102.3046875
0001 102.421875
1000 102.5390625
0010 102.65625
0100 102.7734375
0001 102.890625
0100 103.0078125
2000 103.125
3200 103.4765625
0302 103.828125
1003 104.53125
0100 104.6484375
0010 104.765625
0001 104.8828125
1000 105.0
0100 105.1171875
0100 105.234375
0001 105.3515625
0100 105.46875
0100 105.5859375
1000 105.703125
0100 105.8203125
0100 105.9375
0010 106.0546875
0100 106.171875
0100 106.2890625
1000 106.40625
0001 106.5234375
0100 106.640625
0010 106.7578125
1000 106.875
0010 106.9921875
0010 107.109375
0001 107.2265625
0010 107.34375
0010 107.4609375
1000 107.578125
0010 107.6953125
0010 107.8125
0100 107.9296875
0010 108.046875
0010 108.1640625
1000 108.28125
0100 108.3984375
0010 108.515625
0001 108.6328125
1000 108.75
0100 108.8671875
0100 108.984375
0001 109.1015625
0100 109.21875
0100 109.3359375
1000 109.453125
0100 109.5703125
0100 109.6875
0001 109.8046875
0010 109.921875
0010 110.0390625
1000 110.15625
0001 110.2734375
0100 110.390625
0010 110.5078125
0001 110.625
0010 110.7421875
1000 110.859375
0100 110.9765625
0010 111.09375
0001 111.2109375
1000 111.328125
0010 111.4453125
1000 111.5625
0200 111.6796875
0310 112.03125
0001 112.1484375
1000 112.265625
0001 112.3828125
1000 112.5
0100 112.6171875
0100 112.734375
0001 112.8515625
0100 112.96875
0100 113.0859375
1000 113.203125
0010 113.3203125
0010 113.4375
0001 113.5546875
0010 113.671875
0010 113.7890625
1000 113.90625
0100 114.0234375
0010 114.140625
0001 114.2578125
1000 114.375
0100 114.4921875
0100 114.609375
0001 114.7265625
0010 114.84375
0010 114.9609375
1000 115.078125
0100 115.1953125
0100 115.3125
0001 115.4296875
0010 115.546875
0010 115.6640625
1000 115.78125
0010 115.8984375
0200 116.015625
0301 116.25
1000 116.3671875
0100 116.484375
1000 116.71875
0100 116.8359375
0100 116.953125
0001 117.0703125
0100 117.1875
0010 117.3046875
1000 117.421875
0001 117.5390625
0010 117.65625
0100 117.7734375
1000 117.890625
0100 118.0078125
0001 118.125
0100 118.2421875
1000 118.359375
0010 118.4765625
0100 118.59375
0001 118.7109375
0100 118.828125
0010 118.9453125
1000 119.0625
0002 119.1796875
0013 119.4140625
0100 119.53125
1000 119.6484375
0001 119.765625
0100 119.8828125
0020 120.0
2030 120.3515625
3002 120.703125
0010 120.9375
1003 121.40625
0020 121.875
2030 122.2265625
3200 122.578125
0310 122.8125
0001 123.046875
0010 123.28125
0002 123.75
0203 124.1015625
0320 124.453125
1000 124.6875
0130 125.15625
0002 125.625
0023 125.9765625
0230 126.328125
1300 126.5625
0001 126.796875
1000 127.03125
0001 127.265625
0200 127.5
0320 127.8515625
2030 128.203125
0001 128.4375
3001 128.90625
0200 129.375
0302 129.7265625
0023 130.078125
0100 130.3125
0130 130.78125
1000 131.25
0100 131.3671875
1000 131.484375
0001 131.6015625
0100 131.71875
0001 131.8359375
1000 131.953125
0100 132.0703125
0010 132.1875
0001 132.3046875
0010 132.421875
0100 132.5390625
1000 132.65625
0001 132.7734375
0100 132.890625
0010 133.0078125
1000 133.125
0001 133.203125
3003 135.0
