TITLE Hero's Come Back!!
BPM   104.0
NOTES
0010 5.272307692307692
1001 5.849230769230768
0001 6.281923076923077
1000 6.714615384615384
1001 7.0030769230769225
0001 7.579999999999999
1001 8.156923076923077
1000 8.589615384615383
0001 8.878076923076923
1000 9.022307692307692
1001 9.31076923076923
0001 9.887692307692307
1000 10.176153846153845
0100 10.464615384615383
1000 10.753076923076922
0010 11.04153846153846
0100 11.33
0001 11.618461538461537
0100 11.762692307692307
0010 12.195384615384613
0100 12.483846153846152
0001 12.77230769230769
0010 13.060769230769228
0100 13.349230769230767
1000 13.637692307692307
0001 13.926153846153845
1001 14.214615384615383
1000 14.79153846153846
0100 15.079999999999998
1000 15.368461538461537
0010 15.656923076923075
0100 15.945384615384613
0001 16.23384615384615
1000 16.52230769230769
0100 16.81076923076923
0100 17.09923076923077
0010 17.387692307692305
0010 17.676153846153845
0001 17.96461538461538
1000 18.25307692307692
0001 18.541538461538458
1000 18.68576923076923
1001 19.118461538461535
0001 19.406923076923075
0100 19.69538461538461
0010 19.98384615384615
0100 20.272307692307688
0002 20.56076923076923
1000 20.849230769230765
0013 21.137692307692305
0001 21.71461538461538
1000 22.003076923076918
0010 22.291538461538458
0100 22.579999999999995
0020 22.868461538461535
1000 23.15692307692307
0130 23.44538461538461
0100 24.022307692307688
0010 24.310769230769225
0100 24.599230769230765
0001 24.8876923076923
0020 25.17615384615384
0130 25.46461538461538
0100 26.041538461538458
1000 26.33
0010 26.618461538461535
0100 26.906923076923075
0010 27.19538461538461
2000 27.48384615384615
3001 27.772307692307688
1000 28.06076923076923
0001 28.204999999999995
0010 28.637692307692305
0100 28.92615384615384
1000 29.21461538461538
0001 29.358846153846148
1001 29.647307692307688
0001 30.368461538461535
0100 30.65692307692307
0010 30.94538461538461
1000 31.089615384615378
0001 31.233846153846148
1000 31.522307692307688
0001 31.666538461538455
1001 31.954999999999995
0001 32.676153846153845
1000 32.964615384615385
0010 33.25307692307692
0100 33.39730769230769
0001 33.54153846153846
1000 33.83
0001 33.974230769230765
1001 34.262692307692305
1000 34.98384615384615
0001 35.27230769230769
0100 35.560769230769225
1001 35.849230769230765
0001 36.137692307692305
0100 36.28192307692307
0010 36.57038461538461
1010 36.85884615384615
0010 37.29153846153846
1000 37.58
0010 37.86846153846153
0100 38.012692307692305
0001 38.15692307692307
0100 38.44538461538461
0001 38.58961538461538
0101 38.87807692307692
0001 39.310769230769225
1000 39.599230769230765
0100 39.887692307692305
1000 40.03192307692307
0010 40.17615384615384
0100 40.46461538461538
0001 40.75307692307692
1000 40.897307692307685
1001 41.185769230769225
1000 41.61846153846153
0010 41.90692307692307
0100 42.19538461538461
0001 42.33961538461538
1000 42.483846153846144
0010 42.772307692307685
1000 42.91653846153845
0010 43.20499999999999
1010 43.49346153846153
0010 43.92615384615384
1000 44.21461538461538
1001 44.50307692307692
1010 44.935769230769225
0101 45.36846153846153
0100 45.65692307692307
0001 45.945384615384604
0200 46.08961538461538
0320 46.810769230769225
0230 47.3876923076923
0302 47.96461538461538
2003 48.54153846153846
3100 49.11846153846154
0010 49.40692307692307
0100 49.69538461538461
1000 49.98384615384615
0001 50.27230769230769
1000 50.560769230769225
1001 50.849230769230765
0001 51.426153846153845
1000 52.00307692307692
0001 52.58
0100 52.86846153846153
0001 53.15692307692307
1000 53.44538461538461
0100 53.73384615384615
0010 54.310769230769225
0001 54.887692307692305
1000 55.17615384615384
1001 55.46461538461538
0001 56.04153846153846
0100 56.61846153846153
0001 57.19538461538461
1000 57.483846153846144
0001 57.772307692307685
0100 58.060769230769225
0010 58.349230769230765
1000 58.92615384615384
0100 59.50307692307692
0010 59.79153846153845
0100 60.07999999999999
1000 60.36846153846153
0010 60.65692307692307
0100 60.945384615384604
0010 61.233846153846144
0010 61.810769230769225
1000 62.09923076923076
0001 62.3876923076923
0001 62.96461538461538
1000 63.25307692307691
0010 63.54153846153845
0100 63.82999999999999
0001 64.11846153846153
0100 64.40692307692306
0010 64.69538461538461
2000 65.27230769230769
0100 65.84923076923077
3002 66.42615384615384
0103 67.00307692307692
0010 67.58
0100 67.86846153846153
0001 68.15692307692308
1000 68.44538461538461
0001 68.73384615384614
0010 69.02230769230769
0100 69.31076923076922
2000 69.8876923076923
0001 70.17615384615384
0100 70.46461538461539
0100 70.89730769230769
3100 71.18576923076922
1000 71.90692307692306
0002 72.19538461538461
1000 72.48384615384614
0100 72.77230769230769
0100 73.205
0103 73.49346153846153
0010 74.21461538461537
0200 74.50307692307692
0001 74.79153846153845
0010 75.08
0010 75.5126923076923
0310 75.80115384615384
0100 76.52230769230768
0001 76.81076923076922
1000 77.09923076923076
0001 77.3876923076923
0010 77.67615384615384
0001 77.82038461538461
1000 78.10884615384614
1001 78.39730769230768
1000 78.82999999999998
0001 78.97423076923076
1000 79.11846153846153
0010 79.40692307692306
0100 79.69538461538461
0001 79.98384615384614
0100 80.12807692307692
0101 80.41653846153845
0001 81.13769230769229
0010 81.42615384615384
0100 81.71461538461537
1000 82.00307692307692
0100 82.29153846153845
1000 82.43576923076922
1100 82.72423076923076
1000 83.4453846153846
0001 83.73384615384614
0100 84.02230769230768
0010 84.31076923076922
0100 84.59923076923076
0010 84.74346153846153
0110 85.03192307692306
0010 85.46461538461537
1000 85.7530769230769
1001 86.04153846153845
1010 86.47423076923076
0101 86.90692307692306
0100 87.1953846153846
0001 87.48384615384614
0200 87.6280769230769
0020 88.34923076923076
0330 89.5030769230769
