TITLE Hollywood Galaxy
BPM   186.0
NOTES
01 10.32258064516129
01 10.483870967741936
02 10.64516129032258
04 10.806451612903226
04 10.96774193548387
08 11.129032258064516
01 11.29032258064516
04 11.451612903225806
02 11.612903225806452
02 11.774193548387098
08 11.935483870967742
04 12.096774193548388
04 12.258064516129032
02 12.419354838709678
01 12.580645161290324
08 12.741935483870968
01 12.903225806451612
01 13.064516129032258
04 13.225806451612902
02 13.387096774193548
02 13.548387096774192
08 13.709677419354838
04 13.870967741935484
02 14.032258064516128
01 14.193548387096774
08 14.35483870967742
02 14.516129032258064
04 14.67741935483871
01 14.838709677419354
08 15.0
04 15.161290322580644
08 15.32258064516129
01 15.483870967741936
08 15.645161290322582
02 15.806451612903226
04 15.967741935483872
04 16.129032258064516
02 16.29032258064516
08 16.451612903225808
04 16.612903225806452
02 16.774193548387096
01 16.93548387096774
08 17.096774193548388
02 17.258064516129032
02 17.419354838709676
04 17.58064516129032
01 17.741935483870968
02 17.903225806451612
04 18.064516129032256
08 18.2258064516129
01 18.387096774193548
04 18.548387096774192
04 18.709677419354836
02 18.87096774193548
08 19.032258064516128
04 19.193548387096772
02 19.35483870967742
01 19.516129032258064
08 19.67741935483871
02 19.838709677419356
04 20.0
01 20.161290322580644
02 20.322580645161292
04 20.483870967741936
02 20.56451612903226
09 21.93548387096774
01 22.096774193548384
04 22.258064516129032
02 22.419354838709676
08 22.5
01 22.741935483870964
02 22.903225806451612
01 23.064516129032256
08 23.14516129032258
02 23.225806451612904
04 23.387096774193548
01 23.548387096774196
08 23.629032258064516
04 23.79032258064516
02 24.032258064516128
01 24.193548387096776
08 24.274193548387096
02 24.35483870967742
04 24.435483870967744
01 24.516129032258064
02 24.677419354838708
04 24.838709677419356
08 25.0
01 25.08064516129032
04 25.32258064516129
01 25.483870967741936
02 25.64516129032258
01 25.725806451612904
08 25.806451612903224
02 25.96774193548387
04 26.129032258064516
01 26.209677419354836
02 26.37096774193548
04 26.61290322580645
08 26.774193548387096
01 26.854838709677416
04 26.93548387096774
01 27.016129032258064
08 27.096774193548388
04 27.258064516129032
02 27.41935483870968
04 27.580645161290324
08 27.661290322580648
01 27.903225806451612
04 28.06451612903226
01 28.225806451612904
02 28.306451612903228
04 28.387096774193548
08 28.548387096774192
01 28.70967741935484
04 28.79032258064516
02 28.951612903225808
08 29.193548387096772
04 29.35483870967742
08 29.43548387096774
02 29.516129032258064
08 29.596774193548388
01 29.677419354838708
02 29.838709677419352
01 30.0
04 30.161290322580644
02 30.241935483870968
08 30.483870967741932
01 30.64516129032258
02 30.806451612903224
04 30.887096774193548
08 30.967741935483872
01 31.129032258064516
04 31.290322580645164
02 31.370967741935484
08 31.532258064516128
01 31.774193548387096
04 31.935483870967744
02 32.016129032258064
04 32.096774193548384
02 32.17741935483871
08 32.25806451612903
01 32.33870967741935
08 32.41935483870968
01 32.5
04 32.58064516129032
02 32.66129032258065
08 32.74193548387097
01 32.82258064516129
02 32.903225806451616
04 33.064516129032256
08 33.225806451612904
04 33.38709677419355
02 33.46774193548387
01 33.54838709677419
04 33.70967741935484
02 33.87096774193548
08 33.95161290322581
01 34.11290322580645
02 34.354838709677416
04 34.516129032258064
08 34.596774193548384
04 34.677419354838705
02 34.75806451612903
01 34.83870967741935
08 35.0
02 35.16129032258064
04 35.32258064516129
01 35.40322580645161
02 35.64516129032258
04 35.806451612903224
08 35.96774193548387
04 36.04838709677419
02 36.12903225806451
01 36.29032258064516
08 36.4516129032258
02 36.53225806451613
04 36.69354838709677
01 36.93548387096774
02 37.096774193548384
01 37.177419354838705
08 37.258064516129025
01 37.33870967741935
04 37.41935483870968
02 37.58064516129033
08 37.74193548387097
04 37.903225806451616
02 37.983870967741936
01 38.225806451612904
08 38.38709677419355
02 38.54838709677419
04 38.62903225806452
01 38.70967741935484
02 38.87096774193549
04 39.03225806451613
08 39.112903225806456
01 39.274193548387096
04 39.516129032258064
02 39.67741935483871
08 39.75806451612903
02 39.83870967741936
04 39.91935483870968
01 40.0
08 40.16129032258065
04 40.32258064516129
02 40.483870967741936
01 40.564516129032256
04 40.806451612903224
02 40.96774193548387
08 41.12903225806451
01 41.20967741935484
02 41.29032258064516
04 41.935483870967744
08 42.016129032258064
01 42.096774193548384
08 42.17741935483871
01 42.25806451612903
08 42.33870967741935
01 42.41935483870968
08 42.5
01 42.58064516129032
02 42.66129032258064
04 42.74193548387097
08 42.82258064516129
01 42.90322580645161
08 42.983870967741936
04 43.064516129032256
02 43.14516129032258
04 43.225806451612904
08 43.306451612903224
02 43.387096774193544
04 43.46774193548387
01 43.54838709677419
08 43.62903225806451
04 43.70967741935483
02 43.79032258064516
01 43.87096774193548
08 43.9516129032258
02 44.03225806451613
04 44.11290322580645
02 44.19354838709677
08 44.274193548387096
01 44.354838709677416
08 44.43548387096774
02 44.516129032258064
08 44.596774193548384
04 44.677419354838705
02 44.75806451612903
01 44.83870967741935
08 44.91935483870967
02 45.0
04 45.08064516129032
01 45.16129032258064
08 45.24193548387096
04 45.32258064516129
02 45.40322580645161
04 45.48387096774193
08 45.564516129032256
01 45.64516129032258
08 45.7258064516129
04 45.806451612903224
08 45.887096774193544
02 45.967741935483865
04 46.04838709677419
01 46.12903225806451
02 46.20967741935483
04 46.29032258064515
08 46.37096774193548
01 46.45161290322581
04 46.53225806451613
02 46.612903225806456
08 46.693548387096776
01 46.774193548387096
04 46.85483870967742
01 46.935483870967744
04 47.016129032258064
02 47.09677419354839
08 47.17741935483871
04 47.25806451612903
02 47.33870967741936
01 47.41935483870968
04 47.5
02 47.58064516129032
08 47.66129032258065
01 47.74193548387097
02 47.82258064516129
04 47.903225806451616
08 47.983870967741936
01 48.064516129032256
08 48.145161290322584
02 48.225806451612904
04 48.306451612903224
01 48.38709677419355
02 48.46774193548387
04 48.54838709677419
08 48.62903225806452
01 48.70967741935484
08 48.79032258064516
04 48.87096774193549
02 48.95161290322581
01 49.03225806451613
02 49.11290322580645
01 49.193548387096776
04 49.274193548387096
02 49.354838709677416
08 49.435483870967744
04 49.516129032258064
08 49.596774193548384
01 49.67741935483871
04 49.75806451612903
01 49.83870967741935
02 49.91935483870968
04 50.0
08 50.08064516129032
02 50.16129032258064
08 50.24193548387097
01 50.32258064516129
04 50.40322580645161
02 50.483870967741936
08 50.564516129032256
01 50.64516129032258
08 50.725806451612904
04 50.806451612903224
02 50.887096774193544
01 50.96774193548387
04 51.04838709677419
02 51.12903225806451
08 51.20967741935484
01 51.29032258064516
08 51.37096774193548
02 51.45161290322581
04 51.53225806451613
01 51.61290322580645
08 51.69354838709677
01 51.774193548387096
04 51.854838709677416
01 51.93548387096774
02 52.016129032258064
01 52.096774193548384
08 52.177419354838705
01 52.25806451612903
08 52.33870967741935
04 52.41935483870967
08 52.5
02 52.58064516129032
08 52.66129032258064
01 52.74193548387096
08 52.82258064516129
01 52.90322580645161
02 52.98387096774193
04 53.064516129032256
08 53.14516129032258
01 53.2258064516129
08 53.306451612903224
04 53.387096774193544
02 53.467741935483865
04 53.54838709677419
08 53.62903225806451
02 53.70967741935483
04 53.79032258064516
01 53.87096774193548
08 53.9516129032258
04 54.03225806451613
02 54.11290322580645
01 54.193548387096776
08 54.274193548387096
02 54.35483870967742
04 54.435483870967744
02 54.516129032258064
08 54.59677419354839
01 54.67741935483871
08 54.75806451612903
02 54.83870967741936
08 54.91935483870968
04 55.0
02 55.08064516129033
01 55.16129032258065
08 55.24193548387097
02 55.322580645161295
04 55.403225806451616
01 55.483870967741936
08 55.564516129032256
04 55.645161290322584
02 55.725806451612904
04 55.806451612903224
08 55.88709677419355
01 55.96774193548387
08 56.04838709677419
04 56.12903225806452
08 56.20967741935484
02 56.29032258064516
04 56.37096774193549
01 56.45161290322581
02 56.53225806451613
04 56.61290322580645
08 56.693548387096776
01 56.774193548387096
04 56.854838709677416
02 56.935483870967744
08 57.016129032258064
01 57.096774193548384
04 57.17741935483871
01 57.25806451612903
04 57.33870967741935
02 57.41935483870968
08 57.5
04 57.58064516129032
02 57.66129032258065
01 57.74193548387097
04 57.82258064516129
02 57.903225806451616
08 57.983870967741936
01 58.064516129032256
02 58.14516129032258
04 58.225806451612904
08 58.306451612903224
01 58.387096774193544
08 58.46774193548387
02 58.54838709677419
04 58.62903225806451
01 58.70967741935484
02 58.79032258064516
04 58.87096774193548
08 58.95161290322581
01 59.03225806451613
08 59.11290322580645
04 59.19354838709677
02 59.274193548387096
01 59.354838709677416
02 59.43548387096774
01 59.516129032258064
04 59.596774193548384
02 59.677419354838705
08 59.75806451612903
04 59.83870967741935
08 59.91935483870967
01 60.0
04 60.08064516129032
01 60.16129032258064
02 60.24193548387097
04 60.32258064516129
08 60.40322580645161
02 60.483870967741936
08 60.564516129032256
01 60.64516129032258
04 60.7258064516129
02 60.806451612903224
08 60.887096774193544
01 60.967741935483865
08 61.04838709677419
04 61.12903225806451
02 61.20967741935483
01 61.29032258064516
04 61.37096774193548
02 61.4516129032258
08 61.53225806451613
01 61.61290322580645
08 61.69354838709677
02 61.77419354838709
04 61.854838709677416
01 61.935483870967744
08 62.016129032258064
01 62.09677419354839
04 62.17741935483871
01 62.25806451612903
02 62.33870967741936
01 62.41935483870968
08 62.5
01 62.58064516129033
08 62.66129032258065
04 62.74193548387097
08 62.822580645161295
02 62.903225806451616
08 62.983870967741936
01 63.064516129032256
08 63.145161290322584
01 63.225806451612904
01 63.54838709677419
01 63.70967741935484
01 64.51612903225806
01 64.83870967741936
01 65.0
08 65.80645161290322
08 66.12903225806451
08 66.29032258064515
08 67.09677419354838
08 67.41935483870968
08 67.58064516129032
04 68.38709677419355
04 68.70967741935485
04 68.87096774193549
04 69.6774193548387
04 70.0
04 70.16129032258064
02 70.96774193548387
02 71.29032258064517
02 71.45161290322581
02 72.25806451612902
02 72.58064516129032
02 72.74193548387096
01 73.54838709677419
08 73.70967741935483
10 73.87096774193549
02 74.03225806451613
04 74.35483870967742
05 74.51612903225806
01 74.83870967741936
01 75.0
09 75.16129032258065
08 75.3225806451613
04 75.64516129032259
06 75.80645161290323
02 75.96774193548387
01 76.12903225806451
08 76.29032258064515
10 76.45161290322581
02 76.61290322580645
04 76.93548387096774
06 77.09677419354838
02 77.41935483870968
02 77.58064516129032
10 77.74193548387098
08 77.90322580645162
01 78.22580645161291
09 78.38709677419355
08 78.54838709677419
01 78.70967741935483
02 78.79032258064515
04 78.87096774193547
08 78.9516129032258
01 79.03225806451613
02 79.11290322580645
04 79.19354838709677
08 79.27419354838709
02 79.35483870967741
04 79.43548387096773
01 79.51612903225806
08 79.59677419354838
01 79.6774193548387
04 79.75806451612902
02 79.83870967741935
08 79.91935483870967
01 80.0
02 80.08064516129032
01 80.16129032258064
08 80.24193548387096
02 80.3225806451613
08 80.40322580645162
01 80.48387096774194
02 80.56451612903226
04 80.64516129032258
08 80.7258064516129
01 80.80645161290323
04 80.88709677419355
01 80.96774193548387
08 81.04838709677419
04 81.12903225806451
08 81.20967741935483
01 81.29032258064515
08 81.37096774193547
02 81.4516129032258
04 81.53225806451611
01 81.61290322580645
02 81.69354838709677
04 81.77419354838709
08 81.85483870967741
01 81.93548387096773
08 81.98924731182795
01 82.04301075268816
08 82.09677419354838
04 82.1505376344086
02 82.2043010752688
01 82.25806451612902
08 82.31182795698923
01 82.36559139784946
08 82.41935483870967
02 82.47311827956989
04 82.5268817204301
01 82.58064516129032
01 83.87096774193549
08 83.95161290322581
01 84.03225806451613
08 84.19354838709678
02 84.2741935483871
04 84.35483870967742
01 84.51612903225806
02 84.59677419354838
04 84.67741935483872
08 84.83870967741936
01 84.91935483870968
04 85.0
01 85.16129032258064
02 85.24193548387096
04 85.32258064516128
02 85.4032258064516
01 85.48387096774194
08 85.56451612903226
01 85.64516129032258
04 85.7258064516129
01 85.80645161290322
08 85.88709677419354
02 85.96774193548387
04 86.04838709677419
01 86.12903225806451
02 86.20967741935483
04 86.29032258064515
08 86.37096774193547
01 86.45161290322581
08 86.53225806451613
01 86.61290322580645
04 86.7741935483871
02 86.85483870967742
08 86.93548387096774
02 87.01612903225806
04 87.09677419354838
02 87.25806451612904
04 87.33870967741936
01 87.41935483870968
04 87.5
02 87.58064516129032
08 87.74193548387096
04 87.82258064516128
08 87.9032258064516
01 88.06451612903226
04 88.14516129032258
02 88.2258064516129
08 88.38709677419354
01 88.46774193548386
02 88.54838709677419
04 88.70967741935483
08 88.79032258064515
02 88.87096774193547
08 89.03225806451613
01 89.11290322580645
08 89.19354838709677
02 89.35483870967742
04 89.43548387096774
01 89.51612903225806
08 89.6774193548387
04 89.75806451612902
02 89.83870967741936
04 90.0
08 90.08064516129032
01 90.16129032258064
04 90.32258064516128
02 90.4032258064516
08 90.48387096774192
02 90.56451612903224
04 90.64516129032258
01 90.7258064516129
02 90.80645161290322
04 90.88709677419354
08 90.96774193548386
01 91.04838709677418
08 91.12903225806451
01 91.20967741935483
02 91.29032258064515
04 91.37096774193547
08 91.4516129032258
02 91.53225806451611
04 91.61290322580645
01 91.69354838709677
08 91.77419354838709
04 91.93548387096774
02 92.01612903225806
01 92.09677419354838
02 92.1774193548387
04 92.25806451612902
02 92.41935483870968
04 92.5
08 92.58064516129032
04 92.66129032258064
02 92.74193548387096
01 92.90322580645162
08 92.98387096774194
01 93.06451612903226
04 93.22580645161291
02 93.30645161290323
08 93.38709677419355
01 93.54838709677419
02 93.62903225806451
04 93.70967741935485
08 93.79032258064517
02 93.87096774193549
08 93.95161290322581
04 94.03225806451613
08 94.11290322580645
01 94.19354838709677
04 94.27419354838709
02 94.35483870967741
08 94.51612903225806
01 94.59677419354838
04 94.6774193548387
01 94.83870967741935
02 94.91935483870967
04 95.0
08 95.16129032258064
04 95.24193548387096
08 95.32258064516128
01 95.48387096774194
04 95.56451612903226
02 95.64516129032258
04 95.7258064516129
01 95.80645161290323
02 95.88709677419355
04 95.96774193548387
08 96.04838709677419
01 96.12903225806451
08 96.20967741935483
04 96.29032258064517
08 96.37096774193549
02 96.45161290322581
04 96.53225806451613
01 96.61290322580645
08 96.69354838709677
01 96.77419354838709
02 96.85483870967741
01 96.93548387096773
04 97.09677419354838
02 97.1774193548387
08 97.25806451612902
04 97.33870967741935
02 97.41935483870967
04 97.58064516129032
02 97.66129032258064
01 97.74193548387096
04 97.82258064516128
02 97.9032258064516
08 98.06451612903226
01 98.14516129032258
08 98.2258064516129
02 98.38709677419355
04 98.46774193548387
02 98.54838709677419
08 98.70967741935483
04 98.79032258064515
02 98.87096774193549
04 99.03225806451613
08 99.11290322580645
01 99.19354838709677
04 99.35483870967742
02 99.43548387096774
08 99.51612903225806
01 99.59677419354838
08 99.67741935483872
04 99.75806451612904
02 99.83870967741936
01 99.91935483870968
02 100.0
04 100.08064516129032
08 100.16129032258065
02 100.24193548387098
04 100.3225806451613
01 100.40322580645162
04 100.48387096774194
01 100.56451612903226
08 100.64516129032258
04 100.7258064516129
02 100.80645161290322
04 100.88709677419354
08 100.96774193548387
04 101.04838709677419
02 101.12903225806451
01 101.20967741935483
04 101.29032258064515
02 101.37096774193547
08 101.53225806451613
01 101.61290322580645
04 101.77419354838709
01 101.85483870967741
08 101.93548387096774
01 102.01612903225806
02 102.09677419354838
04 102.1774193548387
08 102.25806451612904
02 102.41935483870968
04 102.5
01 102.58064516129032
04 102.66129032258064
02 102.74193548387098
08 102.90322580645162
01 102.98387096774194
04 103.06451612903226
01 103.2258064516129
08 103.30645161290322
04 103.38709677419354
08 103.54838709677419
04 103.62903225806451
02 103.70967741935483
01 103.87096774193547
04 103.9516129032258
01 104.03225806451613
08 104.08602150537634
01 104.13978494623655
08 104.19354838709677
02 104.24731182795698
04 104.3010752688172
01 104.35483870967741
08 104.40860215053763
01 104.46236559139784
02 104.51612903225806
