TITLE How Many Cups Of Sugar
BPM   200.001
NOTES
08 7.199964000179999
12 7.349963250183749
02 7.424962875185623
01 7.4999625001874985
02 7.649961750191249
04 7.724961375193123
08 7.799961000194998
04 7.874960625196874
08 7.949960250198749
01 8.024959875200624
08 8.099959500202498
02 8.249958750206249
04 8.324958375208123
01 8.399958000209999
08 8.54995725021375
04 8.6999565002175
02 8.849955750221248
01 8.924955375223124
08 8.999955000224999
01 9.149954250228749
02 9.2999535002325
04 9.374953125234374
02 9.449952750236248
04 9.524952375238124
08 9.599952000239998
01 9.749951250243749
04 9.899950500247499
02 10.049949750251248
08 10.124949375253124
02 10.199949000254998
08 10.274948625256872
02 10.349948250258748
04 10.424947875260623
01 10.499947500262499
08 10.649946750266247
02 10.724946375268123
08 10.799946000269998
01 10.949945250273748
02 11.099944500277498
04 11.249943750281247
08 11.399943000284997
01 11.474942625286872
08 11.549942250288748
01 11.699941500292498
04 11.849940750296247
02 11.999940000299997
08 12.074939625301871
02 12.149939250303747
04 12.224938875305622
01 12.299938500307498
08 12.449937750311246
04 12.524937375313122
02 12.599937000314997
01 12.674936625316871
02 12.749936250318747
01 12.899935500322497
02 13.049934750326246
04 13.124934375328122
02 13.199934000329998
01 13.349933250333748
08 13.499932500337499
10 13.649931750341247
04 13.724931375343123
02 13.799931000344998
08 13.949930250348748
01 14.099929500352498
02 14.174929125354373
04 14.249928750356247
12 14.399928000359997
01 14.549927250363748
04 14.699926500367498
02 14.849925750371247
04 14.924925375373123
01 14.999925000374997
08 15.074924625376873
01 15.149924250378747
02 15.299923500382498
04 15.449922750386246
08 15.524922375388122
04 15.599922000389997
02 15.674921625391871
01 15.749921250393747
02 15.824920875395621
01 15.899920500397497
08 16.049919750401248
02 16.12491937540312
04 16.199919000404996
02 16.274918625406873
08 16.349918250408745
02 16.499917500412497
06 16.649916750416246
01 16.799916000419998
08 16.874915625421874
01 16.949915250423746
08 17.024914875425623
01 17.0999145004275
08 17.249913750431247
01 17.324913375433123
08 17.399913000435
04 17.474912625436872
08 17.549912250438748
04 17.624911875440624
08 17.699911500442497
04 17.84991075044625
02 17.92491037544812
01 17.999910000449997
08 18.149909250453746
01 18.299908500457498
02 18.449907750461247
01 18.524907375463123
08 18.599907000465
01 18.749906250468747
04 18.899905500472496
02 18.974905125474372
08 19.049904750476248
01 19.12490437547812
04 19.199904000479997
02 19.499902500487497
10 19.799901000494998
08 20.099899500502495
01 20.399898000509996
04 20.699896500517497
02 20.849895750521245
08 20.999895000524997
01 21.149894250528746
02 21.224893875530622
04 21.299893500532495
08 21.449892750536247
01 21.599892000539995
08 21.749891250543744
02 21.899890500547496
04 22.049889750551245
01 22.12488937555312
04 22.199889000554997
01 22.27488862555687
08 22.349888250558745
04 22.42488787556062
02 22.499887500562494
01 22.649886750566246
02 22.72488637556812
01 22.799886000569995
08 22.949885250573743
02 23.02488487557562
04 23.099884500577495
01 23.249883750581244
08 23.32488337558312
01 23.399883000584996
08 23.47488262558687
04 23.549882250588745
02 23.62488187559062
01 23.699881500592493
08 23.849880750596245
01 23.924880375598118
08 23.999880000599994
04 24.22487887560562
02 24.449877750611243
01 24.599877000614995
03 24.899875500622493
06 25.199874000629997
08 25.274873625631873
04 25.349873250633745
08 25.42487287563562
01 25.499872500637498
04 25.649871750641246
02 25.724871375643122
08 25.799871000645
01 25.949870250648747
08 26.099869500652495
01 26.249868750656248
04 26.399868000659996
02 26.549867250663745
08 26.62486687566562
01 26.849865750671245
08 26.999865000674998
02 27.07486462567687
08 27.149864250678746
02 27.224863875680622
04 27.299863500682495
01 27.449862750686247
08 27.599862000689996
01 27.749861250693744
02 27.899860500697496
04 28.049859750701245
12 28.199859000704997
01 28.27485862570687
04 28.349858250708746
02 28.42485787571062
04 28.499857500712494
01 28.649856750716246
04 28.72485637571812
02 28.799856000719995
04 29.02485487572562
02 29.249853750731244
08 29.399853000734996
12 29.699851500742493
02 29.77485112574437
04 29.849850750746246
02 29.924850375748118
01 29.999850000749994
02 30.07484962575187
04 30.149849250753743
08 30.22484887575562
04 30.299848500757495
08 30.449847750761244
01 30.52484737576312
04 30.599847000764996
01 30.749846250768744
04 30.899845500772493
02 31.049844750776245
08 31.199844000779994
01 31.349843250783742
04 31.499842500787494
02 31.649841750791243
08 31.72484137579312
02 31.799841000794995
08 31.874840625796867
01 31.949840250798744
04 32.099839500802496
02 32.17483912580437
08 32.24983875080624
02 32.32483837580812
04 32.39983800080999
01 32.549837250813745
08 32.69983650081749
02 32.84983575082124
04 32.999835000824994
01 33.14983425082874
02 33.29983350083249
04 33.449832750836244
08 33.599832000839996
01 33.74983125084375
04 33.89983050084749
02 34.049829750851245
04 34.12482937585312
02 34.199829000855
04 34.27482862585687
01 34.34982825085874
08 34.42482787586062
04 34.499827500862494
02 34.64982675086625
01 34.72482637586812
08 34.79982600086999
01 34.949825250873744
02 35.09982450087749
04 35.17482412587937
02 35.24982375088124
04 35.32482337588311
08 35.39982300088499
01 35.54982225088874
04 35.69982150089249
02 35.77482112589437
08 35.84982075089624
09 35.999820000899994
04 36.14981925090375
02 36.29981850090749
08 36.37481812590937
02 36.449817750911244
04 36.524817375913116
01 36.599817000914996
08 36.67481662591687
01 36.74981625091874
02 36.89981550092249
04 37.049814750926245
08 37.19981400092999
01 37.27481362593186
08 37.34981325093374
01 37.424812875935615
02 37.49981250093749
04 37.64981175094124
08 37.72481137594311
04 37.79981100094499
08 37.874810625946864
01 37.94981025094874
04 38.09980950095249
06 38.24980875095624
08 38.32480837595811
01 38.39980800095999
08 38.549807250963745
02 38.69980650096749
04 38.84980575097124
01 38.924805375973115
04 38.999805000974995
01 39.07480462597687
04 39.14980425097874
02 39.22480387598062
08 39.29980350098249
01 39.449802750986244
02 39.524802375988116
04 39.599802000989996
02 39.74980125099375
01 39.89980050099749
08 40.049799751001245
04 40.12479937600312
08 40.199799001005
01 40.34979825100874
08 40.499797501012495
04 40.574797126014374
08 40.64979675101625
01 40.72479637601812
08 40.79979600101999
02 40.949795251023744
04 41.09979450102749
01 41.24979375103124
08 41.324793376033114
02 41.39979300103499
08 41.474792626036866
02 41.54979225103874
04 41.69979150104249
01 41.84979075104624
08 41.999790001049995
02 42.14978925105375
04 42.22478887605562
02 42.29978850105749
08 42.449787751061244
01 42.52478737606312
08 42.599787001064996
01 42.67478662606687
08 42.74978625106874
09 43.19978400107999
02 43.49978250108749
03 43.79978100109499
01 43.94978025109874
08 44.09977950110249
01 44.24977875110624
08 44.39977800110999
01 44.69977650111749
05 44.999775001124995
04 45.29977350113249
01 45.59977200113999
08 45.67477162614186
01 45.74977125114374
08 45.824770876145614
04 45.899770501147486
02 46.04976975115124
01 46.12476937615311
02 46.19976900115499
04 46.27476862615686
08 46.349768251158736
04 46.424767876160615
02 46.49976750116249
01 46.64976675116624
08 46.79976600116999
02 46.949765251173744
08 47.09976450117749
02 47.24976375118124
08 47.324763376183114
01 47.39976300118499
04 47.54976225118874
02 47.69976150119249
08 47.77476112619437
02 47.84976075119624
04 47.924760376198115
01 47.99976000119999
08 48.14975925120374
01 48.299758501207485
08 48.44975775121124
10 48.59975700121499
02 48.89975550122249
08 49.04975475122624
01 49.19975400122999
08 49.34975325123374
02 49.49975250123749
04 49.79975100124499
01 49.94975025124874
08 50.09974950125249
04 50.24974875125624
02 50.399748001259994
01 50.69974650126749
03 50.999745001274995
02 51.29974350128249
04 51.449742751286244
08 51.59974200128999
09 51.89974050129749
01 52.19973900130499
04 52.349738251308736
02 52.49973750131249
08 52.64973675131624
01 52.79973600131999
02 53.09973450132749
06 53.399733001334994
04 53.54973225133874
08 53.69973150134249
01 53.84973075134624
08 53.99973000134999
04 54.299728501357485
02 54.59972700136499
06 55.19972400137999
08 55.27472362638186
04 55.34972325138374
02 55.424722876385616
01 55.49972250138749
08 55.64972175139124
04 55.72472137639311
08 55.79972100139499
01 55.874720626396865
02 55.94972025139874
01 56.02471987640062
02 56.09971950140249
01 56.24971875140624
08 56.324718376408114
02 56.39971800140999
04 56.47471762641186
01 56.54971725141374
08 56.699716501417484
04 56.849715751421236
02 56.99971500142499
01 57.14971425142873
08 57.299713501432485
01 57.44971275143624
04 57.52471237643811
02 57.59971200143999
08 57.74971125144374
02 57.89971050144749
04 58.04970975145124
01 58.12470937645311
04 58.19970900145499
01 58.274708626456864
08 58.349708251458736
04 58.424707876460616
02 58.49970750146249
01 58.64970675146624
02 58.72470637646811
04 58.79970600146999
08 58.949705251473745
04 59.09970450147749
02 59.24970375148124
01 59.399703001484994
08 59.47470262648687
04 59.54970225148874
02 59.69970150149249
01 59.84970075149624
08 59.99970000149999
04 60.07469962650186
08 60.14969925150374
01 60.22469887650561
08 60.299698501507486
02 60.44969775151124
04 60.52469737651311
01 60.59969700151499
04 60.67469662651686
01 60.749696251518735
08 60.89969550152249
01 61.04969475152624
08 61.12469437652811
01 61.19969400152999
08 61.274693626531864
04 61.34969325153374
02 61.49969250153749
03 61.64969175154124
08 61.79969100154499
04 61.94969025154874
02 62.09968950155249
04 62.24968875155624
12 62.39968800155999
01 62.54968725156374
02 62.699686501567484
04 62.849685751571236
08 62.92468537657311
04 62.99968500157499
08 63.07468462657686
01 63.14968425157873
08 63.22468387658061
02 63.299683501582486
04 63.44968275158624
01 63.59968200158999
08 63.67468162659186
01 63.74968125159374
02 63.824680876595615
04 63.89968050159749
08 64.04967975160125
01 64.12467937660311
08 64.19967900160499
01 64.27467862660687
04 64.34967825160874
02 64.4996775016125
10 64.64967675161624
01 64.79967600161999
08 64.87467562662187
01 64.94967525162373
08 65.02467487662561
01 65.09967450162749
02 65.24967375163124
04 65.32467337663311
02 65.39967300163498
04 65.47467262663686
02 65.54967225163874
01 65.6246718766406
08 65.69967150164248
04 65.84967075164623
02 65.92467037664811
01 65.99967000164999
08 66.14966925165373
02 66.2996685016575
04 66.44966775166124
01 66.59966700166498
08 66.74966625166874
01 66.89966550167249
02 67.04966475167623
04 67.12466437667811
08 67.19966400167999
08 68.39965800171
09 68.84965575172124
01 69.2996535017325
02 69.44965275173624
01 69.59965200173998
08 69.67465162674186
01 69.74965125174373
08 69.82465087674561
02 69.89965050174749
04 70.04964975175123
01 70.12464937675311
04 70.19964900175498
02 70.27464862675686
08 70.34964825175874
02 70.4246478767606
04 70.49964750176248
01 70.64964675176623
08 70.7246463767681
04 70.79964600176999
02 70.87464562677187
04 70.94964525177373
08 71.02464487677561
01 71.09964450177749
02 71.24964375178124
04 71.32464337678311
02 71.39964300178498
01 71.47464262678686
02 71.54964225178874
04 71.6246418767906
08 71.69964150179248
02 71.84964075179623
04 71.92464037679811
01 71.99964000179999
08 72.22463887680561
01 72.44963775181124
08 72.59963700181498
12 72.89963550182249
06 73.19963400182999
01 73.27463362683187
08 73.34963325183374
01 73.42463287683562
02 73.4996325018375
04 73.64963175184124
08 73.72463137684312
04 73.79963100184499
02 73.94963025184875
01 74.09962950185249
02 74.24962875185624
01 74.39962800185998
08 74.47462762686186
01 74.54962725186373
08 74.6246268768656
01 74.69962650186748
08 74.84962575187123
04 74.92462537687311
02 74.99962500187497
01 75.07462462687685
02 75.14962425187873
01 75.2246238768806
02 75.29962350188248
01 75.37462312688436
08 75.44962275188622
01 75.59962200188998
02 75.74962125189373
04 75.89962050189749
08 76.04961975190123
10 76.19961900190498
04 76.27461862690686
01 76.34961825190874
08 76.4246178769106
01 76.49961750191248
02 76.64961675191623
04 76.7246163769181
08 76.79961600191999
01 77.02461487692561
08 77.24961375193124
04 77.39961300193498
06 77.69961150194248
01 77.77461112694436
02 77.84961075194623
01 77.92461037694811
08 77.99961000194999
04 78.07460962695187
02 78.14960925195373
01 78.22460887695561
08 78.2996085019575
01 78.44960775196124
02 78.52460737696312
04 78.59960700196498
08 78.74960625196874
01 78.89960550197249
04 79.04960475197623
02 79.19960400197999
08 79.34960325198374
01 79.4996025019875
08 79.64960175199124
04 79.72460137699312
02 79.79960100199499
01 79.87460062699687
08 79.94960025199875
01 80.02459987700061
08 80.09959950200249
01 80.24959875200624
04 80.32459837700812
02 80.39959800200998
08 80.54959725201373
01 80.69959650201749
02 80.77459612701935
01 80.84959575202123
02 80.92459537702311
04 80.99959500202498
08 81.14959425202873
01 81.29959350203248
04 81.44959275203622
06 81.59959200203998
08 81.74959125204373
04 81.89959050204749
02 82.04958975205123
01 82.12458937705311
02 82.19958900205498
01 82.27458862705686
02 82.34958825205874
04 82.4245878770606
08 82.49958750206248
04 82.64958675206623
02 82.79958600206999
01 82.87458562707187
08 82.94958525207373
04 83.02458487707561
08 83.09958450207749
01 83.24958375208124
02 83.32458337708312
04 83.39958300208498
02 83.47458262708686
01 83.54958225208874
02 83.69958150209249
06 83.84958075209623
08 83.99958000209999
12 86.39956800215998
02 86.54956725216373
01 86.69956650216749
08 86.84956575217123
04 86.92456537717311
02 86.99956500217498
04 87.07456462717685
08 87.14956425217873
01 87.29956350218248
02 87.37456312718436
04 87.44956275218622
08 87.5245623771881
04 87.59956200218998
08 87.74956125219373
01 87.89956050219749
04 88.04955975220123
02 88.12455937720311
08 88.19955900220498
02 88.27455862720686
04 88.34955825220874
01 88.49955750221248
08 88.57455712721436
01 88.64955675221623
08 88.72455637721811
02 88.79955600221999
08 88.94955525222373
01 89.09955450222749
02 89.24955375223124
04 89.32455337723312
08 89.39955300223498
04 89.47455262723686
08 89.54955225223874
01 89.69955150224249
02 89.77455112724437
01 89.84955075224623
02 89.92455037724811
04 89.99955000224999
08 90.14954925225373
01 90.2995485022575
04 90.44954775226124
02 90.52454737726312
04 90.59954700226498
01 90.67454662726686
04 90.74954625226874
02 90.89954550227249
08 90.97454512727437
02 91.04954475227623
04 91.12454437727811
02 91.19954400227998
08 91.34954325228372
01 91.49954250228748
02 91.64954175229123
01 91.72454137729311
02 91.79954100229497
04 91.87454062729685
02 91.94954025229873
04 92.09953950230248
02 92.17453912730436
04 92.24953875230622
08 92.3245383773081
04 92.39953800230998
08 92.54953725231373
01 92.69953650231749
04 92.84953575232123
01 92.92453537732311
08 92.99953500232498
01 93.07453462732686
04 93.14953425232873
02 93.29953350233248
10 93.59953200233998
01 93.74953125234373
08 93.89953050234749
04 94.04952975235123
02 94.12452937735311
01 94.19952900235498
08 94.27452862735686
01 94.34952825235874
08 94.49952750236248
04 94.57452712736436
02 94.64952675236623
01 94.72452637736811
08 94.79952600236999
01 94.94952525237373
04 95.09952450237749
02 95.24952375238124
08 95.32452337738312
02 95.39952300238498
08 95.47452262738686
01 95.54952225238874
04 95.69952150239249
01 95.77452112739437
08 95.84952075239623
01 95.92452037739811
08 95.99952000239998
04 96.14951925240372
08 96.29951850240748
01 96.44951775241123
08 96.5245173774131
04 96.59951700241497
08 96.67451662741685
01 96.74951625241873
02 96.89951550242247
04 96.97451512742435
08 97.04951475242622
01 97.1245143774281
02 97.19951400242998
01 97.34951325243372
08 97.49951250243748
02 97.64951175244123
08 97.72451137744311
02 97.79951100244497
04 97.87451062744685
01 97.94951025244873
04 98.09950950245248
01 98.17450912745436
04 98.24950875245622
01 98.3245083774581
08 98.39950800245998
01 98.54950725246373
08 98.69950650246749
04 98.84950575247123
08 98.92450537747311
01 98.99950500247498
02 99.07450462747686
01 99.14950425247874
02 99.29950350248248
04 99.37450312748436
08 99.44950275248623
01 99.5245023774881
02 99.59950200248998
01 99.74950125249373
08 99.89950050249749
01 100.04949975250123
08 100.12449937750311
01 100.19949900250498
04 100.27449862750686
02 100.34949825250874
04 100.49949750251248
01 100.57449712751436
04 100.64949675251623
02 100.72449637751811
08 100.79949600251999
01 100.94949525252373
08 101.09949450252749
01 101.24949375253124
02 101.32449337753312
04 101.39949300253498
02 101.47449262753686
04 101.54949225253874
08 101.69949150254249
01 101.77449112754437
08 101.84949075254623
01 101.92449037754811
02 101.99949000254998
01 102.14948925255372
08 102.29948850255748
02 102.44948775256123
04 102.5244873775631
02 102.59948700256497
04 102.67448662756685
02 102.74948625256873
08 102.89948550257247
10 103.19948400257998
08 103.34948325258372
01 103.49948250258748
08 103.64948175259123
04 103.72448137759311
02 103.79948100259497
01 103.87448062759685
02 103.94948025259873
04 104.09947950260248
08 104.17447912760436
04 104.24947875260622
08 104.3244783776081
01 104.39947800260998
08 104.54947725261373
01 104.69947650261749
04 104.84947575262123
02 104.92447537762311
08 104.99947500262498
01 105.07447462762686
04 105.14947425262874
02 105.29947350263248
08 105.37447312763436
01 105.44947275263623
04 105.5244723776381
02 105.59947200263998
08 105.74947125264373
01 105.89947050264749
02 106.04946975265123
04 106.12446937765311
08 106.19946900265498
04 106.27446862765686
02 106.34946825265874
01 106.49946750266248
02 106.57446712766436
04 106.64946675266623
08 106.72446637766811
04 106.79946600266999
12 107.99946000269998
05 111.59944200278998
13 113.99943000284998
