TITLE I want you
BPM   140.005
NOTES
08 6.428341844934109
08 6.856897967929717
04 7.07117602942752
02 7.285454090925324
01 7.499732152423128
08 7.6068711831720295
02 7.928288275418735
04 8.142566336916538
01 8.356844398414342
02 8.571122459912146
03 8.999678582907753
08 9.213956644405558
10 9.642512767401165
02 10.071068890396772
08 10.499625013392379
01 10.713903074890181
04 10.928181136387986
01 11.035320167136888
02 11.356737259383593
04 11.571015320881397
08 11.7852933823792
04 11.999571443877004
04 12.213849505374808
08 12.428127566872611
08 12.642405628370415
01 12.856683689868218
01 13.070961751366022
04 13.285239812863825
04 13.49951787436163
01 13.928073997357238
08 14.14235205885504
02 14.356630120352845
08 14.463769151101747
04 14.785186243348452
02 14.999464304846256
04 15.213742366344059
08 15.428020427841863
09 15.85657655083747
04 16.070854612335275
06 16.499410735330883
02 16.92796685832649
01 17.5708010428199
03 17.999357165815507
08 18.21363522731331
04 18.427913288811116
02 18.64219135030892
03 19.070747473304525
09 19.49930359630013
09 20.142137780793544
01 20.57069390378915
08 20.999250026784757
10 21.427806149780363
04 21.642084211278167
01 21.85636227277597
08 22.070640334273776
12 22.499196457269385
02 22.71347451876719
01 22.92775258026499
08 23.142030641762794
10 23.570586764758403
02 23.999142887754008
04 24.427699010749617
05 24.856255133745222
02 25.070533195243026
04 25.28481125674083
02 25.499089318238635
03 25.927645441234244
09 26.35620156422985
12 26.784757687225458
04 27.213313810221067
08 27.856147994714476
10 28.28470411771008
04 28.498982179207886
01 28.71326024070569
04 28.927538302203494
05 29.3560944251991
02 29.570372486696904
04 29.784650548194705
02 29.99892860969251
03 30.427484732688118
09 30.856040855683727
04 31.07031891718153
02 31.284596978679335
01 31.71315310167494
02 31.927431163172745
04 32.14170922467055
08 32.35598728616835
09 32.78454340916396
01 33.21309953215957
08 33.427377593657376
04 33.53451662440627
02 33.85593371665298
03 34.070211778150785
08 34.17735080889969
01 34.284489839648586
08 34.60590693189529
02 34.713045962644195
04 34.927324024141996
01 35.1416020856398
08 35.355880147137604
12 35.570158208635405
04 35.78443627013321
02 35.998714331631014
01 36.212992393128815
09 36.42727045462662
08 36.64154851612442
02 36.85582657762223
04 36.96296560837113
01 37.07010463912003
05 37.28438270061783
04 37.49866076211564
02 37.71293882361344
08 38.03435591586015
01 38.14149494660905
04 38.35577300810685
02 38.57005106960466
08 38.78432913110246
09 38.99860719260026
01 39.21288525409807
02 39.42716331559587
04 39.64144137709367
12 39.85571943859148
08 40.06999750008928
01 40.28427556158709
02 40.391414592335984
04 40.49855362308489
12 40.71283168458269
08 40.9271097460805
01 41.1413878075783
04 41.462804899825
02 41.569943930573906
08 41.78422199207171
01 41.998500053569515
02 42.212778115067316
03 42.42705617656512
01 42.641334238062925
08 42.85561229956073
02 43.06989036105853
06 43.28416842255634
04 43.49844648405414
01 43.71272454555195
08 43.81986357630085
01 43.92700260704975
09 44.14128066854755
08 44.35555873004536
04 44.56983679154316
02 44.891253883789865
01 44.99839291453877
02 45.21267097603657
01 45.42694903753438
04 45.64122709903218
06 45.85550516052998
02 46.06978322202779
04 46.28406128352559
01 46.49833934502339
08 46.7126174065212
02 46.926895468019
04 47.141173529516806
01 47.2483125602657
04 47.35545159101461
01 47.46259062176351
08 47.56972965251241
01 47.67686868326131
08 47.784007714010215
01 47.89114674475911
08 47.998285775508016
04 48.21256383700582
06 48.426841898503625
02 48.855398021499234
01 49.069676082997034
09 49.283954144494835
08 49.712510267490444
02 49.926788328988245
06 50.14106639048605
04 50.355344451983854
01 50.56962251348166
08 50.78390057497946
09 50.99817863647726
01 51.42673475947288
02 51.64101282097068
06 51.85529088246849
04 52.2838470054641
08 52.4981250669619
09 52.7124031284597
01 53.14095925145531
04 53.35523731295311
06 53.569515374450916
02 53.783793435948716
08 53.998071497446524
04 54.212349558944325
06 54.426627620442126
02 54.855183743437735
01 55.069461804935536
09 55.28373986643334
08 55.71229598942895
04 55.92657405092675
06 56.140852112424554
02 56.56940823542016
01 56.78368629691796
09 56.99796435841577
08 57.21224241991357
02 57.42652048141138
04 57.64079854290918
05 57.85507660440698
01 58.28363272740259
02 58.49791078890039
06 58.7121888503982
04 59.14074497339381
08 59.35502303489161
09 59.56930109638941
01 59.997857219385025
04 60.212135280882826
06 60.426413342380634
02 60.640691403878435
08 60.85496946537624
01 60.96210849612514
02 61.069247526874044
04 61.17638655762295
08 61.283525588371845
04 61.39066461912075
02 61.49780364986965
01 61.60494268061855
08 61.71208171136745
02 61.926359772865254
04 62.14063783436306
01 62.35491589586086
08 62.56919395735867
01 62.78347201885647
04 62.890611049605376
01 63.104889111103176
08 63.21202814185208
04 63.42630620334988
02 63.533445234098785
01 63.64058426484768
08 63.85486232634549
02 64.06914038784329
08 64.2834184493411
04 64.49769651083889
02 64.6048355415878
01 64.81911360308561
08 64.92625263383451
01 65.0333916645834
08 65.14053069533232
04 65.35480875683012
02 65.56908681832792
01 65.78336487982573
08 65.99764294132353
01 66.21192100282133
08 66.31906003357024
02 66.53333809506805
04 66.64047712581694
01 66.74761615656584
08 67.06903324881254
04 67.28331131031034
02 67.49758937180815
04 67.71186743330595
08 67.92614549480376
08 68.35470161779936
01 68.56897967929717
02 68.67611871004607
04 68.78325774079498
08 68.89039677154388
01 68.99753580229277
08 69.21181386379058
04 69.31895289453948
02 69.42609192528839
01 69.53323095603729
08 69.6403699867862
01 69.85464804828399
04 69.9617870790329
02 70.0689261097818
08 70.1760651405307
01 70.28320417127959
08 70.4974822327774
02 70.6046212635263
04 70.7117602942752
01 70.8188993250241
08 70.926038355773
01 71.14031641727081
02 71.2474554480197
04 71.3545944787686
08 71.46173350951752
01 71.56887254026641
08 71.99742866326203
04 72.10456769401092
02 72.21170672475984
01 72.31884575550873
08 72.42598478625763
02 72.64026284775544
04 72.74740187850433
01 72.96167994000214
08 73.06881897075104
04 73.17595800149995
02 73.39023606299776
01 73.49737509374665
08 73.60451412449555
01 73.71165315524446
04 73.81879218599336
02 73.92593121674227
08 74.14020927824006
01 74.24734830898898
08 74.35448733973787
01 74.46162637048677
04 74.56876540123568
01 74.67590443198458
04 74.78304346273347
01 74.89018249348238
08 74.99732152423128
04 75.1044605549802
08 75.21159958572909
04 75.31873861647799
08 75.42587764722688
01 75.53301667797578
08 75.64015570872469
02 75.85443377022249
04 75.9615728009714
01 76.17585086246919
08 76.390128923967
01 76.49726795471591
02 76.7115460162137
04 76.81868504696261
08 76.92582407771151
01 77.14010213920932
04 77.24724116995822
02 77.35438020070713
08 77.56865826220492
01 77.67579729295383
04 77.89007535445162
01 78.10435341594943
08 78.21149244669834
01 78.42577050819614
02 78.53290953894505
01 78.64004856969395
08 78.85432663119174
02 78.96146566194064
08 79.06860469268955
01 79.28288275418734
04 79.39002178493625
02 79.60429984643405
08 79.81857790793185
01 79.92571693868075
08 80.13999500017856
04 80.24713403092747
02 80.35427306167637
04 80.56855112317417
08 80.67569015392307
01 80.78282918467198
08 80.99710724616978
02 81.10424627691869
08 81.31852433841648
02 81.53280239991429
08 81.63994143066319
01 81.854219492161
02 81.9613585229099
04 82.0684975536588
08 82.2827756151566
01 82.38991464590549
08 82.4970536766544
02 82.7113317381522
04 82.81847076890111
01 83.0327488303989
08 83.24702689189671
01 83.35416592264562
08 83.56844398414341
04 83.67558301489233
08 83.78272204564122
01 83.99700010713903
04 84.10413913788793
02 84.21127816863684
08 84.42555623013463
01 84.53269526088354
02 84.74697332238134
04 84.96125138387914
08 85.06839041462806
01 85.28266847612585
04 85.38980750687476
01 85.49694653762366
08 85.71122459912146
01 85.81836362987036
02 85.92550266061927
04 86.13978072211707
02 86.24691975286598
01 86.46119781436377
08 86.67547587586158
01 86.78261490661049
04 86.99689296810828
02 87.1040319988572
04 87.21117102960609
01 87.42544909110389
08 87.53258812185278
01 87.6397271526017
04 87.85400521409949
02 87.9611442448484
08 88.17542230634619
01 88.389700367844
08 88.4968393985929
04 88.7111174600907
02 88.81825649083962
01 88.92539552158851
02 89.03253455233741
01 89.13967358308632
08 89.35395164458413
09 89.56822970608192
01 89.99678582907754
02 90.21106389057533
06 90.42534195207314
04 90.85389807506874
08 91.06817613656655
09 91.28245419806434
01 91.49673225956215
04 91.71101032105996
02 91.92528838255777
10 92.13956644405556
08 92.56812256705118
04 92.78240062854898
06 92.99667869004678
02 93.4252348130424
01 93.6395128745402
09 93.853790936038
08 94.28234705903361
02 94.49662512053142
06 94.71090318202921
04 94.92518124352702
01 95.13945930502483
08 95.35373736652264
09 95.56801542802043
01 95.99657155101603
02 96.21084961251384
06 96.42512767401163
04 96.85368379700725
08 97.06796185850504
09 97.28223992000285
01 97.71079604299847
02 97.92507410449628
03 98.13935216599407
01 98.35363022749188
08 98.56790828898968
02 98.78218635048748
10 98.99646441198529
08 99.42502053498089
01 99.6392985964787
05 99.85357665797649
04 100.2821327809721
02 100.49641084246991
10 100.71068890396771
08 101.13924502696332
04 101.35352308846113
06 101.56780114995892
02 101.78207921145673
01 101.99635727295454
02 102.10349630370344
01 102.21063533445235
02 102.31777436520125
04 102.42491339595014
08 102.53205242669905
04 102.63919145744795
08 102.74633048819685
01 102.85346951894576
05 103.28202564194136
06 103.71058176493698
02 104.56769401092818
