TITLE Jupiter Driving
BPM   144.0
NOTES
0001 6.8196666666666665
0010 7.028
1000 7.4446666666666665
0010 7.8613333333333335
0001 8.278
1000 9.111333333333334
0001 10.153
0100 10.361333333333334
1000 10.778
0100 11.194666666666667
0010 11.611333333333334
0100 12.444666666666668
0001 12.861333333333334
2000 13.486333333333334
3020 13.694666666666668
0130 13.903
0002 14.111333333333334
1003 14.319666666666668
0002 14.528
0013 14.736333333333334
0200 14.944666666666668
0310 15.153
0001 15.361333333333334
1000 15.569666666666667
0020 15.778
0130 15.986333333333334
0010 16.194666666666667
1000 16.403
0001 16.61133333333333
2000 16.819666666666667
3200 17.028
1300 17.236333333333334
0020 17.444666666666667
1030 17.653
0002 17.861333333333334
0013 18.069666666666667
0200 18.278
0310 18.486333333333334
0001 18.694666666666667
1000 18.903000000000002
0020 19.111333333333334
1030 19.319666666666667
0002 19.528000000000002
0013 19.736333333333334
0100 19.944666666666667
0020 20.153
0032 20.36133333333333
1003 20.569666666666667
0002 20.778
0103 20.98633333333333
0020 21.194666666666667
0130 21.403
0002 21.61133333333333
1003 21.819666666666667
0001 22.028
0010 22.236333333333334
0002 22.444666666666667
1003 22.653
0010 22.861333333333334
0100 23.069666666666667
0001 23.278
2000 23.486333333333334
3200 23.694666666666667
0310 23.903000000000002
0200 24.111333333333334
1300 24.319666666666667
0200 24.528000000000002
0310 24.736333333333334
0002 24.944666666666667
1003 25.153
0001 25.36133333333333
0100 25.569666666666667
0020 25.778
0130 25.98633333333333
0002 26.194666666666667
1003 26.403
0001 26.61133333333333
0010 26.819666666666667
0100 26.923833333333334
1000 27.028
0001 27.236333333333334
1000 27.548833333333334
0010 27.757166666666667
0100 27.861333333333334
0001 28.069666666666667
1000 28.278
0100 28.590500000000002
0010 28.798833333333334
0100 28.903000000000002
1000 29.215500000000002
0001 29.423833333333334
1000 29.736333333333334
0010 30.048833333333334
0100 30.257166666666667
0001 30.569666666666667
0010 30.778
0001 31.0905
1000 31.403
0100 31.61133333333333
0010 31.819666666666667
0001 32.13216666666667
1000 32.44466666666667
0010 32.653
0100 32.9655
0010 33.278
1000 33.486333333333334
0001 33.5905
1000 33.69466666666667
0100 33.903
0010 34.2155
0100 34.423833333333334
1000 34.528
0001 34.736333333333334
0100 34.94466666666667
0010 35.25716666666666
1000 35.4655
0100 35.56966666666666
1000 35.88216666666666
0001 36.0905
0010 36.403
0100 36.7155
1000 36.923833333333334
0001 37.236333333333334
1000 37.44466666666667
0010 37.75716666666667
0100 38.06966666666667
0001 38.278000000000006
1000 38.486333333333334
0100 38.798833333333334
0010 39.111333333333334
0001 39.31966666666667
1000 39.63216666666667
0010 39.94466666666667
1000 40.153
0001 40.25716666666666
1000 40.361333333333334
0010 40.56966666666666
0100 40.778
0001 40.88216666666666
1000 41.0905
0100 41.19466666666666
1000 41.403
0001 41.611333333333334
0010 41.81966666666667
0100 41.923833333333334
1000 42.13216666666667
0100 42.236333333333334
1000 42.44466666666667
0001 42.548833333333334
0100 42.75716666666667
0001 43.06966666666667
0010 43.278000000000006
0001 43.38216666666667
0010 43.486333333333334
0100 43.5905
1000 43.903
0001 44.111333333333334
1000 44.31966666666667
0001 44.423833333333334
0010 44.736333333333334
0100 44.94466666666667
1000 45.153
0001 45.361333333333334
0100 45.4655
0001 45.673833333333334
0100 45.778
0010 45.986333333333334
1000 46.19466666666666
0100 46.298833333333334
1000 46.50716666666666
0100 46.611333333333334
1000 46.81966666666667
0001 46.923833333333334
0100 47.028000000000006
0010 47.236333333333334
1000 47.44466666666667
0001 47.548833333333334
1000 47.75716666666667
0100 47.861333333333334
0010 48.06966666666667
0001 48.278000000000006
0010 48.486333333333334
0001 48.5905
1000 48.798833333333334
0010 48.903
0100 49.111333333333334
0001 49.2155
0010 49.423833333333334
0001 49.736333333333334
1000 49.94466666666667
0001 50.048833333333334
0010 50.153
0100 50.25716666666666
1000 50.56966666666666
0010 50.778
1000 50.986333333333334
0010 51.0905
0100 51.403
0001 51.611333333333334
0010 51.81966666666667
0100 52.028000000000006
1000 52.13216666666667
0001 52.340500000000006
0100 52.44466666666667
0001 52.548833333333334
1000 52.653000000000006
0001 52.75716666666667
1000 52.861333333333334
0100 53.06966666666667
0010 53.173833333333334
0001 53.278000000000006
1000 53.38216666666667
0001 53.486333333333334
0010 53.69466666666667
0010 54.111333333333334
0010 54.528
0010 54.94466666666667
0100 55.361333333333334
0100 55.778
0100 56.19466666666666
0100 56.611333333333334
1000 56.81966666666667
0001 57.028000000000006
0001 57.44466666666667
0001 57.861333333333334
0001 58.278000000000006
0100 58.69466666666667
0100 59.111333333333334
0100 59.528
0100 59.94466666666667
0001 60.153
1000 60.25716666666666
0100 60.361333333333334
0010 60.4655
0100 60.56966666666666
1000 60.673833333333334
0010 60.778
0100 60.88216666666666
0001 60.986333333333334
0100 61.0905
0010 61.19466666666666
0100 61.298833333333334
0001 61.403
0010 61.50716666666666
0100 61.611333333333334
1000 61.7155
0001 61.81966666666667
1000 63.486333333333334
0001 63.5905
0010 63.69466666666667
0001 63.798833333333334
0100 63.903
0010 64.00716666666668
0100 64.11133333333333
0001 64.2155
1000 64.31966666666668
0100 64.42383333333335
1000 64.528
0100 64.63216666666668
0010 64.73633333333335
0001 64.8405
0100 64.94466666666668
0001 65.04883333333335
1000 65.153
1000 65.56966666666668
1000 65.98633333333333
0001 66.0905
1000 66.19466666666668
0001 66.29883333333333
1000 66.403
0001 66.61133333333333
1000 66.7155
0001 66.81966666666668
0001 67.23633333333335
0001 67.653
0001 67.9655
0001 68.17383333333335
1000 68.48633333333335
0100 68.69466666666668
0010 68.79883333333335
0001 68.90300000000002
1000 69.00716666666668
0001 69.11133333333335
0100 69.31966666666668
0010 69.52800000000002
1000 69.63216666666668
0001 69.84050000000002
0010 70.04883333333335
0100 70.153
1000 70.25716666666668
0100 70.36133333333333
1000 70.56966666666668
0001 70.778
0100 70.88216666666668
0010 70.98633333333333
0100 71.0905
0001 71.19466666666668
1000 71.29883333333333
0001 71.50716666666668
0010 71.61133333333333
0100 71.81966666666668
1000 72.028
0100 72.13216666666668
0010 72.23633333333335
0001 72.3405
0100 72.54883333333335
0010 72.653
1000 72.75716666666668
0001 72.9655
1000 73.06966666666668
0100 73.17383333333335
1000 73.278
0010 73.48633333333335
1000 73.69466666666668
0001 73.79883333333335
0010 73.90300000000002
0100 74.00716666666668
1000 74.11133333333335
0001 74.31966666666668
0100 74.52800000000002
0010 74.63216666666668
0100 74.84050000000002
0001 74.94466666666668
1000 75.153
0100 75.36133333333333
0010 75.4655
0001 75.56966666666668
1000 75.67383333333333
0001 75.778
0100 75.98633333333333
0010 76.19466666666668
1000 76.29883333333333
0001 76.50716666666668
0010 76.7155
0100 76.81966666666668
1000 76.92383333333335
0100 77.028
1000 77.23633333333335
0001 77.44466666666668
0100 77.54883333333335
0010 77.653
0100 77.75716666666668
0001 77.86133333333335
1000 77.9655
0001 78.17383333333335
0010 78.278
0100 78.48633333333335
0010 78.69466666666668
0001 78.79883333333335
1000 78.90300000000002
0100 79.00716666666668
1000 79.21550000000002
0010 79.31966666666668
0100 79.42383333333335
0001 79.63216666666668
0010 79.73633333333335
0100 79.84050000000002
0010 79.94466666666668
0001 80.153
1000 80.36133333333333
0010 80.4655
0100 80.56966666666668
0001 80.67383333333333
1000 80.778
0100 80.98633333333333
1000 81.19466666666668
0010 81.29883333333333
0100 81.50716666666668
0001 81.61133333333333
1000 81.81966666666668
0010 82.028
0100 82.13216666666668
0001 82.23633333333335
1000 82.3405
0001 82.44466666666668
0010 82.653
0100 82.86133333333335
1000 82.9655
0001 83.17383333333335
0100 83.38216666666668
0010 83.48633333333335
1000 83.59050000000002
0010 83.69466666666668
1000 83.90300000000002
0001 84.11133333333335
0010 84.21550000000002
0100 84.31966666666668
0010 84.42383333333335
0001 84.52800000000002
1000 84.63216666666668
0001 84.84050000000002
0100 84.94466666666668
0010 85.153
1000 85.36133333333333
0010 85.4655
0100 85.56966666666668
0001 85.67383333333333
0010 85.88216666666668
0100 85.98633333333333
1000 86.0905
0001 86.29883333333333
1000 86.403
0010 86.50716666666668
1000 86.61133333333333
0100 86.81966666666668
1000 87.028
0001 87.13216666666668
0100 87.23633333333335
0010 87.3405
1000 87.44466666666668
0001 87.653
0010 87.86133333333335
0100 87.9655
0010 88.17383333333335
0001 88.278
1000 88.48633333333335
0010 88.69466666666668
0100 88.79883333333335
0001 88.90300000000002
1000 89.00716666666668
0001 89.11133333333335
0010 89.31966666666668
0100 89.52800000000002
1000 89.63216666666668
0001 89.84050000000002
0100 90.04883333333335
0010 90.153
1000 90.25716666666668
0010 90.36133333333333
1000 90.56966666666668
0001 90.778
0010 90.88216666666668
0100 90.98633333333333
0010 91.0905
0001 91.19466666666668
1000 91.29883333333333
0001 91.50716666666668
0100 91.61133333333333
0010 91.81966666666668
0100 92.028
0001 92.13216666666668
1000 92.23633333333335
0010 92.3405
1000 92.54883333333335
0100 92.653
0010 92.75716666666668
0001 92.9655
0100 93.06966666666668
0010 93.17383333333335
0100 93.278
0001 93.48633333333335
1000 93.69466666666668
0100 93.79883333333335
0010 93.90300000000002
0001 94.00716666666668
1000 94.11133333333335
0010 94.31966666666668
1000 94.52800000000002
0100 94.63216666666668
0010 94.84050000000002
0001 94.94466666666668
1000 95.153
0100 95.25716666666668
1000 95.36133333333333
0100 95.4655
0010 95.56966666666668
0001 95.67383333333333
0010 95.778
0001 95.88216666666668
1000 95.98633333333333
0001 96.0905
0100 96.19466666666668
0001 96.29883333333333
1000 96.403
0100 96.50716666666668
0010 96.61133333333333
0001 96.7155
1000 96.81966666666668
0010 97.028
0100 97.13216666666668
0001 97.23633333333335
1000 97.3405
0001 97.44466666666668
0010 97.653
0100 97.86133333333335
1000 97.9655
0100 98.17383333333335
0010 98.38216666666668
0001 98.48633333333335
1000 98.69466666666668
0010 98.79883333333335
0100 98.90300000000002
0001 99.00716666666668
1000 99.11133333333335
0001 99.31966666666668
0010 99.52800000000002
0100 99.63216666666668
1000 99.84050000000002
0001 100.04883333333335
1000 100.153
0001 100.36133333333333
0010 100.4655
0001 100.56966666666668
0100 100.67383333333333
0001 100.778
1000 100.98633333333333
0001 101.19466666666668
0010 101.29883333333333
0100 101.50716666666668
0010 101.7155
0100 101.81966666666668
2000 102.028
3000 102.13216666666668
1100 102.23633333333335
0200 102.653
0300 102.75716666666668
0110 103.06966666666668
0020 103.278
0030 103.38216666666668
0012 103.90300000000002
0003 104.00716666666668
0002 104.52800000000002
0003 104.63216666666668
1001 104.73633333333335
2000 105.153
3000 105.25716666666668
1100 105.56966666666668
0200 105.778
0300 105.88216666666668
0210 106.403
0300 106.50716666666668
0020 107.028
0030 107.13216666666668
0011 107.23633333333335
0002 107.653
0003 107.75716666666668
1001 108.06966666666668
2000 108.278
3000 108.38216666666668
0001 108.48633333333335
0010 108.69466666666668
0100 108.79883333333335
1000 108.90300000000002
0001 109.00716666666668
1000 109.11133333333335
0010 109.31966666666668
0100 109.52800000000002
0001 109.63216666666668
1000 109.84050000000002
0001 110.04883333333335
0010 110.153
0100 110.36133333333333
1000 110.4655
0100 110.56966666666668
1000 110.67383333333333
0001 110.778
0100 110.98633333333333
0001 111.19466666666668
1000 111.29883333333333
0001 111.50716666666668
0010 111.7155
0100 111.81966666666668
0010 112.028
0001 112.13216666666668
0010 112.23633333333335
0001 112.3405
0100 112.44466666666668
0001 112.653
1000 112.86133333333335
0100 112.9655
0010 113.17383333333335
0001 113.38216666666668
0100 113.48633333333335
0010 113.69466666666668
1000 113.79883333333335
0100 113.90300000000002
0010 114.00716666666668
0100 114.11133333333335
1000 114.31966666666668
0100 114.42383333333335
0010 114.52800000000002
0100 114.63216666666668
1000 114.73633333333335
0010 114.84050000000002
0100 114.94466666666668
0001 115.04883333333335
0020 115.153
0030 118.48633333333335
