TITLE Just Bounce of the Blue
BPM   152.0
NOTES
0001 6.30678947368421
1000 6.504157894736842
0010 6.701526315789473
1000 6.898894736842105
0001 7.096263157894737
0010 7.293631578947368
0100 7.491
1000 7.6883684210526315
0001 7.787052631578947
1000 7.885736842105263
0001 8.083105263157895
0010 8.280473684210527
0100 8.477842105263157
1000 8.675210526315789
0001 8.872578947368421
1000 9.069947368421053
0010 9.267315789473685
0100 9.366
0001 9.464684210526315
1000 9.56336842105263
0100 9.662052631578947
0010 9.760736842105262
0001 9.859421052631578
1000 9.958105263157893
0001 10.056789473684209
0010 10.155473684210525
0100 10.25415789473684
1000 10.352842105263157
0100 10.451526315789472
0010 10.550210526315787
0001 10.648894736842104
1000 10.747578947368421
0010 10.846263157894736
1000 10.944947368421051
0001 11.043631578947368
1000 11.833105263157893
0010 11.93178947368421
1000 12.030473684210525
0010 12.129157894736842
1000 12.227842105263157
0001 12.326526315789472
1000 12.425210526315789
0001 12.491
1000 12.55678947368421
0001 12.622578947368421
0010 12.819947368421053
0011 13.017315789473685
0001 13.214684210526315
1000 13.412052631578947
0010 13.510736842105263
1000 13.609421052631578
1001 13.80678947368421
0001 14.004157894736842
1000 14.201526315789474
0010 14.398894736842106
0110 14.596263157894738
0100 14.79363157894737
0001 14.991
0010 15.089684210526316
0100 15.188368421052632
1100 15.385736842105263
1000 15.583105263157895
0001 15.780473684210527
0100 15.977842105263159
0101 16.17521052631579
0001 16.37257894736842
1000 16.569947368421055
0100 16.66863157894737
0010 16.767315789473685
0110 16.964684210526315
0100 17.16205263157895
1000 17.35942105263158
0001 17.55678947368421
0101 17.754157894736842
0100 17.951526315789472
0010 18.148894736842106
1000 18.24757894736842
0010 18.346263157894736
1000 18.44494736842105
0001 18.54363157894737
0100 18.741
0001 18.93836842105263
1000 19.13573684210526
1010 19.333105263157893
0010 19.530473684210524
0100 19.727842105263157
0001 19.826526315789472
1000 19.925210526315787
1001 20.122578947368417
0001 20.31994736842105
0010 20.517315789473685
0100 20.714684210526315
1100 20.91205263157895
1000 21.10942105263158
0001 21.306789473684212
0100 21.405473684210527
0001 21.504157894736842
1001 21.701526315789472
1000 21.898894736842106
0001 22.096263157894736
0100 22.293631578947366
0110 22.491
0010 22.68836842105263
1000 22.885736842105263
0100 22.98442105263158
1000 23.083105263157893
1100 23.280473684210527
0100 23.477842105263157
0010 23.67521052631579
0001 23.87257894736842
1001 24.069947368421055
1000 24.267315789473685
0010 24.46468421052632
0100 24.563368421052633
0001 24.66205263157895
1000 24.760736842105263
0010 24.859421052631582
1000 25.056789473684212
0001 25.254157894736842
0010 25.451526315789472
0010 25.648894736842106
0100 25.846263157894736
1000 26.04363157894737
0001 26.241
0100 26.43836842105263
0010 26.635736842105263
1000 26.833105263157893
0001 26.93178947368421
1000 27.030473684210524
0100 27.227842105263157
0010 27.425210526315787
0010 27.62257894736842
0001 27.721263157894736
1000 27.81994736842105
0010 28.017315789473685
0100 28.214684210526315
0001 28.41205263157895
0100 28.60942105263158
0100 28.806789473684212
0010 29.004157894736842
1000 29.201526315789476
0100 29.398894736842106
0010 29.59626315789474
0001 29.79363157894737
1000 29.991
0010 30.18836842105263
0100 30.385736842105263
0001 30.583105263157893
1000 30.780473684210527
0100 30.977842105263157
0010 31.076526315789472
0100 31.175210526315787
1000 31.37257894736842
0001 31.569947368421055
0100 31.767315789473685
0100 31.96468421052632
0001 32.16205263157895
1000 32.35942105263158
0100 32.55678947368421
0010 32.75415789473684
0001 32.95152631578947
1000 33.050210526315794
0001 33.1488947368421
1000 33.34626315789473
0010 33.54363157894736
0100 33.741
0100 33.93836842105263
0001 34.13573684210526
1000 34.33310526315789
0001 34.53047368421052
0100 34.62915789473684
0001 34.72784210526316
1000 34.82652631578947
0100 34.92521052631579
1000 35.0238947368421
0001 35.12257894736842
0100 35.22126315789474
0010 35.319947368421055
1000 35.41863157894737
0001 35.517315789473685
0010 35.616
0100 35.714684210526315
0010 35.81336842105263
0001 35.912052631578945
1000 36.01073684210526
0100 36.109421052631575
0010 36.2081052631579
0001 36.30678947368421
1000 36.40547368421053
0010 36.50415789473684
1000 36.60284210526316
0100 36.70152631578947
0010 36.800210526315794
0001 36.89889473684211
0010 36.997578947368424
0100 37.09626315789474
1000 37.194947368421055
0001 37.29363157894737
0100 37.392315789473685
0001 37.491
0100 37.68836842105263
0001 37.88573684210526
0010 38.08310526315789
0001 38.28047368421052
0010 38.47784210526316
0100 38.67521052631579
1000 38.87257894736842
0100 39.06994736842105
1000 39.26731578947368
0001 39.464684210526315
0100 39.662052631578945
0001 39.859421052631575
0100 40.05678947368421
0010 40.25415789473684
1000 40.45152631578947
0010 40.6488947368421
1000 40.84626315789473
0001 41.04363157894737
1000 41.241
0001 41.43836842105263
1000 41.63573684210527
0100 41.8331052631579
0010 42.03047368421053
0100 42.22784210526316
0010 42.42521052631579
0001 42.622578947368424
0100 42.819947368421055
0001 43.017315789473685
0100 43.21468421052632
0010 43.41205263157895
0100 43.60942105263158
0010 43.80678947368421
0100 44.00415789473684
0001 44.20152631578947
1000 44.3988947368421
0001 44.59626315789473
1000 44.79363157894737
0100 44.991
0010 45.18836842105263
0100 45.38573684210526
0010 45.58310526315789
0100 45.78047368421053
1000 45.97784210526316
0100 46.17521052631579
1000 46.372578947368424
0001 46.569947368421055
0100 46.767315789473685
0001 46.964684210526315
0100 47.162052631578945
0010 47.35942105263158
1000 47.55678947368421
0010 47.75415789473684
1000 47.95152631578948
0001 48.14889473684211
1000 48.34626315789474
0001 48.54363157894737
1000 48.741
0001 48.93836842105263
0010 49.13573684210526
0001 49.33310526315789
0010 49.53047368421053
0100 49.72784210526316
1000 49.92521052631579
0100 50.0238947368421
1000 50.12257894736842
0001 50.31994736842105
2000 50.517315789473685
0100 50.714684210526315
0010 51.10942105263158
0001 51.50415789473684
3200 51.70152631578947
1000 51.8988947368421
0001 52.09626315789474
0100 52.622578947368424
0032 52.88573684210527
1000 53.14889473684211
0100 53.41205263157895
2003 53.67521052631579
0010 53.87257894736842
0100 54.267315789473685
0001 54.662052631578945
3020 54.859421052631575
1000 55.056789473684205
0001 55.25415789473684
0010 55.705285714285715
0001 56.15641353383459
0010 56.60754135338346
0302 56.8331052631579
0100 57.05866917293233
0010 57.509796992481206
1000 57.96092481203008
0100 58.186488721804515
0032 58.412052631578945
1000 58.63761654135338
0100 58.86318045112782
2003 59.088744360902254
0010 59.31430827067669
0001 59.76543609022556
3200 59.991
0010 60.216563909774436
1000 60.66769172932331
0010 60.893255639097745
1000 61.34438345864662
0001 61.675210526315794
0100 62.09626315789474
0031 62.517315789473685
1000 62.622578947368424
0001 62.72784210526316
0100 62.93836842105264
0002 63.14889473684211
1000 63.374458646616546
0010 63.60002255639098
0100 64.05115037593986
0023 64.27671428571429
0001 64.50227819548873
0230 64.72784210526316
1000 64.9534060150376
0010 65.17896992481204
2300 65.40453383458647
0001 65.63009774436091
0100 66.08122556390978
3002 66.3067894736842
1000 66.56994736842104
0010 66.83310526315789
1000 67.35942105263157
0001 67.62257894736841
0320 67.88573684210526
1000 68.1113007518797
0100 68.33686466165413
2030 68.56242857142857
0001 68.787992481203
0010 69.23912030075188
3002 69.46468421052631
1000 69.72784210526315
0100 69.991
1000 70.51731578947368
0100 70.78047368421052
0032 71.04363157894737
1000 71.2691954887218
0100 71.49475939849624
2003 71.72032330827068
0001 71.94588721804512
0010 72.39701503759399
3001 72.62257894736842
0100 72.72126315789474
0010 72.81994736842105
1000 72.91863157894737
0010 73.01731578947368
1000 73.116
0001 73.21468421052631
0010 73.31336842105263
0100 73.41205263157894
1000 73.51073684210526
0100 73.60942105263159
0010 73.7081052631579
0001 73.80678947368422
1000 73.90547368421053
0010 74.00415789473685
0100 74.10284210526316
0010 74.20152631578948
1000 74.3002105263158
0001 74.39889473684211
1000 74.49757894736842
0100 74.59626315789474
0010 74.69494736842105
0001 74.79363157894737
1000 74.89231578947368
0100 74.991
0010 75.08968421052631
0100 75.18836842105264
1000 75.28705263157896
0001 75.38573684210527
0100 75.5831052631579
0001 75.78047368421052
1000 75.97784210526315
0010 76.17521052631578
0100 76.2738947368421
0001 76.47126315789473
1000 76.66863157894736
0100 76.866
0010 77.16205263157894
0100 77.35942105263157
1000 77.5567894736842
0001 77.75415789473684
0100 77.85284210526315
0010 78.05021052631578
1000 78.24757894736841
0001 78.44494736842105
1000 78.741
0010 78.93836842105263
1000 79.13573684210526
0001 79.33310526315789
0100 79.4317894736842
0001 79.62915789473684
1000 79.82652631578947
0100 80.02389473684211
0010 80.31994736842105
0001 80.51731578947368
1000 80.71468421052631
0010 80.91205263157894
0100 81.01073684210526
0001 81.20810526315789
0010 81.40547368421052
0100 81.60284210526316
1000 81.89889473684211
0001 82.09626315789474
1000 82.29363157894737
0010 82.491
0100 82.58968421052631
0001 82.78705263157894
0100 82.98442105263157
0001 83.18178947368422
1000 83.47784210526316
0100 83.6752105263158
0010 83.87257894736842
0001 84.06994736842105
1000 84.16863157894737
0010 84.366
1000 84.56336842105263
0010 84.76073684210527
0100 85.05678947368422
0001 85.25415789473685
1000 85.45152631578948
0001 85.64889473684211
0010 85.74757894736842
0100 85.94494736842105
1000 86.14231578947368
0001 86.33968421052633
1000 86.63573684210527
0100 86.83310526315789
1000 86.9317894736842
0100 87.03047368421052
1000 87.12915789473684
0100 87.22784210526315
1000 87.32652631578947
0100 87.42521052631578
1000 87.5238947368421
0100 87.62257894736841
1000 87.72126315789473
0100 87.81994736842105
0010 87.91863157894737
0002 88.01731578947368
1003 88.41205263157894
0010 88.60942105263157
0100 88.8067894736842
0001 88.90547368421052
1000 89.10284210526315
0100 89.20152631578947
1000 89.30021052631578
0001 89.49757894736842
0100 89.69494736842105
0001 89.79363157894737
1000 89.991
0001 90.08968421052631
0010 90.18836842105263
0100 90.38573684210526
0010 90.48442105263157
0001 90.6817894736842
1000 90.78047368421052
0001 90.87915789473684
0100 91.07652631578948
0001 91.1752105263158
0010 91.27389473684211
0001 91.37257894736842
1000 91.47126315789474
0001 91.56994736842105
0010 91.66863157894737
0100 91.76731578947368
1000 91.96468421052631
0001 92.06336842105263
0100 92.26073684210526
0010 92.35942105263157
1000 92.45810526315789
0010 92.55678947368422
0100 92.65547368421053
0001 92.85284210526316
1000 92.95152631578948
0100 93.14889473684211
0010 93.24757894736842
0001 93.34626315789474
1000 93.54363157894737
0010 93.64231578947368
0100 93.83968421052631
0001 93.93836842105263
1000 94.03705263157894
0001 94.13573684210527
1000 94.23442105263159
0001 94.43178947368422
0010 94.53047368421053
0100 94.72784210526316
1000 94.82652631578948
0001 94.9252105263158
0100 95.12257894736842
0010 95.22126315789474
1000 95.31994736842105
0010 95.41863157894737
0100 95.51731578947368
0001 95.616
1000 95.81336842105264
0001 95.91205263157896
0010 96.01073684210527
0100 96.10942105263159
0010 96.3067894736842
0001 96.40547368421052
1000 96.50415789473684
0001 96.70152631578947
0100 96.80021052631578
0010 96.99757894736841
1000 97.19494736842104
0001 97.39231578947368
1000 97.491
0010 97.58968421052631
1000 97.68836842105263
0001 97.78705263157894
0010 97.88573684210526
0100 97.98442105263157
1000 98.08310526315789
0001 98.28047368421052
0100 98.37915789473684
0010 98.57652631578947
1000 98.67521052631578
0001 98.7738947368421
1000 98.97126315789474
0001 99.16863157894737
0010 99.26731578947368
0100 99.366
1000 99.46468421052631
0001 99.56336842105263
0100 99.66205263157894
0001 99.76073684210526
0010 99.85942105263157
0100 99.95810526315789
1000 100.15547368421052
0001 100.25415789473684
1000 100.35284210526315
0001 100.45152631578948
0100 100.5502105263158
0010 100.74757894736842
1000 100.84626315789474
0001 101.04363157894737
0010 101.14231578947368
0100 101.241
0010 101.43836842105263
0001 101.53705263157894
1000 101.73442105263157
0010 101.83310526315789
0100 101.9317894736842
0010 102.03047368421053
1000 102.12915789473685
0001 102.32652631578948
0010 102.4252105263158
0100 102.62257894736842
1000 102.72126315789474
0001 102.81994736842105
1000 103.01731578947368
0010 103.116
0100 103.31336842105263
0010 103.41205263157894
0001 103.51073684210526
0001 103.7081052631579
0001 103.90547368421053
0010 104.00415789473685
0100 104.10284210526316
0001 104.20152631578948
1000 104.3002105263158
0010 104.39889473684211
1000 104.59626315789474
0001 104.69494736842105
0010 104.89231578947368
0100 104.991
1000 105.08968421052631
0001 105.28705263157896
0100 105.48442105263159
0001 105.5831052631579
1000 105.78047368421053
0100 105.87915789473685
0010 105.97784210526316
0001 106.1752105263158
0010 106.27389473684211
0001 106.47126315789474
1000 106.56994736842105
0001 106.66863157894737
0100 106.86600000000001
0010 106.96468421052633
1000 107.06336842105264
0010 107.16205263157896
1000 107.26073684210527
0001 107.35942105263157
0010 107.45810526315789
0100 107.5567894736842
1000 107.75415789473684
0010 107.85284210526315
0100 107.95152631578947
0001 108.05021052631578
1000 108.1488947368421
0001 108.24757894736841
0010 108.34626315789474
0100 108.44494736842105
1000 108.64231578947368
0001 108.741
1000 108.93836842105263
0001 109.03705263157894
0100 109.13573684210526
0001 109.33310526315789
1000 109.4317894736842
0010 109.62915789473684
0100 109.72784210526315
0001 109.82652631578947
1000 110.02389473684211
0100 110.12257894736842
0010 110.22126315789474
0001 110.31994736842105
1000 110.51731578947368
0010 110.616
0100 110.71468421052631
0001 110.81336842105263
0010 110.91205263157894
0100 111.01073684210526
0010 111.10942105263157
0001 111.20810526315789
0010 111.3067894736842
0100 111.40547368421052
1000 111.50415789473685
0001 111.60284210526316
1000 111.70152631578948
0010 111.8002105263158
1000 111.89889473684211
0001 111.99757894736842
0100 112.09626315789474
0010 112.19494736842105
1000 112.29363157894737
0001 112.39231578947368
0010 112.491
0001 112.58968421052631
1000 112.68836842105263
0100 112.78705263157894
0010 112.88573684210526
0001 112.98442105263157
1000 113.0831052631579
0010 113.18178947368422
0100 113.28047368421053
0001 113.47784210526316
1000 113.6752105263158
0100 113.87257894736842
1100 114.06994736842105
1000 114.26731578947368
0001 114.46468421052631
0100 114.56336842105263
0001 114.66205263157896
1001 114.85942105263159
1000 115.05678947368422
0100 115.25415789473685
0010 115.45152631578948
0011 115.64889473684211
0001 115.84626315789474
1000 116.04363157894737
0010 116.14231578947368
0100 116.24100000000001
0101 116.43836842105264
0001 116.63573684210527
1000 116.83310526315789
0100 117.03047368421052
0110 117.22784210526315
0010 117.42521052631578
0001 117.62257894736841
1000 117.72126315789473
0001 117.81994736842105
0101 118.01731578947368
0100 118.21468421052631
0010 118.41205263157894
1000 118.60942105263157
1001 118.8067894736842
0001 119.00415789473684
0010 119.20152631578947
0100 119.30021052631578
1000 119.39889473684211
0100 119.49757894736842
1000 119.59626315789474
0100 119.79363157894737
1000 119.991
0001 120.18836842105263
0101 120.38573684210526
0100 120.58310526315789
0010 120.78047368421052
1000 120.87915789473684
0010 120.97784210526316
0110 121.1752105263158
0100 121.37257894736842
0001 121.56994736842105
1000 121.76731578947368
1100 121.96468421052631
0100 122.16205263157894
0010 122.35942105263157
0001 122.45810526315789
1000 122.55678947368422
1001 122.75415789473685
0001 122.95152631578948
0100 123.14889473684211
0010 123.34626315789474
1010 123.54363157894737
1000 123.741
0001 123.93836842105263
0010 124.03705263157894
0001 124.13573684210527
1001 124.3331052631579
1000 124.53047368421053
0010 124.72784210526316
0100 124.9252105263158
0110 125.12257894736842
0010 125.31994736842105
1000 125.51731578947368
0001 125.616
0010 125.71468421052633
0100 125.81336842105264
0010 125.91205263157896
0100 126.10942105263159
1000 126.30678947368422
0001 126.50415789473685
0100 126.70152631578948
0001 126.89889473684211
1000 127.09626315789474
0001 127.29363157894738
0100 127.49100000000001
0001 127.68836842105264
1000 127.88573684210526
0001 128.0831052631579
0010 128.28047368421053
0001 128.47784210526316
1000 128.6752105263158
0001 128.87257894736842
0010 129.06994736842105
0001 129.26731578947368
1000 129.46468421052634
0100 129.66205263157897
0010 129.8594210526316
0100 130.05678947368423
1000 130.25415789473686
0100 130.4515263157895
0010 130.64889473684212
0100 130.84626315789475
1000 131.04363157894738
0010 131.241
0100 131.43836842105264
0010 131.63573684210527
1000 131.8331052631579
0010 132.03047368421053
0100 132.12915789473686
0010 132.22784210526316
1000 132.4252105263158
0001 132.62257894736842
0010 132.81994736842105
0100 133.01731578947368
0010 133.21468421052631
0001 133.41205263157894
0010 133.60942105263157
0100 133.8067894736842
0010 134.00415789473684
0001 134.2015263157895
0100 134.39889473684212
0010 134.59626315789475
0100 134.79363157894738
0001 134.991
0100 135.18836842105264
0010 135.38573684210527
0100 135.5831052631579
0001 135.78047368421053
1000 135.97784210526316
0010 136.1752105263158
1000 136.37257894736842
0001 136.56994736842105
1000 136.76731578947368
0010 136.96468421052631
1000 137.16205263157894
0001 137.3594210526316
1000 137.55678947368423
0100 137.75415789473686
1000 137.9515263157895
0001 138.14889473684212
1000 138.34626315789475
0100 138.44494736842108
1000 138.54363157894738
0001 138.6423157894737
1000 138.741
0001 138.83968421052634
2000 138.93836842105264
3000 142.09626315789475
