TITLE Mille Feuille
BPM   137.0
NOTES
1000 0.8359124087591241
0001 1.0548905109489053
0100 1.2738686131386863
0010 1.4928467153284672
1000 1.7118248175182482
0100 1.8213138686131387
0010 1.9308029197080292
0001 2.0402919708029197
0010 2.14978102189781
0100 2.2592700729927007
1000 2.3687591240875916
0010 2.5877372262773726
1000 3.0256934306569345
1000 3.4636496350364965
0100 3.5804379562043795
1000 3.697226277372263
0100 3.814014598540146
0010 3.9308029197080296
0100 4.047591240875913
0010 4.164379562043796
0100 4.748321167883212
0010 4.981897810218978
0100 5.215474452554745
0001 5.434452554744526
1000 5.653430656934307
0010 5.872408759124088
0100 6.091386861313869
0001 6.310364963503651
0100 6.529343065693431
0020 6.748321167883213
0130 7.186277372262774
0001 7.405255474452555
0200 7.624233576642336
0300 8.500145985401462
0010 8.719124087591242
0100 8.828613138686132
0001 8.938102189781024
1000 9.047591240875914
0010 9.157080291970804
0100 9.266569343065694
0001 9.376058394160586
1000 9.595036496350366
0100 10.032992700729928
0010 10.470948905109491
0001 10.580437956204381
0010 10.689927007299273
0001 10.799416058394163
0010 10.908905109489053
0100 11.018394160583943
0010 11.127883211678835
0001 11.565839416058397
1000 11.784817518248177
0001 12.003795620437959
0100 12.222773722627739
0010 12.441751824817521
0100 12.660729927007301
0001 12.879708029197083
0010 13.098686131386863
1000 13.317664233576645
0010 13.536642335766425
0200 13.755620437956207
0010 14.193576642335769
0010 14.412554744525549
0010 14.63153284671533
0310 14.85051094890511
0001 14.96
0010 15.069489051094893
0001 15.178978102189783
0200 15.288467153284673
0300 15.507445255474455
0010 15.726423357664235
1000 15.945401459854017
0010 16.1643795620438
0100 16.38335766423358
0010 16.49284671532847
1000 16.60233576642336
0010 16.71182481751825
0100 16.82131386861314
0001 17.040291970802922
1000 17.259270072992702
0020 17.478248175182483
0030 17.595036496350367
2000 17.945401459854015
3000 18.0621897810219
0100 18.762919708029198
0001 18.996496350364964
0100 19.23007299270073
0100 19.33956204379562
0010 19.5585401459854
1000 19.777518248175184
1000 19.887007299270074
0100 20.105985401459854
1010 20.434452554744524
1000 20.98189781021898
1000 21.09138686131387
0010 21.310364963503652
0100 21.529343065693435
0100 21.638832116788326
0010 21.857810218978106
1000 21.967299270072996
1010 22.18627737226278
0010 22.51474452554745
0100 22.62423357664234
0010 22.73372262773723
0100 22.95270072992701
0001 23.171678832116793
0010 23.390656934306573
0100 23.500145985401463
1000 23.609635036496353
0010 23.719124087591243
1000 23.828613138686134
0100 24.047591240875917
1000 24.266569343065697
0002 24.485547445255477
0003 24.602335766423362
2000 24.95270072992701
3000 25.069489051094894
0010 25.770218978102193
0100 26.00379562043796
0010 26.237372262773725
0010 26.346861313868615
0001 26.565839416058395
1000 26.78481751824818
1000 26.89430656934307
0100 27.11328467153285
0011 27.441751824817523
1000 27.770218978102193
0100 27.879708029197083
0010 27.989197080291973
0001 28.135182481751826
1000 28.354160583941606
0010 28.427153284671537
0100 28.646131386861317
0010 28.79211678832117
1000 29.01109489051095
0100 29.084087591240877
1000 29.230072992700734
0100 29.30306569343066
0020 29.74102189781022
2200 30.208175182481753
3300 30.324963503649638
0001 31.49284671532847
0100 31.743107403545363
0020 31.993368091762257
1000 32.74415015641293
0030 33.244671532846716
2000 33.68262773722628
0220 34.120583941605844
0330 34.230072992700734
3000 34.558540145985404
0010 35.246757038581855
0100 35.49701772679875
1100 35.74727841501564
1000 35.99753910323253
0110 36.247799791449424
0010 36.49806047966632
2000 37.09868613138686
0202 37.565839416058395
0303 37.68262773722628
3000 38.03299270072993
0100 38.50014598540146
0010 38.71912408759124
1000 38.93810218978102
0002 39.1570802919708
1003 39.81401459854015
0010 40.03299270072993
0200 40.25197080291971
2020 40.71912408759124
3030 40.83591240875912
1010 41.53664233576642
1000 42.00379562043796
0001 42.22277372262774
0100 42.44175182481752
0010 42.6607299270073
1000 42.87970802919709
0001 43.20817518248176
0100 43.31766423357665
0010 43.42715328467154
0100 43.53664233576643
0001 43.75562043795621
1000 43.97459854014599
0010 44.19357664233577
1000 44.41255474452555
0010 44.63153284671534
0100 44.85051094890512
1001 45.0694890510949
0010 45.28846715328468
0200 45.50744525547446
0300 45.94540145985402
0200 46.1643795620438
0310 46.602335766423366
1010 46.821313868613146
0001 47.040291970802926
0010 47.478248175182486
0100 47.697226277372266
1000 47.916204379562046
0010 48.13518248175183
0100 48.35416058394161
0101 48.573138686131394
1000 48.792116788321174
0010 49.011094890510954
0100 49.230072992700734
0010 49.449051094890514
1000 49.668029197080294
0001 50.10598540145986
1001 50.32496350364964
1000 50.7629197080292
0001 51.01318039624609
1000 51.26344108446299
0010 51.51370177267988
0100 52.01422314911366
0001 52.26448383733056
0100 52.51474452554745
0010 52.73372262773723
1000 52.95270072992701
0010 53.17167883211679
0100 53.60963503649636
0101 53.82861313868614
1000 54.04759124087592
0001 54.2665693430657
0001 54.70452554744526
1000 54.92350364963504
0010 55.142481751824825
0110 55.580437956204385
0100 55.799416058394165
0001 56.018394160583945
0100 56.237372262773725
0010 56.456350364963505
1000 56.675328467153285
0010 56.89430656934307
0010 57.11328467153285
1000 57.22277372262774
0010 57.33226277372263
1000 57.44175182481752
0010 57.55124087591241
1000 57.77021897810219
0100 58.02047966631908
0001 58.27074035453598
0100 58.52100104275287
0001 58.77126173096976
1010 59.02152241918665
0100 59.27178310740355
0010 59.52204379562044
0100 59.74102189781022
0010 60.17897810218978
1000 60.61693430656935
1001 60.83591240875913
0100 61.05489051094891
0100 61.71182481751825
0010 61.93080291970803
1000 62.149781021897816
0100 62.368759124087596
1001 62.587737226277376
0001 63.025693430656936
0100 63.244671532846716
0001 63.4636496350365
0010 63.68262773722628
0001 64.12058394160583
1000 64.33956204379561
0010 64.55854014598539
1100 64.77751824817518
0100 64.99649635036496
0100 65.21547445255474
0010 65.43445255474452
1001 66.09138686131386
1000 66.31036496350364
1000 66.52934306569342
0001 66.7483211678832
0100 66.96729927007298
0010 67.07678832116788
0100 67.18627737226277
0010 67.29576642335766
1000 67.40525547445255
0100 67.51474452554744
0010 67.62423357664233
0001 67.73372262773722
1000 67.8432116788321
0011 68.28116788321168
1000 68.71912408759124
1000 68.93810218978102
0001 69.1570802919708
0001 69.37605839416058
1000 69.59503649635036
1010 69.81401459854014
0101 70.2519708029197
0100 70.47094890510948
0010 70.90890510948904
1000 71.12788321167882
0001 71.3468613138686
0100 71.56583941605838
0001 71.78481751824818
0010 72.36875912408759
1000 72.952700729927
0010 73.6534306569343
0001 73.88700729927007
0100 74.12058394160583
0010 74.23737226277372
0010 74.47094890510948
0100 74.58773722627737
0001 74.82131386861313
0010 75.0548905109489
0100 75.28846715328467
1000 75.50744525547445
0010 75.72642335766423
0100 75.94540145985401
0001 76.16437956204379
1000 76.38335766423357
0100 76.60233576642335
0010 76.82131386861313
0001 77.04029197080291
0010 77.25927007299269
0100 77.47824817518247
1000 77.69722627737225
0010 77.91620437956203
0100 78.02569343065693
0010 78.13518248175181
0100 78.24467153284671
0001 78.35416058394159
1000 78.46364963503649
0010 78.57313868613137
0100 78.79211678832117
0010 79.37605839416058
1000 79.96
1000 80.54394160583941
0001 80.76291970802919
0100 80.98189781021897
0010 81.20087591240875
0001 81.31036496350364
0001 81.52934306569342
0010 81.63883211678831
1000 81.85781021897809
0010 82.07678832116787
1000 82.29576642335766
0100 82.51474452554744
0010 82.73372262773722
0001 82.952700729927
0010 83.17167883211678
0100 83.39065693430656
1000 83.60963503649634
0001 83.82861313868612
1000 84.04759124087592
0100 84.15708029197081
0010 84.2665693430657
0001 84.48554744525548
0010 84.59503649635037
0100 84.70452554744526
0001 84.92350364963504
1000 85.03299270072993
0001 85.14248175182482
1000 85.25197080291971
0001 85.3614598540146
1000 85.58043795620438
0001 85.79941605839416
0100 86.01839416058394
0010 86.23737226277372
0100 86.4563503649635
0001 86.5658394160584
0100 86.67532846715328
0010 86.78481751824818
0100 86.89430656934306
0001 87.11328467153284
1000 87.33226277372262
0001 87.55124087591241
0100 87.77021897810219
0010 87.98919708029197
1000 88.20817518248175
0010 88.31766423357665
1000 88.42715328467153
0100 88.53664233576643
0010 88.64613138686131
0001 88.8651094890511
0010 89.08408759124087
0011 89.30306569343065
0011 89.52204379562043
0110 89.74102189781021
0100 89.96
1000 90.06948905109489
0100 90.17897810218977
1000 90.28846715328467
0100 90.39795620437955
1000 90.61693430656933
0010 90.83591240875911
1010 91.05489051094891
0011 91.27386861313869
0011 91.49284671532847
0001 91.71182481751825
1000 91.93080291970803
0100 92.04029197080293
0010 92.14978102189781
0001 92.2592700729927
0100 92.36875912408759
0010 92.47824817518249
0100 92.58773722627737
0001 92.80671532846715
1000 93.02569343065693
0001 93.24467153284671
0010 93.46364963503649
0100 93.57313868613139
1000 93.68262773722627
0100 93.79211678832117
0010 93.90160583941605
0100 94.12058394160583
1000 94.33956204379561
0010 94.5585401459854
1000 94.77751824817518
0010 94.99649635036496
0100 95.21547445255474
0010 95.32496350364964
1000 95.43445255474452
0010 95.54394160583942
0100 95.6534306569343
0001 95.87240875912408
1000 96.09138686131386
1001 96.31036496350364
1001 96.52934306569342
0101 96.7483211678832
0100 96.96729927007298
0001 97.07678832116788
0010 97.18627737226277
0001 97.29576642335766
0100 97.40525547445255
0010 97.62423357664233
1000 97.8432116788321
1000 98.93810218978102
0010 99.04759124087592
1000 99.1570802919708
0001 99.2665693430657
1000 99.37605839416058
0001 99.81401459854014
0100 100.03299270072992
0010 100.2519708029197
0100 100.47094890510948
0010 100.68992700729926
1000 100.90890510948904
0001 101.12788321167882
1000 101.3468613138686
1001 101.5658394160584
1002 102.14978102189781
0003 102.73372262773722
0100 103.31766423357664
0100 103.42715328467153
0001 103.64613138686131
1000 103.8651094890511
1000 103.97459854014598
0100 104.19357664233576
0010 104.52204379562043
0001 105.06948905109489
0001 105.17897810218979
0010 105.39795620437957
0100 105.61693430656935
0100 105.72642335766423
0010 105.94540145985401
0100 106.05489051094891
0100 106.27386861313869
1000 106.82131386861313
0010 107.04029197080291
0100 107.25927007299269
0010 107.47824817518247
0100 107.69722627737225
0001 107.91620437956203
0100 108.13518248175181
0001 108.35416058394159
0110 108.57313868613139
0110 109.1570802919708
0001 110.32496350364963
0001 110.43445255474452
0100 110.6534306569343
0001 110.87240875912408
0001 110.98189781021897
1000 111.20087591240875
1000 111.52934306569342
1000 111.85781021897809
0001 111.96729927007298
1000 112.07678832116788
0010 112.18627737226278
0100 112.29576642335766
0010 112.40525547445256
0100 112.51474452554744
0010 112.62423357664234
0100 112.73372262773722
0010 112.84321167883212
0110 113.17167883211678
0102 113.39065693430656
0003 115.58043795620438
