TITLE Dancing Samurai
BPM   142.0
NOTES
0010 1.4788732394366197
0010 1.6901408450704225
0102 2.112676056338028
1003 2.4295774647887325
1010 2.746478873239437
0100 3.169014084507042
0001 3.274647887323944
1000 3.380281690140845
0100 3.492957746478873
1000 3.6056338028169015
0001 3.7183098591549295
1000 3.830985915492958
0001 4.056338028169014
0100 4.619718309859155
0010 4.845070422535211
0110 5.070422535211268
1000 5.281690140845071
0010 5.492957746478874
0100 5.704225352112676
1100 5.915492957746479
0010 6.338028169014085
0001 6.549295774647888
0010 6.873239436619718
0001 7.098591549295774
0100 7.323943661971831
0001 7.549295774647887
0100 7.774647887323944
0001 7.887323943661972
0100 8.112676056338028
0010 8.225352112676056
0100 8.450704225352112
0001 8.661971830985914
1000 8.873239436619718
0100 8.97887323943662
0010 9.08450704225352
0100 9.190140845070422
0010 9.295774647887324
0001 9.401408450704224
1000 9.507042253521126
0010 9.612676056338028
0100 9.718309859154928
0001 9.82394366197183
0010 9.929577464788732
0100 10.035211267605634
2000 10.140845070422536
0010 10.352112676056338
3210 10.563380281690142
0320 10.985915492957748
1030 11.408450704225352
1001 11.725352112676058
1100 12.04225352112676
0010 12.464788732394366
0001 12.67605633802817
1000 12.992957746478874
0001 13.098591549295776
0100 13.309859154929578
0010 13.52112676056338
1000 13.732394366197182
0010 13.943661971830986
0100 14.154929577464788
0001 14.366197183098592
1000 14.577464788732394
0100 14.788732394366196
0010 15.0
0100 15.105633802816902
1000 15.422535211267604
0010 15.633802816901408
1000 15.84507042253521
0001 16.056338028169012
0100 16.267605633802816
0010 16.47887323943662
0100 16.69014084507042
0001 16.795774647887324
2010 17.32394366197183
3002 17.746478873239436
0103 18.16901408450704
1100 18.485915492957744
1001 18.802816901408452
0100 19.225352112676056
0001 19.43661971830986
1000 19.753521126760564
0001 19.859154929577464
0010 20.070422535211268
0001 20.281690140845072
1000 20.492957746478876
0010 20.704225352112676
1000 20.91549295774648
0100 21.126760563380284
0010 21.338028169014088
0001 21.549295774647888
1000 21.760563380281692
0100 21.866197183098592
1000 22.183098591549296
0001 22.394366197183096
0100 22.5
0001 22.6056338028169
0010 22.7112676056338
0001 22.816901408450704
0100 22.922535211267604
0001 23.028169014084508
0100 23.133802816901408
0010 23.239436619718308
0100 23.450704225352112
1001 23.661971830985916
1000 23.87323943661972
0100 24.08450704225352
0010 24.295774647887324
0100 24.507042253521128
1000 24.71830985915493
0010 24.823943661971832
0100 25.035211267605636
0010 25.140845070422536
0100 25.352112676056336
0001 25.577464788732392
0001 25.80281690140845
0010 25.915492957746476
0001 26.140845070422532
0010 26.36619718309859
0100 26.478873239436616
0010 26.704225352112672
0001 26.816901408450704
1000 27.04225352112676
0100 27.253521126760564
1000 27.464788732394364
0001 27.676056338028168
1000 27.887323943661972
0100 28.098591549295776
1000 28.204225352112676
0001 28.41549295774648
0100 28.52112676056338
0010 28.62676056338028
1000 28.732394366197184
0100 28.943661971830988
0010 29.154929577464788
0100 29.366197183098592
1000 29.577464788732396
0010 29.7887323943662
0100 30.0
0001 30.105633802816904
1000 30.211267605633804
0010 30.316901408450704
0100 30.422535211267604
0001 30.528169014084504
1000 30.633802816901408
0010 30.739436619718308
1000 30.84507042253521
0010 31.056338028169012
0100 31.267605633802816
1000 31.47887323943662
0100 31.69014084507042
0001 31.901408450704224
1000 32.00704225352113
0001 32.33802816901408
0100 32.56338028169014
0010 32.78873239436619
1000 33.01408450704225
0100 33.239436619718305
0010 33.352112676056336
1001 33.80281690140845
0010 34.225352112676056
1000 34.436619718309856
0010 34.64788732394366
0100 34.859154929577464
0001 35.070422535211264
1000 35.281690140845065
0100 35.38732394366197
0010 35.71830985915493
0100 35.943661971830984
0001 36.16901408450704
0100 36.394366197183096
1000 36.61971830985915
0100 36.732394366197184
0011 37.183098591549296
1000 37.605633802816904
0001 37.816901408450704
0100 38.028169014084504
1000 38.23943661971831
0100 38.45070422535211
0010 38.66197183098591
1000 38.767605633802816
0001 39.08450704225352
1000 39.29577464788733
0010 39.50704225352113
0100 39.71830985915493
0001 39.929577464788736
0100 40.03521126760563
0100 40.24647887323944
0010 40.352112676056336
1000 40.563380281690144
0010 40.774647887323944
0100 40.98591549295775
0001 41.19718309859155
0100 41.40845070422535
1000 41.61971830985916
0100 41.83098591549296
0010 42.04225352112676
1000 42.25352112676056
0100 42.46478873239436
1000 42.570422535211264
0001 42.88732394366197
0100 43.09859154929577
0010 43.309859154929576
1000 43.52112676056338
0010 43.73239436619718
0100 43.943661971830984
0001 44.04929577464789
1000 44.154929577464785
0100 44.26056338028169
2000 44.36619718309859
0010 44.78873239436619
3100 45.2112676056338
0001 45.4225352112676
1000 45.63380281690141
0010 45.84507042253521
0200 46.056338028169016
0310 46.37323943661972
0101 46.690140845070424
0010 47.112676056338024
1000 47.32394366197183
0001 47.53521126760563
0010 47.74647887323944
0001 47.95774647887324
0010 48.16901408450704
0100 48.38028169014085
1000 48.59154929577465
0100 48.80281690140845
1000 49.014084507042256
0001 49.225352112676056
0010 49.33098591549296
0200 49.43661971830986
1300 49.859154929577464
0100 50.07042253521127
0010 50.28169014084507
0001 50.387323943661976
1000 50.49295774647887
0001 50.598591549295776
1000 50.70422535211267
0001 50.809859154929576
0100 50.91549295774647
0010 51.12676056338028
0100 51.33802816901408
0001 51.54929577464788
1000 51.76056338028169
0100 51.97183098591549
1000 52.18309859154929
0001 52.28873239436619
0100 52.61971830985915
0010 52.84507042253521
1000 53.183098591549296
0001 53.52112676056338
0100 53.74647887323943
0010 53.859154929577464
0100 54.08450704225352
0001 54.29577464788732
0010 54.401408450704224
0100 54.50704225352113
1000 54.71830985915493
0001 54.92957746478873
0100 55.140845070422536
0001 55.352112676056336
1000 55.56338028169014
0001 55.774647887323944
1000 55.985915492957744
0100 56.09154929577465
1001 56.40845070422535
0110 56.61971830985915
0101 56.83098591549296
0010 57.04225352112676
0001 57.147887323943664
0001 57.359154929577464
0001 57.57042253521127
0100 57.67605633802817
0010 57.887323943661976
0100 57.99295774647887
0010 58.098591549295776
1000 58.20422535211268
0001 58.309859154929576
0010 58.41549295774648
0100 58.521126760563384
1000 58.62676056338028
0100 58.732394366197184
0010 58.943661971830984
0110 59.154929577464785
0001 59.366197183098585
0100 59.57746478873239
0010 59.68309859154929
0100 59.78873239436619
0001 59.894366197183096
0010 59.99999999999999
0100 60.1056338028169
0010 60.2112676056338
0100 60.3169014084507
0010 60.4225352112676
0001 60.6338028169014
0101 60.84507042253521
0010 61.05633802816901
1000 61.267605633802816
0001 61.37323943661971
1000 61.478873239436616
0010 61.58450704225352
0100 61.69014084507042
0001 61.79577464788732
0010 61.901408450704224
0100 62.00704225352112
0010 62.112676056338024
0001 62.323943661971825
1010 62.53521126760563
0100 62.74647887323943
0010 62.95774647887324
1000 63.06338028169014
0100 63.16901408450704
0010 63.274647887323944
0100 63.38028169014084
1000 63.485915492957744
0001 63.59154929577465
0010 63.697183098591545
0100 63.80281690140845
0010 64.01408450704226
1001 64.22535211267605
0010 64.64788732394365
0001 64.75352112676056
0010 64.85915492957746
0100 64.96478873239435
0010 65.07042253521126
0100 65.17605633802816
1000 65.28169014084506
0100 65.38732394366197
0010 65.49295774647887
0001 65.70422535211267
0011 65.91549295774648
0100 66.12676056338029
0010 66.33802816901408
1000 66.44366197183099
0010 66.54929577464789
0100 66.65492957746478
0001 66.7605633802817
0100 66.86619718309859
0001 66.97183098591549
0100 67.0774647887324
0010 67.1830985915493
1000 67.3943661971831
1100 67.6056338028169
0100 67.8169014084507
1000 68.0281690140845
0001 68.13380281690141
0100 68.2394366197183
0010 68.3450704225352
0100 68.45070422535211
0001 68.55633802816901
1000 68.6619718309859
0100 68.76760563380282
0010 68.87323943661971
0001 69.08450704225352
0101 69.29577464788733
0010 69.50704225352113
0010 69.71830985915493
1000 69.82394366197184
0001 69.92957746478874
0100 70.03521126760563
0010 70.14084507042254
0100 70.24647887323944
0001 70.35211267605634
1000 70.45774647887325
0010 70.56338028169014
1001 70.98591549295774
1000 71.40845070422534
0010 71.51408450704226
1000 71.61971830985915
0001 71.72535211267605
0100 71.83098591549296
0001 71.93661971830986
0010 72.04225352112675
0100 72.14788732394366
1000 72.25352112676056
1010 72.67605633802816
0100 73.09859154929576
0001 73.20422535211267
1000 73.30985915492957
0010 73.41549295774647
0100 73.52112676056338
0001 73.62676056338027
0100 73.73239436619717
0010 73.83802816901408
1000 73.94366197183098
0010 74.36619718309859
0100 74.47183098591549
0010 74.5774647887324
0100 74.6830985915493
0001 74.78873239436619
0101 75.1056338028169
1001 75.4225352112676
1000 75.84507042253522
0001 75.95070422535211
0100 76.05633802816901
0010 76.1619718309859
0100 76.26760563380282
0010 76.37323943661971
0100 76.47887323943661
0010 76.69014084507042
1000 76.90140845070422
0001 77.11267605633802
0010 77.21830985915493
0100 77.32394366197182
1000 77.42957746478872
0100 77.53521126760563
2000 77.74647887323944
3010 77.95774647887325
1000 78.16901408450704
0001 78.27464788732395
0100 78.38028169014085
0101 78.59154929577466
0010 78.80281690140845
0100 78.90845070422536
1000 79.01408450704226
0010 79.11971830985915
0100 79.22535211267606
0002 79.43661971830986
0013 79.64788732394366
0001 79.85915492957746
0010 79.96478873239437
0100 80.07042253521126
1010 80.28169014084507
0100 80.49295774647887
0010 80.59859154929578
0100 80.70422535211267
0001 80.80985915492957
1000 80.91549295774648
0010 81.02112676056338
0100 81.12676056338029
0001 81.23943661971832
0010 81.35211267605635
0200 81.5774647887324
2300 81.80281690140846
3002 82.02816901408451
0023 82.25352112676057
0230 82.36619718309859
2300 82.59154929577466
3002 82.8169014084507
0023 83.04225352112677
0031 83.15492957746478
1000 83.38028169014085
0001 83.6056338028169
0100 83.83098591549296
0010 83.94366197183099
1000 84.16901408450704
0010 84.28169014084507
0100 84.50704225352112
0010 84.71830985915493
1000 84.92957746478872
0001 85.03521126760563
0100 85.14084507042253
0010 85.35211267605634
1000 85.56338028169013
0100 85.66901408450704
1000 85.88028169014083
0010 85.98591549295774
0100 86.19718309859155
0010 86.40845070422536
0100 86.61971830985915
0001 86.72535211267606
0010 86.83098591549296
0100 87.04225352112677
1000 87.25352112676056
0010 87.35915492957747
0100 87.57042253521126
0001 87.67605633802818
0100 87.88732394366197
0010 88.09859154929578
0110 88.30985915492957
0100 88.52112676056338
1001 88.73239436619718
0100 88.94366197183098
0002 89.15492957746478
0003 90.0
