TITLE Kimi no Shira nai Monogatari
BPM   165.02
NOTES
1000 1.118
0001 1.481592291843413
0100 1.845184583686826
1010 2.208776875530239
0100 2.572369167373652
0001 2.9359614592170646
1000 3.2995537510604773
0011 3.6631460429038905
0100 4.026738334747304
1000 4.390330626590717
0001 4.753922918434129
0101 5.117515210277542
1010 5.481107502120955
1001 5.771981335595686
0011 6.062855169070416
1001 6.644602836019876
1000 6.935476669494607
0100 7.117272815416313
0010 7.29906896133802
0001 7.480865107259726
0100 7.662661253181433
0010 8.026253545024845
1000 8.389845836868258
0010 8.571641982789965
0100 8.753438128711672
0001 8.935234274633377
1000 9.117030420555084
0100 9.29882656647679
0010 9.389724639437643
0100 9.480622712398498
0010 9.57152078535935
0100 9.662418858320203
1000 9.753316931281057
0010 9.84421500424191
0100 10.026011150163617
0001 10.207807296085322
0011 10.38960344200703
0001 10.753195733850442
0100 10.934991879772149
0020 11.116788025693856
1030 11.506351195526083
0100 11.714118219436605
0110 12.129652267257647
0001 12.752953338989213
1000 12.93474948491092
0100 13.116545630832626
0010 13.298341776754333
0001 13.48013792267604
0100 13.661934068597745
0010 13.843730214519452
1000 14.025526360441159
0100 14.207322506362866
0001 14.570914798206278
0100 14.752710944127985
1000 15.116303235971397
0010 15.298099381893104
1001 15.661691673736517
0100 16.025283965579927
0001 16.207080111501636
0010 16.38887625742334
0100 16.570672403345046
1000 16.752468549266755
0010 16.93426469518846
0100 17.116060841110166
0100 17.323827865020686
0100 17.53159488893121
0001 17.73936191284173
1000 17.947128936752254
1000 18.154895960662774
0100 18.362662984573294
0010 18.570430008483818
0001 18.752226154405523
0001 18.934022300327232
1000 19.115818446248937
0010 19.297614592170643
1000 19.47941073809235
0002 19.661206884014057
0010 19.843003029935762
0013 20.02479917585747
0100 20.388391467700885
1000 20.57018761362259
0001 20.933779905466004
0100 21.297372197309414
0010 21.47916834323112
0010 21.660964489152825
1000 21.842760635074534
0200 22.02455678099624
0010 22.206352926917944
0310 22.388149072839653
0001 22.569945218761358
1000 22.751741364683063
0010 22.933537510604772
0100 23.115333656526477
0001 23.297129802448186
0020 23.47892594836989
0030 23.660722094291597
0020 23.842518240213305
0030 24.206110532056716
0200 24.387906677978425
2300 25.11509126166525
3020 25.842275845352077
0230 26.5694604290389
0001 27.11484886680402
0302 27.29664501272573
0013 28.205625742334263
0100 28.387421888255968
2000 28.569218034177673
0100 28.75101418009938
0001 29.114606471942793
0010 29.478198763786203
3001 29.841791055629617
1000 30.023587201551322
0100 30.20538334747303
0100 30.387179493394736
0010 30.568975639316445
0001 30.75077178523815
0100 30.932567931159856
0100 31.114364077081564
0010 31.29616022300327
1000 31.477956368924975
1000 31.659752514846684
0100 31.84154866076839
1000 32.0233448066901
0001 32.205140952611806
0010 32.38693709853351
0001 32.56873324445522
0100 32.93232553629863
0010 33.114121682220336
0010 33.295917828142045
1000 33.47771397406375
0100 33.659510119985455
0010 33.841306265907164
0010 34.023102411828866
0001 34.204898557750575
1000 34.38669470367228
0001 34.56849084959399
0100 34.7502869955157
0010 34.9320831414374
1000 35.11387928735911
0100 35.29567543328082
1000 35.47747157920252
0020 36.02286001696764
0100 36.38645230881105
0230 36.75004460065447
0001 37.11363689249788
0302 37.47722918434129
0010 37.8408214761847
0023 38.20441376802812
2030 38.56800605987153
3020 38.931598351714946
0032 39.29519064355836
0203 39.658782935401774
0320 40.022375227245185
2030 40.385967519088595
3200 40.749559810932006
0302 41.11315210277542
0203 41.476744394618834
2300 41.840336686462244
3001 42.203928978305655
0001 42.38572512422736
0100 42.56752127014907
0010 42.749317416070774
1000 42.93111356199248
1000 43.11290970791419
0100 43.2947058538359
0010 43.47650199975761
0001 43.65829814567931
0001 43.84009429160102
0100 44.02189043752273
0001 44.20368658344443
0100 44.38548272936614
0010 44.56727887528785
1010 44.74907502120955
0100 45.11266731305296
0001 45.29446345897467
0010 45.47625960489638
0100 45.65805575081808
1000 45.83985189673979
1001 46.203444188583205
0001 46.567036480426616
0101 46.93062877227003
0100 47.112424918191735
0010 47.294221064113444
1100 47.657813355956854
0100 47.83960950187856
0010 48.021405647800265
0001 48.38499793964368
1001 48.74859023148709
0100 49.1121825233305
0011 49.475774815173914
0100 49.83936710701733
0001 50.02116325293903
1001 50.20295939886074
1000 50.56655169070416
0010 50.74834783662587
0001 50.93014398254757
0001 51.29373627439099
0010 51.47553242031269
1000 51.6573285662344
0010 52.02092085807781
1000 52.20271700399952
0100 52.38451314992122
1001 52.748105441764636
1001 53.11169773360805
0100 53.475290025451464
0100 53.65708617137317
0010 53.838882317294875
1000 54.02067846321658
0100 54.20247460913829
0100 54.384270755059994
0010 54.5660669009817
0001 54.74786304690341
2000 54.92965919282511
3001 55.31749097079142
0030 55.70532274875773
0200 55.8022806932493
1300 56.19011247121561
0001 56.38402836019876
1000 56.59179538410928
0010 56.7995624080198
0100 57.00732943193033
0001 57.21509645584085
0001 57.42286347975137
0010 57.63063050366189
0102 57.83839752757242
1003 58.25393157539346
0020 58.461698599303986
0230 58.87723264712503
1000 59.29276669494607
0100 59.474562840867776
0001 59.65635898678948
0100 59.83815513271119
0010 60.019951278632895
0001 60.2017474245546
1000 60.383543570476306
2001 60.747135862319716
3010 61.11072815416313
0200 61.292524300084835
0302 61.656116591928246
0013 62.01970888377166
0001 62.20150502969337
0100 62.38330117561508
1000 62.56509732153678
0100 62.74689346745849
0010 62.9286896133802
1000 63.1104857593019
0100 63.29228190522361
0010 63.65587419706702
0001 63.83767034298873
1000 64.01946648891042
0001 64.20126263483213
0100 64.38305878075384
0001 64.56485492667555
0010 64.74665107259726
2001 65.11024336444066
0010 65.65563180220579
3010 65.83742794812748
0100 66.2010202399709
0001 66.38281638589261
0020 66.56461253181432
0130 67.11000096957945
1000 67.29179711550114
0001 67.382695188462
0100 67.47359326142285
0001 67.65538940734456
1000 67.74628748030541
0001 67.83718555326627
1000 67.92808362622712
0001 68.01898169918798
1000 68.20077784510968
0001 68.38257399103139
0100 68.5643701369531
0010 68.7461662828748
1000 68.9279624287965
0100 69.10975857471821
1002 69.47335086656162
1003 69.83694315840503
0020 70.01873930432674
0230 70.38233159617015
0301 70.74592388801356
0001 70.92772003393527
0010 71.10951617985698
0100 71.29131232577869
1000 71.4731084717004
0001 71.6549046176221
0100 71.8367007635438
1000 72.01849690946551
0100 72.20029305538722
0020 72.38208920130893
0130 72.74568149315235
0200 72.92747763907406
0302 73.29106993091746
1003 73.65466222276088
1000 73.83645836868257
0100 74.20005066052599
1010 74.56364295236939
0010 74.92723524421281
1001 75.29082753605623
1000 75.65441982789964
0001 75.83621597382135
0010 76.01801211974305
0100 76.38160441158647
1001 76.74519670342988
1000 77.1087889952733
0001 77.29058514119501
0100 77.4723812871167
0010 77.83597357896012
1020 78.19956587080353
0100 78.74495430856865
1030 79.29034274633376
1000 79.47213889225547
0001 79.56303696521633
2000 79.65393503817718
3100 80.0175273300206
0100 80.19932347594231
0100 80.381119621864
0010 80.56291576778571
0001 80.74471191370742
0001 80.92650805962913
1000 81.10830420555084
0100 81.29010035147255
0010 81.47189649739425
0010 81.65369264331596
0001 81.83548878923766
0100 82.01728493515937
0010 82.19908108108108
0010 82.38087722700278
1010 82.56267337292448
0100 82.9262656647679
0011 83.1080618106896
0100 83.47165410253301
1001 83.65345024845472
0110 84.01704254029814
1000 84.22480956420866
0100 84.43257658811918
0011 84.6403436120297
1001 84.84811063594022
0001 85.26364468376127
0200 85.47141170767179
0300 88.38015004241909
