TITLE Kuru Kuru Pa!
BPM   180.0
NOTES
0002 9.333333333333332
0010 9.666666666666666
0100 9.999999999999998
1003 10.333333333333332
0001 10.666666666666666
1000 10.75
0001 10.833333333333332
0100 11.0
0010 11.166666666666666
1000 11.25
0001 11.333333333333332
0010 11.5
2000 11.666666666666666
3020 11.833333333333332
0031 12.0
0100 12.083333333333334
0010 12.166666666666666
1000 12.333333333333334
0100 12.5
0010 12.583333333333334
0001 12.666666666666666
0100 12.833333333333334
2000 13.0
3100 13.166666666666666
0010 13.333333333333332
1000 13.416666666666666
0100 13.499999999999998
0010 13.666666666666666
0100 13.833333333333332
0010 13.916666666666666
0001 13.999999999999998
0010 14.166666666666666
2000 14.333333333333332
3020 14.499999999999998
0031 14.666666666666666
0100 14.75
0010 14.833333333333332
1000 15.0
0100 15.166666666666666
1000 15.25
0001 15.333333333333332
0100 15.5
2000 15.666666666666666
3100 15.833333333333332
0010 16.0
1000 16.083333333333332
0001 16.166666666666668
0010 16.333333333333332
0100 16.5
0010 16.583333333333332
0001 16.666666666666668
0010 16.833333333333332
2000 17.0
3020 17.166666666666668
0130 17.333333333333332
0010 17.416666666666664
0001 17.5
0100 17.666666666666664
0010 17.833333333333332
1000 17.916666666666664
0100 18.0
0010 18.166666666666664
2000 18.333333333333332
3010 18.5
0001 18.666666666666664
0100 18.749999999999996
0010 18.833333333333332
1000 18.999999999999996
0100 19.166666666666664
1000 19.249999999999996
0010 19.333333333333332
0100 19.499999999999996
2000 19.666666666666664
3200 19.833333333333332
0310 20.0
1000 20.533333333333335
1001 20.711111111111112
0010 21.066666666666666
0001 21.155555555555555
0010 21.244444444444444
0100 21.333333333333332
1000 21.5
0020 21.666666666666664
0230 22.0
0301 22.333333333333332
2000 22.5
3100 22.833333333333332
0010 22.999999999999996
0001 23.166666666666664
2000 23.333333333333332
3020 23.666666666666664
1030 24.0
0001 24.166666666666668
0100 24.25
0001 24.333333333333332
0100 24.5
0001 24.583333333333332
0100 24.666666666666668
0001 24.833333333333332
0100 24.916666666666668
0010 25.0
1000 25.083333333333332
0001 25.166666666666668
0010 25.25
0100 25.333333333333332
1000 25.5
0100 25.583333333333332
1000 25.666666666666664
0100 25.833333333333332
1000 25.916666666666664
0100 26.0
1000 26.166666666666664
0100 26.25
0010 26.333333333333332
0001 26.416666666666664
1000 26.5
0001 26.583333333333332
0100 26.666666666666664
0010 26.833333333333332
2000 26.999999999999996
3200 27.333333333333332
0310 27.666666666666664
0200 27.833333333333332
1300 28.166666666666668
0010 28.333333333333332
0100 28.5
0002 28.666666666666668
2003 29.0
3010 29.333333333333332
0100 29.5
0010 29.583333333333332
0100 29.666666666666664
0010 29.833333333333332
0100 29.916666666666664
0010 30.0
0100 30.166666666666664
0001 30.25
1000 30.333333333333332
0100 30.416666666666664
0010 30.5
0001 30.583333333333332
1000 30.666666666666664
0001 30.833333333333332
1000 30.916666666666664
0001 30.999999999999996
1000 31.166666666666664
0001 31.249999999999996
1000 31.333333333333332
0001 31.499999999999996
1000 31.583333333333332
0001 31.666666666666664
0010 31.749999999999996
0100 31.833333333333332
1000 31.916666666666664
0002 32.0
0103 32.333333333333336
0010 32.5
0002 32.666666666666664
0023 33.0
2030 33.33333333333333
3100 33.666666666666664
0010 33.83333333333333
2000 33.99999999999999
3020 34.33333333333333
0230 34.666666666666664
2300 35.0
3001 35.33333333333333
0100 35.5
0010 35.666666666666664
1000 35.83333333333333
0200 36.0
0010 36.333333333333336
1000 36.666666666666664
0310 37.0
0001 37.166666666666664
2001 37.33333333333333
3010 37.666666666666664
0100 37.83333333333333
2000 37.99999999999999
3100 38.33333333333333
0001 38.49999999999999
0020 38.666666666666664
0130 39.0
1000 39.166666666666664
0020 39.33333333333333
0230 39.666666666666664
0002 40.0
0300 40.666666666666664
1003 41.0
0100 41.166666666666664
0120 41.33333333333333
0031 41.99999999999999
1000 42.08333333333333
0001 42.166666666666664
1000 42.24999999999999
0001 42.33333333333333
1000 42.416666666666664
0001 42.49999999999999
1000 42.58333333333333
0001 42.666666666666664
0100 42.75
0010 42.83333333333333
1000 43.0
0001 43.166666666666664
0010 43.25
0100 43.33333333333333
0010 43.5
2000 43.666666666666664
3020 43.83333333333333
0031 44.0
1000 44.083333333333336
0010 44.166666666666664
0100 44.333333333333336
0001 44.5
0100 44.583333333333336
0010 44.666666666666664
0100 44.833333333333336
2000 45.0
3100 45.166666666666664
0001 45.33333333333333
1000 45.416666666666664
0100 45.49999999999999
0010 45.666666666666664
0100 45.83333333333333
1000 45.916666666666664
0001 45.99999999999999
0100 46.166666666666664
2000 46.33333333333333
3200 46.49999999999999
0301 46.666666666666664
0010 46.75
0100 46.83333333333333
0010 47.0
0001 47.166666666666664
1000 47.25
0100 47.33333333333333
0010 47.5
2000 47.666666666666664
3010 47.83333333333333
0100 48.0
1000 48.083333333333336
0001 48.166666666666664
0100 48.333333333333336
0010 48.5
1000 48.583333333333336
0001 48.666666666666664
0010 48.833333333333336
2000 49.0
3020 49.166666666666664
0130 49.33333333333333
0010 49.416666666666664
0001 49.49999999999999
0100 49.666666666666664
0010 49.83333333333333
1000 49.916666666666664
0001 49.99999999999999
0100 50.166666666666664
2000 50.33333333333333
3100 50.49999999999999
0010 50.666666666666664
0100 50.75
0001 50.83333333333333
0010 51.0
0100 51.166666666666664
0010 51.25
0001 51.33333333333333
0010 51.5
2000 51.666666666666664
3020 51.83333333333333
1000 52.44444444444444
1100 52.62222222222222
0100 52.977777777777774
0010 53.06666666666667
0100 53.15555555555556
0010 53.24444444444445
0002 53.33333333333333
0103 53.666666666666664
0010 53.83333333333333
2000 53.99999999999999
3001 54.33333333333333
0020 54.49999999999999
0031 54.83333333333333
0100 55.0
0010 55.166666666666664
1000 55.33333333333333
0100 55.5
0020 55.666666666666664
0031 56.0
1000 56.166666666666664
0100 56.25
0010 56.333333333333336
0001 56.5
0010 56.583333333333336
0100 56.666666666666664
1000 56.833333333333336
0100 56.916666666666664
0010 57.0
0001 57.083333333333336
0010 57.166666666666664
0100 57.25
1000 57.33333333333333
0001 57.49999999999999
0100 57.58333333333333
0010 57.666666666666664
1000 57.83333333333333
0010 57.916666666666664
0100 57.99999999999999
0001 58.166666666666664
0100 58.24999999999999
0010 58.33333333333333
1000 58.416666666666664
0010 58.49999999999999
0100 58.58333333333333
0002 58.666666666666664
1003 59.0
0100 59.166666666666664
0010 59.33333333333333
0100 59.5
1000 59.666666666666664
0002 59.83333333333333
0103 60.166666666666664
0010 60.333333333333336
1000 60.5
0200 60.666666666666664
0320 61.0
0031 61.33333333333333
1000 61.49999999999999
0001 61.58333333333333
0100 61.666666666666664
0001 61.83333333333333
1000 61.916666666666664
0100 61.99999999999999
1000 62.166666666666664
0001 62.24999999999999
0100 62.33333333333333
0001 62.416666666666664
1000 62.49999999999999
0100 62.58333333333333
1000 62.666666666666664
0001 62.83333333333333
1000 62.916666666666664
0010 63.0
1000 63.166666666666664
0001 63.25
0010 63.33333333333333
0001 63.5
1000 63.58333333333333
0010 63.666666666666664
1000 63.75
0001 63.83333333333333
0010 63.916666666666664
0200 64.0
0310 64.33333333333333
0001 64.5
0200 64.66666666666667
0320 65.0
2030 65.33333333333333
3100 65.66666666666666
0010 65.83333333333333
2000 66.0
3020 66.33333333333333
0130 66.66666666666666
1000 66.83333333333333
0020 66.99999999999999
0230 67.33333333333333
0301 67.66666666666666
1000 67.83333333333333
0020 68.0
1000 68.33333333333333
0100 68.66666666666667
1030 69.0
0001 69.16666666666667
0011 69.33333333333333
0010 69.5
0100 69.66666666666666
1000 69.83333333333333
0010 70.0
0100 70.16666666666666
0002 70.33333333333333
2003 70.66666666666666
3100 70.99999999999999
0010 71.16666666666666
0001 71.33333333333333
0010 71.49999999999999
0100 71.66666666666666
1000 71.83333333333333
2020 72.0
3030 73.0
2002 73.33333333333333
3000 73.66666666666666
1003 74.0
0100 74.08333333333333
1000 74.16666666666666
0100 74.25
1000 74.33333333333333
0100 74.41666666666666
1000 74.5
0100 74.58333333333333
0010 74.66666666666666
0100 74.83333333333333
0001 74.99999999999999
0100 75.16666666666666
2000 75.33333333333333
3010 75.66666666666666
0100 75.83333333333333
1000 76.0
0100 76.16666666666667
0001 76.33333333333333
0010 76.5
0100 76.66666666666667
1000 76.83333333333333
0001 76.91666666666667
0100 77.0
0010 77.08333333333333
1000 77.16666666666667
0001 77.33333333333333
1000 77.5
0010 77.66666666666666
0100 77.83333333333333
0001 77.91666666666666
1000 78.0
0100 78.16666666666666
0010 78.33333333333333
0010 78.5
0001 78.66666666666666
1000 78.83333333333333
0010 78.99999999999999
1000 79.16666666666666
0001 79.24999999999999
0010 79.33333333333333
0100 79.49999999999999
1000 79.66666666666666
1000 79.83333333333333
0001 80.0
0100 80.16666666666667
0010 80.33333333333333
0100 80.5
0001 80.58333333333333
1000 80.66666666666667
0100 80.83333333333333
0010 81.0
0010 81.16666666666667
0100 81.33333333333333
1000 81.5
0001 81.66666666666666
0100 81.83333333333333
0010 81.91666666666666
1000 82.0
0001 82.16666666666666
0101 82.33333333333333
1010 82.66666666666666
1000 82.83333333333333
0001 82.99999999999999
0010 83.16666666666666
0001 83.24999999999999
0100 83.33333333333333
0010 83.49999999999999
1000 83.66666666666666
0001 83.74999999999999
1000 83.83333333333333
0001 84.0
0100 84.16666666666667
0001 84.33333333333333
0010 84.5
0100 84.58333333333333
1000 84.66666666666667
0100 84.83333333333333
0010 85.0
0001 85.08333333333333
0010 85.16666666666667
0001 85.25
1000 85.33333333333333
0010 85.5
0001 85.66666666666666
0010 85.83333333333333
1000 86.0
0001 86.16666666666666
1000 86.33333333333333
0100 86.5
0001 86.66666666666666
0100 86.83333333333333
0010 86.99999999999999
0001 87.16666666666666
0100 87.33333333333333
0010 87.41666666666666
1000 87.49999999999999
0001 87.66666666666666
0010 87.74999999999999
0100 87.83333333333333
1000 88.0
0001 88.16666666666667
0100 88.33333333333333
0010 88.5
1000 88.58333333333333
0001 88.66666666666667
0010 88.83333333333333
0100 89.0
0100 89.16666666666667
0010 89.33333333333333
0001 89.5
0100 89.66666666666666
0010 89.83333333333333
1000 89.91666666666666
0100 90.0
0010 90.16666666666666
0100 90.33333333333333
0100 90.5
1000 90.66666666666666
0001 90.83333333333333
0100 90.99999999999999
0001 91.16666666666666
0010 91.24999999999999
0100 91.33333333333333
0010 91.49999999999999
0001 91.66666666666666
0001 91.83333333333333
1000 92.0
0010 92.16666666666667
0100 92.33333333333333
0001 92.5
1000 92.58333333333333
0100 92.66666666666667
0010 92.83333333333333
0100 93.0
1000 93.16666666666667
0002 93.33333333333333
0103 93.66666666666666
0020 93.83333333333333
1030 94.16666666666666
0001 94.33333333333333
0020 94.5
0031 94.83333333333333
1000 94.99999999999999
0010 95.16666666666666
1000 95.33333333333333
0001 95.41666666666666
1000 95.49999999999999
0001 95.58333333333333
1000 95.66666666666666
0001 95.74999999999999
1000 95.83333333333333
0001 95.91666666666666
0100 96.0
0010 96.08333333333333
1000 96.16666666666667
0100 96.33333333333333
1000 96.5
0001 96.58333333333333
0100 96.66666666666667
0010 96.83333333333333
0002 97.0
0023 97.16666666666667
1030 97.33333333333333
0100 97.41666666666666
0010 97.5
0100 97.66666666666666
0010 97.83333333333333
0001 97.91666666666666
1000 98.0
0010 98.16666666666666
0002 98.33333333333333
0013 98.5
0100 98.66666666666666
0010 98.74999999999999
1000 98.83333333333333
0001 98.99999999999999
0010 99.16666666666666
0100 99.24999999999999
1000 99.33333333333333
0100 99.49999999999999
0002 99.66666666666666
0203 99.83333333333333
0310 100.0
0001 100.08333333333333
0100 100.16666666666667
0010 100.33333333333333
0100 100.5
0001 100.58333333333333
0010 100.66666666666667
0100 100.83333333333333
0002 101.0
0103 101.16666666666667
0010 101.33333333333333
0100 101.41666666666666
1000 101.5
0010 101.66666666666666
0100 101.83333333333333
0010 101.91666666666666
1000 102.0
0100 102.16666666666666
0002 102.33333333333333
0203 102.5
0310 102.66666666666666
0001 102.74999999999999
1000 102.83333333333333
0010 102.99999999999999
1000 103.16666666666666
0010 103.24999999999999
0100 103.33333333333333
0010 103.49999999999999
0002 103.66666666666666
0013 103.83333333333333
1000 104.0
0100 104.08333333333333
0010 104.16666666666667
0100 104.33333333333333
0010 104.5
0001 104.58333333333333
0100 104.66666666666667
0010 104.83333333333333
0002 105.0
0023 105.16666666666667
1030 105.33333333333333
0001 105.86666666666666
0011 106.04444444444444
0001 106.39999999999999
0010 106.48888888888888
0001 106.57777777777777
2000 106.66666666666666
3000 109.33333333333333
