TITLE Little Star
BPM   183.0
NOTES
0001 6.557377049180327
0010 6.721311475409835
0100 6.803278688524589
0010 6.885245901639344
0001 7.049180327868852
1000 7.21311475409836
0010 7.295081967213114
0100 7.377049180327868
0001 7.5409836065573765
1000 7.7049180327868845
0001 7.868852459016393
0010 8.032786885245901
0100 8.114754098360656
1000 8.19672131147541
0001 8.360655737704917
0100 8.442622950819672
0010 8.524590163934427
0100 8.688524590163935
0001 8.852459016393443
1000 9.01639344262295
0100 9.180327868852459
1000 9.262295081967213
0001 9.344262295081966
1000 9.426229508196721
0001 9.508196721311474
0010 9.59016393442623
0100 9.672131147540982
1000 9.754098360655737
0100 9.836065573770492
1000 9.918032786885245
0001 10.0
1000 10.081967213114753
0001 10.163934426229508
0010 10.245901639344261
0100 10.327868852459016
0010 10.40983606557377
0001 10.491803278688524
0101 10.737704918032787
1010 10.983606557377048
1001 11.147540983606557
0001 11.475409836065573
0010 11.557377049180328
0001 11.639344262295081
1000 11.721311475409836
0002 11.803278688524589
0023 12.295081967213113
0230 12.786885245901638
1300 13.114754098360654
1000 13.360655737704917
1000 13.606557377049178
0001 13.770491803278688
0100 13.934426229508196
0001 14.098360655737704
1000 14.262295081967212
0200 14.42622950819672
0320 14.918032786885243
0031 15.409836065573769
1000 15.573770491803277
0010 15.737704918032787
0010 15.901639344262295
0010 16.065573770491802
1000 16.39344262295082
0001 16.557377049180328
0100 16.612021857923498
0001 16.666666666666668
0100 16.721311475409834
0010 16.885245901639344
2000 17.04918032786885
3200 17.540983606557376
0320 18.032786885245898
0130 18.360655737704917
0100 18.606557377049178
0100 18.852459016393443
1000 19.01639344262295
0001 19.18032786885246
0100 19.344262295081965
0001 19.508196721311474
0200 19.67213114754098
0320 20.163934426229506
1030 20.655737704918028
0001 20.819672131147538
1001 20.983606557377048
1100 21.22950819672131
0101 21.475409836065573
0001 21.967213114754095
0010 22.131147540983605
0100 22.295081967213115
0010 22.459016393442624
0001 22.62295081967213
1000 22.78688524590164
0010 22.950819672131146
0100 23.114754098360656
0001 23.278688524590162
1000 23.442622950819672
0001 23.606557377049178
0010 23.770491803278688
0100 23.934426229508194
1000 24.098360655737704
0100 24.26229508196721
0010 24.42622950819672
0100 24.590163934426226
1000 24.754098360655735
0001 24.918032786885245
0100 25.081967213114755
0010 25.24590163934426
0100 25.40983606557377
0001 25.573770491803277
1000 25.737704918032787
0001 25.901639344262293
0010 26.065573770491802
0001 26.22950819672131
1000 26.39344262295082
0001 26.557377049180324
0001 26.721311475409834
0100 26.88524590163934
0010 27.04918032786885
1000 27.213114754098356
0001 27.29508196721311
0010 27.377049180327866
0100 27.45901639344262
1000 27.540983606557376
0001 27.704918032786885
0100 27.86885245901639
0010 28.0327868852459
0100 28.196721311475407
0001 28.360655737704917
1000 28.524590163934423
0100 28.688524590163933
1000 28.85245901639344
0001 28.934426229508194
1000 29.01639344262295
0010 29.0983606557377
0100 29.180327868852455
0001 29.26229508196721
0100 29.344262295081965
0010 29.42622950819672
1000 29.50819672131147
0001 29.590163934426226
0100 29.67213114754098
0001 29.754098360655735
1000 29.836065573770487
0010 29.91803278688524
0100 29.999999999999996
0001 30.08196721311475
1000 30.163934426229506
1010 30.409836065573767
0101 30.65573770491803
0001 30.819672131147538
1000 30.901639344262293
0001 30.983606557377048
1000 31.065573770491802
0001 31.147540983606554
1000 31.22950819672131
0001 31.311475409836063
1001 31.475409836065573
0101 31.721311475409834
1100 31.9672131147541
1000 32.131147540983605
0100 32.21311475409836
1000 32.295081967213115
0100 32.377049180327866
0010 32.459016393442624
0001 32.540983606557376
1000 32.62295081967213
1001 32.78688524590164
0101 33.0327868852459
1100 33.27868852459016
1000 33.44262295081967
0001 33.60655737704918
1000 33.77049180327869
0001 33.93442622950819
0200 34.0983606557377
0010 34.34426229508196
0320 34.59016393442622
1000 34.83606557377049
1030 35.08196721311475
0001 35.245901639344254
1000 35.40983606557377
0100 35.49180327868852
0010 35.57377049180328
0001 35.65573770491803
1000 35.73770491803279
0100 35.81967213114754
0010 35.90163934426229
0001 35.98360655737705
1000 36.0655737704918
0100 36.14754098360656
0010 36.22950819672131
0001 36.31147540983606
1000 36.39344262295082
0100 36.47540983606557
0010 36.55737704918033
0001 36.63934426229508
1000 36.721311475409834
0001 38.0327868852459
0100 38.11475409836065
0010 38.19672131147541
0100 38.27868852459016
0001 38.36065573770492
1000 38.44262295081967
0010 38.52459016393442
0100 38.60655737704918
0001 38.68852459016393
1000 38.77049180327869
0001 38.85245901639344
1000 38.93442622950819
0010 39.01639344262295
1000 39.0983606557377
0001 39.18032786885246
1000 39.26229508196721
0001 39.34426229508196
0010 39.42622950819671
0100 39.50819672131147
0010 39.59016393442622
0001 39.67213114754098
1000 39.75409836065573
0100 39.83606557377048
1000 39.91803278688524
0001 39.99999999999999
0010 40.08196721311475
0001 40.1639344262295
0010 40.245901639344254
0100 40.32786885245901
1000 40.409836065573764
0100 40.49180327868852
1000 40.57377049180327
0001 40.65573770491803
0100 40.73770491803278
0010 40.81967213114754
0100 40.90163934426229
0001 40.98360655737705
1000 41.0655737704918
0010 41.147540983606554
1000 41.22950819672131
0001 41.31147540983606
0100 41.39344262295082
0001 41.47540983606557
1000 41.557377049180324
0001 41.63934426229508
0100 41.721311475409834
0010 41.803278688524586
0100 41.885245901639344
0001 41.967213114754095
1000 42.04918032786885
0100 42.131147540983605
0010 42.213114754098356
0100 42.295081967213115
0010 42.377049180327866
0100 42.45901639344262
1000 42.540983606557376
0001 42.62295081967213
0010 42.704918032786885
0100 42.78688524590164
1000 42.86885245901639
0001 42.950819672131146
1000 43.0327868852459
0001 43.11475409836065
0010 43.19672131147541
0001 43.27868852459016
1000 43.36065573770491
0010 43.44262295081967
0100 43.52459016393442
0001 43.60655737704918
0100 43.68852459016393
0010 43.77049180327868
1000 43.85245901639344
0001 43.93442622950819
1000 44.01639344262295
0001 44.0983606557377
0100 44.18032786885245
0010 44.26229508196721
1000 44.34426229508196
0010 44.42622950819671
1000 44.50819672131147
0001 44.59016393442623
0010 44.67213114754098
0001 44.75409836065574
1000 44.83606557377049
0100 44.91803278688525
0010 45.0
0001 45.08196721311475
1000 45.16393442622951
0100 45.24590163934426
1000 45.32786885245902
0100 45.40983606557377
0010 45.49180327868852
0001 45.57377049180328
1000 45.65573770491803
0001 45.73770491803279
1000 45.81967213114754
0001 45.90163934426229
0010 46.22950819672131
0100 46.393442622950815
1100 46.721311475409834
1001 47.049180327868854
0101 47.377049180327866
1010 47.70491803278688
1000 48.52459016393442
0010 48.60655737704917
1000 48.68852459016393
0001 48.77049180327868
0100 48.85245901639344
0010 48.93442622950819
1000 49.01639344262294
0001 49.0983606557377
0100 49.18032786885245
0001 49.26229508196721
1000 49.34426229508196
0010 49.42622950819671
0100 49.50819672131147
0001 49.59016393442622
0100 49.67213114754098
0010 49.75409836065573
1000 49.83606557377049
0001 49.91803278688524
0010 50.0
0100 50.08196721311475
0010 50.16393442622951
0001 50.24590163934426
1000 50.32786885245901
0100 50.40983606557377
0010 50.49180327868852
0100 50.57377049180328
0010 50.65573770491803
0001 50.73770491803278
1000 50.81967213114754
0100 50.90163934426229
1000 50.983606557377044
0100 51.0655737704918
1000 51.147540983606554
0001 51.229508196721305
0100 51.31147540983606
0001 51.393442622950815
0100 51.47540983606557
0010 51.557377049180324
0100 51.639344262295076
0001 51.721311475409834
1000 51.803278688524586
0010 51.885245901639344
1000 51.967213114754095
0001 52.04918032786885
0100 52.131147540983605
0010 52.213114754098356
1000 52.29508196721311
0010 52.377049180327866
1000 52.45901639344262
0001 52.54098360655737
0010 52.62295081967213
0100 52.70491803278688
1000 52.78688524590164
0100 52.86885245901639
0010 52.95081967213114
0100 53.0327868852459
1000 53.11475409836065
0001 53.19672131147541
0010 53.27868852459016
0100 53.36065573770491
1000 53.44262295081967
0001 53.52459016393442
0010 53.60655737704917
0001 53.68852459016393
1000 53.77049180327869
1000 53.9344262295082
0001 54.26229508196721
0001 54.42622950819672
0010 54.75409836065574
0010 54.91803278688525
0100 55.24590163934426
0100 55.40983606557377
1000 55.57377049180327
0001 55.73770491803278
0100 55.81967213114754
0001 55.90163934426229
1000 55.983606557377044
0100 56.0655737704918
1000 56.147540983606554
0200 56.22950819672131
0300 56.721311475409834
2000 57.377049180327866
3001 57.70491803278688
0100 57.78688524590163
0010 57.86885245901639
1000 57.95081967213114
0001 58.0327868852459
0100 58.11475409836065
0010 58.1967213114754
1000 58.27868852459016
0001 58.36065573770491
0100 58.44262295081967
0010 58.52459016393442
1000 58.60655737704917
0001 58.68852459016393
0100 58.77049180327868
0010 58.85245901639344
1000 58.93442622950819
0001 59.01639344262295
0010 59.0983606557377
0100 59.18032786885246
0010 59.26229508196721
0100 59.34426229508197
0010 59.42622950819672
0100 59.50819672131147
0010 59.59016393442623
0200 59.67213114754098
0320 60.0
0031 60.32786885245901
0010 60.57377049180327
0100 60.819672131147534
1000 61.147540983606554
0001 61.31147540983606
0100 61.475409836065566
0010 61.639344262295076
1000 61.88524590163934
0001 62.1311475409836
0010 62.45901639344262
0100 62.62295081967213
1000 62.78688524590163
0001 62.950819672131146
0100 63.19672131147541
0001 63.44262295081967
1000 63.77049180327869
0100 63.9344262295082
0010 64.09836065573771
0001 64.26229508196721
1000 64.50819672131148
0001 64.75409836065573
0100 65.08196721311475
0010 65.24590163934425
1000 65.40983606557377
0001 65.57377049180327
0100 65.81967213114754
0001 66.0655737704918
1000 66.39344262295081
0100 66.55737704918032
0010 66.72131147540983
0100 66.88524590163934
1000 67.1311475409836
0001 67.37704918032786
0100 67.70491803278688
0010 67.86885245901638
0100 68.0327868852459
0001 68.1967213114754
1000 68.44262295081967
0100 68.68852459016392
1000 69.01639344262294
0001 69.18032786885244
0010 69.34426229508196
0001 69.39890710382512
0010 69.4535519125683
0001 69.50819672131146
0001 69.67213114754097
1000 69.99999999999999
1000 70.1639344262295
0100 70.49180327868851
0100 70.65573770491802
1000 70.71038251366119
0100 70.76502732240436
1000 70.81967213114754
0001 70.98360655737704
1000 71.14754098360656
0001 71.31147540983606
0010 71.63934426229508
0100 71.80327868852459
0010 71.9672131147541
0001 72.1311475409836
1000 72.29508196721311
0010 72.45901639344262
0100 72.62295081967213
0010 72.95081967213115
1000 73.11475409836065
0001 73.27868852459017
1001 73.44262295081967
1000 73.60655737704917
0010 73.77049180327869
1000 73.93442622950819
0001 74.26229508196721
0010 74.42622950819671
0100 74.59016393442623
1100 74.75409836065573
1000 74.91803278688523
1001 75.08196721311475
0001 75.24590163934425
1001 75.40983606557377
1000 75.57377049180327
1010 75.73770491803278
0010 75.90163934426229
1000 76.0655737704918
0100 76.2295081967213
0010 76.39344262295081
0001 76.55737704918032
0100 76.72131147540983
0010 76.88524590163934
1000 77.04918032786884
0001 77.21311475409836
0010 77.37704918032786
0001 77.54098360655736
0100 77.70491803278688
0001 77.86885245901638
1000 78.0327868852459
0100 78.1967213114754
0010 78.3606557377049
0001 78.52459016393442
1000 78.68852459016392
0010 78.77049180327867
0100 78.85245901639342
0010 78.93442622950819
1000 79.01639344262294
0010 79.0983606557377
0100 79.18032786885244
0010 79.2622950819672
0100 79.34426229508196
0001 79.42622950819671
1000 79.50819672131146
0001 79.59016393442622
0100 79.67213114754097
0010 79.75409836065573
1000 79.83606557377048
0010 79.91803278688523
1000 80.0
0001 80.08196721311475
0010 80.1639344262295
0001 80.24590163934427
1000 80.32786885245902
0100 80.40983606557377
0010 80.49180327868852
0001 80.57377049180327
0010 80.65573770491804
0001 80.73770491803279
1000 80.81967213114754
0100 80.90163934426229
1000 80.98360655737704
0100 81.06557377049181
0010 81.14754098360656
0001 81.22950819672131
1000 81.31147540983606
0001 82.62295081967213
0100 82.70491803278688
0010 82.78688524590163
0100 82.8688524590164
0010 82.95081967213115
1000 83.0327868852459
0001 83.11475409836065
0100 83.1967213114754
0001 83.27868852459017
0100 83.36065573770492
0010 83.44262295081967
1000 83.52459016393442
0001 83.60655737704917
0100 83.68852459016394
0001 83.77049180327869
0100 83.85245901639344
0001 83.93442622950819
1000 84.01639344262294
0100 84.0983606557377
0010 84.18032786885246
0100 84.26229508196721
1000 84.34426229508196
0001 84.42622950819671
0010 84.50819672131146
0100 84.59016393442623
1000 84.67213114754098
0001 84.75409836065573
0010 84.83606557377048
0001 84.91803278688523
0010 85.0
0001 85.08196721311475
1000 85.1639344262295
0001 85.24590163934425
1000 85.327868852459
0010 85.40983606557376
0100 85.49180327868852
0010 85.57377049180327
1000 85.65573770491802
0001 85.73770491803278
1000 85.81967213114753
0010 85.90163934426229
0100 85.98360655737704
0001 86.0655737704918
1000 86.14754098360655
0010 86.2295081967213
0100 86.31147540983606
0010 86.39344262295081
1000 86.47540983606557
0001 86.55737704918032
0010 86.63934426229507
0100 86.72131147540982
0010 86.80327868852459
0001 86.88524590163934
1000 86.96721311475409
0100 87.04918032786884
0010 87.13114754098359
0001 87.21311475409836
0010 87.29508196721311
0100 87.37704918032786
1000 87.45901639344261
0001 87.54098360655736
0010 87.62295081967213
0100 87.70491803278688
0010 87.78688524590163
0001 87.86885245901638
1000 87.95081967213113
0010 88.03278688524588
0100 88.11475409836065
0010 88.1967213114754
1000 88.27868852459015
0001 88.3606557377049
0100 88.44262295081965
0001 88.52459016393442
1000 88.60655737704917
0010 88.68852459016392
0100 88.77049180327867
0010 88.85245901639342
1000 88.93442622950819
0001 89.01639344262294
0100 89.0983606557377
0001 89.18032786885246
1000 89.26229508196721
0100 89.34426229508196
0010 89.42622950819673
0100 89.50819672131148
1000 89.59016393442623
0001 89.67213114754098
0010 89.75409836065573
0001 89.8360655737705
1000 89.91803278688525
0001 90.0
0010 90.08196721311475
0001 90.1639344262295
0010 90.24590163934427
0100 90.32786885245902
1000 90.40983606557377
0001 90.49180327868852
0100 90.81967213114754
0100 90.98360655737704
1010 91.31147540983606
0011 91.63934426229508
0101 91.96721311475409
1001 92.29508196721311
2000 93.11475409836065
3010 93.27868852459015
0100 93.36065573770492
0001 93.44262295081967
0100 93.52459016393442
0001 93.60655737704917
0100 93.68852459016392
0010 93.77049180327869
1000 93.85245901639344
0010 93.93442622950819
1000 94.01639344262294
0001 94.0983606557377
0100 94.18032786885246
0010 94.26229508196721
0100 94.34426229508196
0001 94.42622950819671
1000 94.50819672131146
0001 94.59016393442622
0010 94.67213114754098
0100 94.75409836065573
1000 94.83606557377048
0100 94.91803278688523
0010 94.99999999999999
0100 95.08196721311475
1000 95.1639344262295
0001 95.24590163934425
0010 95.327868852459
0001 95.40983606557376
0010 95.49180327868852
0001 95.57377049180327
1000 95.65573770491802
0001 95.73770491803278
0100 95.81967213114753
0010 95.90163934426228
0100 95.98360655737704
0001 96.0655737704918
1000 96.14754098360655
0010 96.2295081967213
1000 96.31147540983605
0010 96.39344262295081
0100 96.47540983606557
0001 96.55737704918032
0100 96.63934426229507
0010 96.72131147540982
0100 96.80327868852459
0001 96.88524590163934
1000 96.96721311475409
0001 97.04918032786884
0010 97.13114754098359
0100 97.21311475409834
0010 97.29508196721311
0001 97.37704918032786
1000 97.45901639344261
0100 97.54098360655736
0010 97.62295081967211
0100 97.70491803278688
1000 97.78688524590163
0001 97.86885245901638
1000 97.95081967213113
0001 98.03278688524588
0010 98.11475409836065
0100 98.1967213114754
1000 98.27868852459015
0001 98.36065573770492
0001 98.52459016393442
0100 98.85245901639344
0100 99.01639344262296
0001 99.34426229508196
0001 99.50819672131148
1000 99.83606557377048
1000 100.0
0100 100.1639344262295
0010 100.32786885245902
0001 100.40983606557377
0010 100.49180327868852
0100 100.57377049180327
1000 100.65573770491802
0001 100.73770491803279
0200 100.81967213114754
0300 101.31147540983606
0002 101.96721311475409
1003 102.29508196721311
0100 102.37704918032786
0010 102.45901639344261
0001 102.54098360655738
0010 102.62295081967213
0100 102.70491803278688
1000 102.78688524590163
0001 102.86885245901638
0010 102.95081967213115
0100 103.0327868852459
1000 103.11475409836065
0100 103.1967213114754
0010 103.27868852459015
0001 103.36065573770492
1000 103.44262295081967
0001 103.52459016393442
1000 103.60655737704917
0010 103.68852459016392
0100 103.77049180327867
0010 103.85245901639344
0100 103.93442622950819
0010 104.01639344262294
0100 104.0983606557377
0010 104.18032786885244
0200 104.26229508196721
0320 104.59016393442622
0030 104.89754098360655
1001 104.91803278688523
0001 105.08196721311474
1000 105.40983606557376
0100 105.49180327868851
0010 105.57377049180327
0001 105.81967213114753
1000 106.0655737704918
0010 106.2295081967213
0100 106.31147540983605
0001 106.3934426229508
1000 106.55737704918032
0010 106.72131147540982
1000 107.04918032786884
0100 107.21311475409834
0010 107.37704918032786
0011 107.54098360655738
1010 107.78688524590164
1100 108.0327868852459
0011 108.19672131147541
0101 108.44262295081967
1100 108.68852459016394
0011 108.85245901639344
0110 109.09836065573771
1100 109.34426229508196
1001 109.50819672131148
1000 109.83606557377048
0100 109.91803278688525
0010 110.0
0001 110.08196721311475
1000 110.1639344262295
0010 110.327868852459
1000 110.49180327868852
0001 110.65573770491802
0010 110.81967213114754
0001 110.98360655737704
1000 111.14754098360655
0100 111.31147540983606
0010 111.47540983606557
0001 111.63934426229507
0100 111.80327868852459
0010 111.96721311475409
1000 112.1311475409836
0001 112.29508196721311
0100 112.45901639344261
0001 112.62295081967213
1000 112.78688524590163
0010 112.86885245901638
0100 112.95081967213113
0001 113.0327868852459
0100 113.11475409836065
0001 113.1967213114754
1000 113.27868852459015
0100 113.3606557377049
0010 113.44262295081967
0001 113.52459016393442
0010 113.60655737704917
0001 113.68852459016392
1000 113.77049180327867
0010 113.85245901639344
0100 113.93442622950819
0001 114.01639344262294
1000 114.0983606557377
1100 114.34426229508196
0011 114.59016393442622
0202 114.75409836065573
0303 115.40983606557376
