TITLE Little Kandi Raver
BPM   175.0
NOTES
1000 2.742857142857143
0001 2.914285714285714
0100 3.085714285714286
0001 3.257142857142857
2000 3.428571428571429
3100 3.7714285714285714
0020 3.942857142857143
0031 4.285714285714286
1000 4.457142857142856
0001 4.628571428571428
0100 4.8
0010 4.971428571428571
1000 5.142857142857142
0001 5.314285714285714
1000 5.485714285714286
0100 5.6571428571428575
0010 5.828571428571428
0100 6.0
0001 6.171428571428572
0100 6.3428571428571425
0010 6.514285714285714
0200 6.685714285714286
1300 7.028571428571429
0001 7.2
1000 7.371428571428572
0010 7.542857142857144
1000 7.885714285714286
0001 8.057142857142857
0100 8.228571428571428
0010 8.399999999999999
1000 8.571428571428571
0001 8.742857142857142
2000 8.914285714285713
3100 9.257142857142856
0020 9.428571428571427
0031 9.77142857142857
1000 9.942857142857143
0001 10.114285714285714
0100 10.285714285714285
0001 10.799999999999999
0100 10.971428571428572
0001 11.142857142857142
1000 11.314285714285715
0100 11.485714285714286
0010 11.657142857142857
0001 11.82857142857143
0010 12.0
0002 12.17142857142857
1003 12.514285714285714
0010 12.685714285714287
0100 12.857142857142858
0002 13.028571428571428
0003 13.542857142857143
1001 13.714285714285715
0001 13.885714285714286
0200 14.057142857142859
0310 14.4
2000 14.571428571428573
3002 14.914285714285715
0103 15.257142857142856
0010 15.428571428571429
1000 15.6
0100 15.77142857142857
0010 15.942857142857143
0001 16.114285714285714
1000 16.285714285714285
0001 16.457142857142856
0100 16.628571428571426
0010 16.799999999999997
0100 16.971428571428568
1000 17.142857142857142
0100 17.314285714285713
0010 17.485714285714284
0200 17.657142857142855
0301 18.0
1000 18.17142857142857
0001 18.34285714285714
1000 18.514285714285716
0001 18.857142857142858
1000 19.02857142857143
0100 19.2
0010 19.37142857142857
0002 19.54285714285714
0103 19.885714285714286
0020 20.057142857142857
2030 20.4
3001 20.742857142857144
0010 20.914285714285715
0100 21.08571428571429
2000 21.25714285714286
3000 21.6
1001 21.942857142857143
0001 22.114285714285714
0100 22.285714285714285
0001 22.457142857142856
1000 22.62857142857143
0010 22.97142857142857
0200 23.142857142857142
0301 23.485714285714284
1000 23.657142857142855
0001 23.82857142857143
0020 24.0
0030 24.514285714285712
1001 24.685714285714287
1000 24.857142857142858
0001 25.02857142857143
0010 25.200000000000003
0100 25.371428571428574
1000 25.542857142857144
0001 25.714285714285715
1000 25.885714285714286
1100 26.057142857142857
0100 26.228571428571428
0010 26.4
0001 26.57142857142857
0100 26.742857142857144
0001 26.914285714285715
0010 27.085714285714285
0100 27.257142857142856
1100 27.42857142857143
1000 27.6
0001 27.771428571428572
0010 27.942857142857143
0001 28.114285714285717
0100 28.28571428571429
0001 28.45714285714286
0100 28.62857142857143
0101 28.8
0001 28.97142857142857
0010 29.142857142857142
0100 29.314285714285717
1000 29.485714285714288
0100 29.65714285714286
0010 29.82857142857143
0100 30.0
0110 30.17142857142857
0010 30.34285714285714
0001 30.514285714285712
0100 30.685714285714283
0010 30.857142857142858
0100 31.02857142857143
0001 31.2
1000 31.37142857142857
1010 31.542857142857144
0010 31.714285714285715
0100 31.885714285714286
0001 32.05714285714286
1000 32.22857142857143
0001 32.4
1000 32.57142857142857
0001 32.74285714285715
0011 32.91428571428571
0010 33.08571428571428
0001 33.25714285714285
1000 33.42857142857142
0002 33.599999999999994
0103 33.771428571428565
0010 33.857142857142854
0100 33.942857142857136
0010 34.028571428571425
0100 34.114285714285714
0010 34.199999999999996
1000 34.285714285714285
0100 34.371428571428574
1000 34.457142857142856
0100 34.542857142857144
1000 34.628571428571426
0100 34.714285714285715
1000 34.8
0100 34.885714285714286
0010 34.97142857142857
0001 35.05714285714286
0010 35.14285714285714
0001 35.22857142857143
0010 35.31428571428572
0001 35.4
0010 35.48571428571429
0001 35.57142857142857
1000 35.65714285714286
0001 35.82857142857143
1000 36.0
0010 36.17142857142857
0100 36.34285714285714
0001 36.51428571428571
0100 36.68571428571428
0010 36.85714285714286
1010 37.02857142857143
1000 37.2
0001 37.371428571428574
0010 37.542857142857144
0100 37.714285714285715
1000 37.885714285714286
0100 38.057142857142864
0010 38.228571428571435
0011 38.4
0001 38.57142857142857
1000 38.74285714285714
0001 38.91428571428571
0010 39.08571428571428
0100 39.25714285714285
0010 39.42857142857143
0001 39.6
1001 39.77142857142857
1000 39.94285714285714
0001 40.114285714285714
0100 40.285714285714285
0010 40.457142857142856
0100 40.628571428571426
0001 40.8
0010 40.971428571428575
0110 41.142857142857146
0100 41.31428571428572
1000 41.48571428571429
0001 41.65714285714286
0100 41.82857142857143
0001 42.0
0010 42.17142857142858
0001 42.34285714285715
0011 42.51428571428571
0010 42.68571428571428
0100 42.857142857142854
1000 43.028571428571425
0001 43.199999999999996
1000 43.37142857142857
0001 43.542857142857144
0100 43.714285714285715
0110 43.885714285714286
0010 44.05714285714286
1000 44.22857142857143
0001 44.4
2000 44.57142857142857
3001 44.74285714285714
0100 44.82857142857143
0001 44.91428571428571
0100 45.0
0001 45.08571428571429
0100 45.17142857142857
0010 45.25714285714286
1000 45.34285714285715
0010 45.42857142857143
1000 45.51428571428572
0010 45.6
1000 45.68571428571429
0010 45.77142857142857
1000 45.85714285714286
0001 45.94285714285714
1000 46.02857142857143
0001 46.114285714285714
1000 46.2
0001 46.28571428571429
1000 46.371428571428574
0001 46.45714285714286
1000 46.542857142857144
0001 46.628571428571426
0010 46.8
0010 47.14285714285714
0010 47.48571428571428
0010 47.82857142857143
0100 48.17142857142857
0100 48.51428571428571
0100 48.857142857142854
1000 49.2
0001 49.542857142857144
0001 49.885714285714286
0001 50.22857142857143
0001 50.57142857142858
0100 50.91428571428571
0100 51.25714285714285
0100 51.599999999999994
0010 51.94285714285714
1000 52.285714285714285
1000 52.628571428571426
1000 52.97142857142857
1000 53.31428571428572
0100 53.65714285714286
0100 54.0
0100 54.34285714285714
1000 54.68571428571429
0001 55.02857142857143
0001 55.371428571428574
0001 55.714285714285715
0001 56.057142857142864
1000 56.4
1000 56.74285714285714
1000 57.08571428571428
0001 57.25714285714285
1000 57.42857142857143
1001 57.6
1000 60.34285714285714
0001 60.42857142857143
1000 60.51428571428571
0001 60.6
0010 61.028571428571425
0001 61.114285714285714
0010 61.199999999999996
0001 61.285714285714285
1000 61.714285714285715
0100 61.800000000000004
1000 61.885714285714286
0100 61.971428571428575
0010 62.4
0100 62.48571428571429
0010 62.57142857142857
0100 62.65714285714286
1000 63.08571428571429
0001 63.17142857142858
0010 63.25714285714286
0001 63.34285714285715
0100 63.77142857142857
0010 63.85714285714286
0100 63.94285714285714
0001 64.02857142857142
1000 64.45714285714286
0001 64.54285714285714
1000 64.62857142857143
0010 64.71428571428571
0100 65.14285714285714
0010 65.22857142857143
1000 65.31428571428572
0010 65.39999999999999
0100 65.82857142857142
0010 65.91428571428571
1000 66.0
0100 66.08571428571427
0010 66.5142857142857
0001 66.6
0010 66.68571428571428
0100 66.77142857142856
1000 67.2
0100 67.28571428571429
0010 67.37142857142858
0001 67.45714285714286
1000 67.88571428571429
0010 67.97142857142858
0100 68.05714285714286
0001 68.14285714285714
1001 68.57142857142857
1000 74.05714285714286
0100 74.22857142857144
0010 74.4
0001 74.57142857142858
0020 74.74285714285715
0031 75.08571428571429
0200 75.25714285714287
0301 75.60000000000001
1000 75.77142857142857
0100 75.94285714285715
0010 76.11428571428571
0001 76.28571428571429
0010 76.45714285714286
0001 76.62857142857143
1000 76.8
0010 76.97142857142858
0100 77.14285714285714
0010 77.31428571428572
0001 77.48571428571428
0010 77.65714285714286
0100 77.82857142857142
0020 78.0
1030 78.34285714285716
0001 78.51428571428572
0010 78.6857142857143
0100 78.85714285714286
1000 79.2
0100 79.37142857142858
1000 79.54285714285714
0001 79.71428571428572
0100 79.88571428571429
0001 80.05714285714286
0200 80.22857142857143
0301 80.57142857142857
0020 80.74285714285715
0130 81.08571428571429
1000 81.25714285714285
0010 81.42857142857143
1000 81.6
0100 82.11428571428571
0010 82.28571428571429
0001 82.45714285714287
1000 82.62857142857143
0010 82.80000000000001
1000 82.97142857142858
0001 83.14285714285715
1000 83.31428571428572
0200 83.4857142857143
0310 83.82857142857144
0001 84.0
0100 84.17142857142858
0020 84.34285714285714
0030 84.85714285714286
1001 85.02857142857142
1010 85.37142857142857
0101 85.71428571428571
0011 86.05714285714285
1100 86.4
1001 86.74285714285715
0110 87.08571428571429
1001 87.42857142857143
0001 87.60000000000001
1000 87.77142857142857
0010 87.94285714285715
0100 88.11428571428571
0001 88.28571428571429
0010 88.45714285714286
0100 88.62857142857143
1000 88.8
0100 88.97142857142858
0010 89.05714285714286
0001 89.14285714285714
1000 89.31428571428572
0001 89.48571428571428
1000 89.65714285714286
0010 89.82857142857142
0100 90.0
0001 90.08571428571427
1000 90.17142857142856
0010 90.34285714285714
1000 90.51428571428572
0010 90.60000000000001
1000 90.6857142857143
0010 90.77142857142857
0100 90.85714285714286
0001 90.94285714285715
0100 91.02857142857144
0001 91.11428571428571
1000 91.2
0001 91.28571428571429
1000 91.37142857142858
0001 91.45714285714286
0010 91.54285714285714
0100 91.62857142857143
0010 91.71428571428572
0100 91.80000000000001
1000 91.88571428571429
0001 91.97142857142858
1000 92.05714285714286
0001 92.14285714285714
0010 92.22857142857143
0001 92.31428571428572
0010 92.4
0001 92.48571428571428
1000 92.57142857142857
0100 92.65714285714286
1000 92.74285714285715
0100 92.82857142857142
1000 92.91428571428571
0001 93.0
1000 93.08571428571429
0001 93.17142857142858
1000 93.25714285714285
0010 93.42857142857143
0100 93.6
0001 93.77142857142857
1000 93.94285714285714
0001 94.28571428571428
0200 94.45714285714286
0301 94.80000000000001
1000 94.97142857142858
0010 95.14285714285715
1000 95.31428571428572
0001 95.4
1000 95.4857142857143
0001 95.57142857142857
1000 95.65714285714286
0001 95.74285714285715
1000 95.82857142857144
0001 95.91428571428573
1000 96.0
0110 96.34285714285714
1000 96.68571428571428
0001 96.85714285714286
1001 97.2
1000 97.54285714285714
0100 97.71428571428571
0110 98.05714285714285
0011 98.39999999999999
1100 98.74285714285715
1001 99.08571428571429
0001 99.42857142857143
0100 99.60000000000001
0110 99.94285714285715
0010 100.28571428571429
0100 100.45714285714286
0101 100.8
1001 101.14285714285714
1010 101.48571428571428
0110 101.82857142857142
0100 102.17142857142856
0001 102.34285714285714
1001 102.68571428571428
1000 103.02857142857144
0100 103.2
1100 103.54285714285714
1001 103.88571428571429
0110 104.22857142857143
1001 104.57142857142857
1000 104.91428571428571
0010 105.08571428571429
0110 105.42857142857143
0100 105.77142857142857
0010 105.94285714285714
1010 106.28571428571428
1001 106.62857142857142
2000 106.97142857142858
3001 107.14285714285715
0200 107.31428571428572
0301 107.4857142857143
2000 107.65714285714286
3200 107.82857142857144
0310 108.0
0002 108.17142857142858
0013 108.34285714285714
0200 108.51428571428572
2300 108.68571428571428
3001 108.85714285714286
0200 109.02857142857142
0301 109.2
0020 109.37142857142857
0031 109.54285714285714
2000 109.71428571428572
3100 109.8857142857143
2000 110.05714285714286
3010 110.22857142857144
2000 110.4
3002 110.57142857142858
0013 110.74285714285715
0200 110.91428571428573
1300 111.08571428571429
0200 111.25714285714287
0320 111.42857142857143
0031 111.60000000000001
0200 111.77142857142857
0301 111.94285714285715
2000 112.11428571428571
3010 112.28571428571429
0200 112.45714285714286
0301 112.62857142857143
2000 112.8
3010 112.97142857142858
2000 113.14285714285714
3200 113.31428571428572
0310 113.48571428571428
0002 113.65714285714286
1003 113.82857142857144
0020 114.00000000000001
0230 114.17142857142858
0301 114.34285714285716
2000 114.51428571428572
3001 114.6857142857143
0200 114.85714285714286
0301 115.02857142857144
2000 115.2
3100 115.37142857142858
0020 115.54285714285714
0031 115.71428571428572
2000 115.88571428571429
3002 116.05714285714286
0103 116.22857142857143
0002 116.4
0103 116.57142857142857
0002 116.74285714285715
2003 116.91428571428571
3000 117.08571428571429
0020 117.25714285714285
0030 117.42857142857143
0200 117.6
0300 117.77142857142857
0001 117.94285714285715
0100 118.11428571428573
0001 118.28571428571429
0010 118.45714285714287
0200 118.62857142857143
0310 118.97142857142858
0002 119.14285714285715
1003 119.4857142857143
0001 119.65714285714286
0010 119.82857142857144
0100 120.0
1000 120.17142857142858
0001 120.34285714285714
0100 120.51428571428572
0001 120.68571428571428
0100 120.85714285714286
0010 121.02857142857142
0100 121.2
1000 121.37142857142857
0100 121.54285714285714
0010 121.71428571428571
0200 121.88571428571429
0301 122.22857142857144
1000 122.4
0001 122.57142857142858
0010 122.74285714285715
0100 123.08571428571429
1000 123.25714285714287
0001 123.42857142857143
0100 123.60000000000001
0010 123.77142857142857
0100 123.94285714285715
0020 124.11428571428571
1030 124.45714285714286
0200 124.62857142857143
0310 124.97142857142858
0100 125.14285714285714
1000 125.31428571428572
0001 125.48571428571428
1000 126.0
0100 126.17142857142858
0010 126.34285714285716
0001 126.51428571428572
0100 126.6857142857143
0001 126.85714285714286
1000 127.02857142857144
0001 127.2
0020 127.37142857142858
0130 127.71428571428572
1000 127.88571428571429
0010 128.05714285714285
2000 128.22857142857143
3000 128.74285714285713
1001 128.9142857142857
1000 129.0857142857143
0200 129.25714285714287
0310 129.6
0200 129.77142857142857
2300 130.1142857142857
3001 130.45714285714286
0100 130.62857142857143
0001 130.79999999999998
0010 130.97142857142856
0001 131.14285714285714
1000 131.31428571428572
0001 131.48571428571427
1000 131.65714285714284
0100 131.82857142857142
0010 132.0
0100 132.17142857142855
0001 132.34285714285713
0100 132.5142857142857
0010 132.68571428571428
0200 132.85714285714283
1300 133.20000000000002
0001 133.3714285714286
0100 133.54285714285714
0010 133.71428571428572
1000 134.05714285714288
0001 134.22857142857143
1000 134.4
0001 134.57142857142858
0020 134.74285714285716
0130 135.0857142857143
2000 135.25714285714287
3020 135.6
0130 135.94285714285715
0001 136.11428571428573
1000 136.28571428571428
0200 136.45714285714286
0300 136.8
0010 137.14285714285714
0001 137.31428571428572
1000 137.4857142857143
0100 137.65714285714284
0010 137.82857142857142
0001 138.17142857142858
0200 138.34285714285713
0301 138.68571428571428
1000 138.85714285714286
0010 139.0285714285714
0200 139.2
0310 139.7142857142857
1001 139.8857142857143
