TITLE Little Busters!
BPM   151.0
NOTES
2000 9.536423841059602
3002 11.920529801324504
0023 13.509933774834437
0230 13.807947019867548
2300 14.105960264900661
3002 14.304635761589402
0203 16.09271523178808
0002 16.688741721854303
0303 19.072847682119203
2000 20.264900662251655
3001 20.662251655629138
0100 20.86092715231788
0010 21.05960264900662
0100 21.258278145695364
0001 21.357615894039736
1000 21.456953642384104
0100 21.655629139072847
0010 21.854304635761586
0100 22.05298013245033
1000 22.251655629139073
0001 22.450331125827816
0100 22.649006622516556
0010 22.8476821192053
1000 22.94701986754967
0010 23.04635761589404
0100 23.14569536423841
0001 23.24503311258278
1000 23.443708609271525
0100 23.543046357615893
1000 23.642384105960264
0001 23.841059602649004
1000 24.039735099337747
0100 24.238410596026487
0010 24.43708609271523
0001 24.5364238410596
1000 24.63576158940397
0001 24.834437086092713
0100 25.033112582781456
0010 25.231788079470196
1000 25.331125827814567
0010 25.43046357615894
1000 25.52980132450331
0001 25.82781456953642
0010 25.927152317880793
0001 26.026490066225165
0100 26.125827814569536
0010 26.423841059602648
0010 26.622516556291387
1010 26.82119205298013
0001 27.019867549668874
1000 27.218543046357617
0010 27.417218543046356
0100 27.6158940397351
0010 27.71523178807947
0100 27.81456953642384
0001 28.013245033112582
1000 28.211920529801326
0100 28.410596026490065
0010 28.609271523178805
0001 28.807947019867548
1000 29.006622516556288
0010 29.20529801324503
0100 29.304635761589402
0001 29.40397350993377
1000 29.503311258278142
0001 29.602649006622514
1000 29.801324503311257
0100 29.900662251655625
0010 29.999999999999996
0001 30.19867549668874
1000 30.397350993377483
0010 30.596026490066222
0100 30.794701986754966
0001 30.894039735099337
1000 30.993377483443705
0100 31.19205298013245
0010 31.390728476821188
0100 31.58940397350993
1000 31.788079470198674
0100 31.85430463576159
1000 31.920529801324502
0100 31.986754966887418
0010 32.086092715231786
0100 32.18543046357616
0110 32.3841059602649
2002 32.78145695364238
3003 32.980132450331126
0001 33.079470198675494
0010 33.17880794701987
0100 33.27814569536424
1000 33.377483443708606
0001 33.57615894039735
0101 33.77483443708609
0100 33.97350993377483
0010 34.17218543046357
1000 34.370860927152314
1010 34.56953642384106
0010 34.7682119205298
1000 34.966887417218544
0100 35.16556291390729
0110 35.36423841059603
0010 35.562913907284766
0100 35.76158940397351
1000 35.96026490066225
1001 36.158940397350996
0001 36.35761589403974
0010 36.556291390728475
0001 36.75496688741722
1001 36.95364238410596
1000 37.1523178807947
0100 37.35099337748344
0010 37.549668874172184
0011 37.74834437086093
0001 37.94701986754967
0100 38.14569536423841
0010 38.34437086092715
0110 38.54304635761589
0100 38.74172185430463
0010 38.94039735099337
0100 39.03973509933775
0001 39.139072847682115
1001 39.33774834437086
1000 39.5364238410596
0001 39.735099337748345
0010 39.93377483443709
0110 40.13245033112583
0100 40.33112582781457
1000 40.52980132450331
0010 40.728476821192054
1010 40.9271523178808
1000 41.12582781456954
0100 41.324503311258276
0010 41.52317880794702
0011 41.72185430463576
0001 41.9205298013245
0100 42.11920529801324
0010 42.21854304635762
1000 42.317880794701985
1001 42.51655629139073
0001 42.71523178807947
1000 42.91390728476821
0100 43.11258278145695
0110 43.311258278145694
0010 43.50993377483443
0100 43.70860927152317
1000 43.907284768211916
1010 44.10596026490066
0010 44.3046357615894
0100 44.503311258278146
0001 44.70198675496689
1001 44.90066225165563
1001 45.09933774834437
1000 45.29801324503311
0100 45.397350993377486
1000 45.496688741721854
0001 45.562913907284766
1000 45.62913907284768
0002 45.6953642384106
1003 46.09271523178808
0100 46.29139072847682
1000 46.49006622516556
0100 46.6887417218543
1000 46.88741721854304
0100 47.086092715231786
1000 47.28476821192053
0100 47.48344370860927
0010 47.58278145695364
0001 47.68211920529801
0100 47.88079470198675
0001 48.079470198675494
0100 48.27814569536423
0001 48.476821192052974
0100 48.67549668874172
0001 48.87417218543046
1000 48.97350993377483
0010 49.0728476821192
1000 49.271523178807946
0100 49.47019867549669
0010 49.56953642384106
0001 49.66887417218543
1000 49.86754966887417
0001 50.06622516556291
1000 50.264900662251655
0001 50.4635761589404
1000 50.66225165562914
0100 50.76158940397351
0010 50.86092715231788
0100 51.05960264900662
0010 51.258278145695364
0100 51.4569536423841
0010 51.65562913907284
0100 51.854304635761586
0010 51.953642384105954
0100 52.05298013245033
1001 52.25165562913907
1000 52.45033112582781
0010 52.64900662251655
1000 52.847682119205295
0010 53.04635761589403
1000 53.245033112582774
0010 53.44370860927152
1000 53.64238410596026
0010 53.841059602649004
0100 53.94039735099337
0001 54.03973509933775
0010 54.23841059602649
0001 54.437086092715234
0010 54.63576158940397
0001 54.83443708609271
0010 55.033112582781456
0001 55.2317880794702
1000 55.33112582781457
0100 55.43046357615894
1000 55.62913907284768
0010 55.82781456953642
0100 55.92715231788079
0001 56.026490066225165
1000 56.2251655629139
0001 56.423841059602644
1000 56.62251655629139
0001 56.82119205298013
1000 57.019867549668874
0010 57.11920529801324
0100 57.21854304635761
0010 57.41721854304635
0100 57.615894039735096
0010 57.81456953642383
0100 58.013245033112575
0010 58.21192052980132
1001 58.41059602649006
0100 58.609271523178805
1001 58.80794701986755
1010 59.205298013245034
0101 59.602649006622514
0001 59.80132450331126
1000 60.0
0010 60.19867549668874
0100 60.29801324503311
0001 60.39735099337748
1000 60.59602649006622
0100 60.794701986754966
0010 60.9933774834437
0001 61.192052980132445
1000 61.39072847682119
0010 61.490066225165556
1000 61.58940397350993
0001 61.788079470198674
1001 61.98675496688741
1100 62.3841059602649
0011 62.781456953642376
0001 62.98013245033112
1000 63.17880794701986
0010 63.377483443708606
0100 63.57615894039735
0010 63.77483443708609
1000 63.973509933774835
0001 64.17218543046357
1000 64.37086092715232
0100 64.43708609271523
1000 64.50331125827815
0100 64.56953642384106
0010 64.66887417218543
0001 64.7682119205298
1000 64.86754966887418
0010 64.96688741721854
0100 65.06622516556291
0001 65.16556291390728
1000 65.36423841059602
0010 65.56291390728477
0100 65.7615894039735
0001 65.96026490066225
1000 66.15894039735099
0100 66.35761589403972
0010 66.55629139072848
0001 66.75496688741721
0010 66.95364238410595
0100 67.05298013245033
0010 67.1523178807947
0001 67.35099337748343
1000 67.4503311258278
0001 67.54966887417218
0100 67.74834437086092
0010 67.94701986754966
0100 68.1456953642384
0001 68.24503311258277
1000 68.34437086092714
0001 68.54304635761588
0001 68.74172185430463
0001 68.94039735099336
0001 69.13907284768212
0001 69.33774834437085
0001 69.53642384105959
0001 69.73509933774834
1001 69.93377483443709
1001 70.13245033112582
1001 70.33112582781457
1001 70.52980132450331
1001 70.72847682119206
1000 70.9271523178808
0010 70.99337748344371
0100 71.05960264900662
0002 71.12582781456953
0013 71.52317880794702
2000 71.72185430463576
3010 72.11920529801324
0002 72.31788079470199
0103 72.71523178807946
2000 72.91390728476821
3100 73.33964049195836
0013 73.7937559129612
2000 74.02081362346263
3010 74.47492904446547
0200 74.70198675496688
0310 75.09933774834437
2000 75.2980132450331
3010 75.69536423841059
0001 75.89403973509933
1000 76.09271523178808
0020 76.29139072847681
0130 76.6887417218543
0001 76.78807947019867
0100 76.88741721854304
0001 76.9867549668874
1000 77.08609271523179
0010 77.28476821192052
0110 77.48344370860926
0100 77.68211920529801
0001 77.88079470198674
0100 78.07947019867548
0110 78.27814569536423
0010 78.47682119205297
1000 78.67549668874172
0001 78.87417218543045
1001 79.07284768211919
1000 79.27152317880794
0001 79.37086092715231
0100 79.47019867549669
0010 79.66887417218543
1010 79.86754966887418
1000 80.06622516556291
0010 80.26490066225166
1000 80.4635761589404
1001 80.66225165562913
0001 80.86092715231788
0010 81.05960264900662
0001 81.25827814569536
0101 81.45695364238411
1010 81.65562913907284
0001 82.05298013245033
1001 82.25165562913907
1000 82.45033112582782
0001 82.64900662251655
1000 82.84768211920529
1000 83.04635761589404
0001 83.24503311258277
0010 83.34437086092714
0100 83.44370860927152
0002 83.64238410596026
0103 84.03973509933775
2000 84.23841059602648
3010 84.63576158940397
0002 84.8344370860927
0013 85.23178807947019
2000 85.43046357615893
3100 85.82781456953641
0002 86.05487228003783
0103 86.50898770104067
0020 86.7360454115421
0002 87.19016083254493
0103 87.61589403973508
2000 87.81456953642383
3002 88.21192052980132
0013 88.60927152317879
0100 88.70860927152317
0010 88.80794701986754
0100 88.90728476821191
1000 89.00662251655629
0001 89.20529801324503
1001 89.40397350993378
1000 89.60264900662251
0100 89.80132450331126
0010 90.0
0110 90.19867549668874
0100 90.39735099337749
0010 90.59602649006622
0001 90.79470198675496
0101 90.99337748344371
0100 91.19205298013244
0010 91.29139072847681
1000 91.3907284768212
0001 91.58940397350993
0011 91.78807947019867
0010 91.98675496688742
0100 92.18543046357615
1000 92.38410596026489
1010 92.58278145695364
0010 92.78145695364238
0100 92.98013245033113
0001 93.17880794701986
0011 93.3774834437086
1100 93.57615894039735
0001 93.97350993377482
0011 94.17218543046357
0010 94.37086092715231
0001 94.43708609271522
0010 94.50331125827813
0001 94.56953642384106
1000 94.66887417218543
0010 94.7682119205298
0100 94.86754966887416
0010 94.96688741721853
1000 95.06622516556291
0001 95.16556291390728
0010 95.26490066225165
0100 95.36423841059602
1000 95.56291390728475
1001 95.7615894039735
0001 95.96026490066224
0011 96.15894039735099
0010 96.35761589403972
0110 96.55629139072846
0100 96.75496688741721
1100 96.95364238410595
1000 97.15231788079468
1001 97.35099337748343
0001 97.54966887417217
0101 97.74834437086092
0100 97.94701986754966
0010 98.04635761589402
0100 98.14569536423839
0010 98.34437086092714
1000 98.44370860927151
0010 98.54304635761589
0100 98.74172185430463
0101 98.94039735099338
0001 99.13907284768212
1001 99.33774834437087
1000 99.5364238410596
0010 99.63576158940397
1000 99.73509933774834
1010 99.93377483443709
0101 100.33112582781456
0100 100.52980132450331
0001 100.72847682119205
1000 100.9271523178808
0010 101.12582781456953
1000 101.19205298013244
0010 101.25827814569536
1000 101.32450331125827
0001 101.42384105960265
0100 101.52317880794702
0010 101.62251655629139
1000 101.72185430463576
0100 101.92052980132449
0110 102.11920529801324
0010 102.31788079470198
0011 102.51655629139073
0001 102.71523178807946
1001 102.9139072847682
1000 103.11258278145695
1010 103.31125827814569
0010 103.50993377483442
0110 103.70860927152317
0100 103.90728476821191
0110 104.10596026490066
0010 104.3046357615894
1000 104.40397350993376
0010 104.50331125827813
1000 104.70198675496688
0001 104.80132450331125
0010 104.90066225165562
0100 105.09933774834435
0100 105.2980132450331
0100 105.49668874172184
0100 105.69536423841059
0100 105.89403973509933
0100 106.09271523178806
0100 106.29139072847681
1100 106.49006622516556
1100 106.6887417218543
1100 106.88741721854305
1100 107.08609271523179
1100 107.28476821192054
1000 107.48344370860927
0100 107.54966887417218
0010 107.6158940397351
0002 107.68211920529801
2003 108.0794701986755
0100 108.47682119205298
0100 108.87417218543047
0100 109.27152317880794
0100 109.66887417218543
0100 110.06622516556291
0100 110.4635761589404
3002 110.66225165562913
0203 110.86092715231787
0320 111.05960264900662
2030 111.25827814569536
3002 111.4569536423841
0023 111.65562913907284
2030 111.85430463576158
3020 112.25165562913907
0230 112.4503311258278
0310 112.64900662251655
0001 112.74834437086092
0010 112.84768211920529
0001 112.94701986754966
1000 113.24503311258277
0010 113.34437086092714
1000 113.44370860927151
0100 113.54304635761588
0010 113.841059602649
0010 114.03973509933773
0001 114.23841059602648
1000 114.33774834437085
0002 114.43708609271522
2003 115.03311258278144
3100 115.43046357615893
0010 115.5298013245033
0002 115.62913907284766
0203 116.2251655629139
0310 116.62251655629139
1000 116.72185430463576
0020 116.82119205298014
2030 117.41721854304636
3002 117.6158940397351
0203 117.81456953642383
2300 118.01324503311258
3200 118.21192052980132
0320 118.6092715231788
0230 118.80794701986754
0302 119.00662251655629
0203 119.40397350993376
0310 119.60264900662251
1000 119.70198675496688
0001 119.80132450331125
0100 119.90066225165562
0010 120.0
0100 120.09933774834437
0001 120.19867549668874
1000 120.2980132450331
0010 120.39735099337747
0020 120.59602649006622
0130 120.9933774834437
0001 121.09271523178808
2000 121.19205298013244
3200 121.78807947019867
0320 121.9867549668874
0230 122.18543046357615
2300 122.38410596026489
3002 122.58278145695363
0203 122.78145695364238
0320 122.98013245033111
0230 123.17880794701986
0302 123.3774834437086
2003 123.57615894039733
3200 123.77483443708608
0302 123.97350993377482
0203 124.37086092715231
0302 124.56953642384104
0203 124.96688741721853
2300 125.16556291390727
3001 125.36423841059602
0100 125.46357615894038
0001 125.56291390728477
0010 125.66225165562913
0100 125.96026490066225
1000 126.05960264900662
0010 126.15894039735099
1000 126.25827814569536
0001 126.35761589403974
0010 126.45695364238411
0100 126.55629139072848
0010 126.65562913907284
0001 126.75496688741721
0010 126.8543046357616
0100 126.95364238410596
1000 127.05298013245033
0002 127.1523178807947
2003 127.74834437086092
3001 127.94701986754967
0100 128.04635761589404
0001 128.1456953642384
1000 128.24503311258277
0100 128.34437086092714
1000 128.4437086092715
0001 128.54304635761588
0010 128.64238410596025
0001 128.74172185430461
1000 128.84105960264898
0010 128.94039735099335
1000 129.03973509933772
0001 129.1390728476821
0100 129.23841059602645
0001 129.33774834437085
1000 129.43708609271522
0100 129.5364238410596
1000 129.63576158940396
0001 129.73509933774832
0010 129.8344370860927
0001 129.93377483443706
1000 130.03311258278143
0010 130.1324503311258
1000 130.23178807947016
0001 130.33112582781456
0100 130.43046357615893
0010 130.5298013245033
1000 130.62913907284766
0001 130.72847682119203
0010 130.8278145695364
0100 130.9271523178808
1000 131.02649006622516
0001 131.12582781456953
0100 131.2251655629139
0010 131.32450331125827
1000 131.42384105960264
0002 131.523178807947
0003 131.9205298013245
2000 132.11920529801324
3010 132.31788079470198
0110 132.51655629139074
0101 132.91390728476821
2002 133.3112582781457
3003 137.1428571428571
