TITLE Love Circulation
BPM   120.354
NOTES
1000 17.947056184256443
0100 18.071688518869333
0010 18.196320853482227
0001 18.320953188095118
0100 18.44558552270801
0010 18.570217857320902
1000 18.694850191933796
0001 18.819482526546686
1000 18.94411486115958
0100 19.06874719577247
0010 19.193379530385364
0100 19.318011864998255
1000 19.442644199611145
0010 19.56727653422404
1000 19.69190886883693
0010 19.816541203449823
1000 19.941173538062714
0100 20.065805872675604
0010 20.190438207288498
0001 20.315070541901388
0010 20.439702876514282
0001 20.564335211127172
0010 20.688967545740066
0100 20.813599880352957
1000 20.93823221496585
0100 21.18749688419163
1000 21.312129218804525
0100 21.436761553417416
1000 21.56139388803031
0010 21.6860262226432
0100 21.810658557256094
0001 21.935290891868988
0100 22.059923226481878
0010 22.184555561094772
1000 22.309187895707662
0010 22.433820230320556
0100 22.558452564933447
0001 22.68308489954634
0010 22.80771723415923
0001 22.932349568772125
0010 23.056981903385015
0001 23.3062465726108
0010 23.43087890722369
0100 23.555511241836584
1000 23.680143576449474
0010 23.804775911062368
1000 23.92940824567526
0010 24.05404058028815
0100 24.178672914901043
0001 24.303305249513933
0100 24.427937584126827
0001 24.552569918739717
0010 24.67720225335261
0100 24.8018345879655
1000 24.926466922578395
0100 25.051099257191286
0010 25.17573159180418
0001 25.30036392641707
0010 25.42499626102996
0001 25.549628595642854
0010 25.674260930255745
0001 25.79889326486864
1000 25.92352559948153
0100 26.04815793409442
0010 26.172790268707313
0100 26.297422603320204
1000 26.422054937933098
0001 26.546687272545988
0100 26.671319607158882
0010 26.795951941771772
0100 26.920584276384666
0010 27.045216610997556
0100 27.29448128022334
0001 27.41911361483623
0010 27.543745949449125
0100 27.668378284062015
1000 27.79301061867491
0001 27.917642953287803
0010 28.042275287900694
0001 28.166907622513587
1000 28.291539957126478
0001 28.41617229173937
0010 28.665436960965156
0001 28.790069295578046
1000 28.91470163019094
0010 29.03933396480383
0100 29.16396629941672
0010 29.288598634029615
1000 29.413230968642505
0100 29.5378633032554
0010 29.66249563786829
0001 29.787127972481183
0010 29.911760307094074
0100 30.036392641706964
1000 30.161024976319858
0100 30.28565731093275
1000 30.410289645545642
0001 30.534921980158533
1000 30.659554314771427
0010 30.784186649384317
0100 30.90881898399721
0010 31.0334513186101
1000 31.158083653222995
0100 31.407348322448776
1000 31.53198065706167
0001 31.65661299167456
1000 31.905877660900344
0100 32.17175997474118
0001 32.3047011316616
0010 32.43764228858202
0100 32.570583445502436
1000 32.70352460242285
0001 32.83646575934327
1000 33.63411270086578
0001 33.767053857786195
1000 33.89999501470662
0100 34.02462734931951
0010 34.1492596839324
0001 34.2738920185453
0100 34.39852435315819
0010 34.64778902238397
0100 34.772421356996865
0001 34.897053691609756
0010 35.14631836083554
1000 35.395583030061324
0010 35.644847699287105
0100 35.769480033899995
1000 36.14337703773867
0001 36.268009372351564
0010 36.392641706964454
0100 36.641906376190235
1000 36.76653871080313
0001 36.89117104541602
0100 37.01580338002891
1000 37.265068049254694
0100 37.51433271848048
0010 37.76359738770626
1000 37.88822972231916
0010 38.13749439154494
0001 38.26212672615784
0010 38.76065606460941
1000 38.8852883992223
0001 39.00992073383519
0100 39.13455306844808
1000 39.25918540306097
0100 39.508450072286756
0001 39.633082406899646
1000 39.75771474151254
0001 39.88234707612543
0010 40.00697941073832
1000 40.380876414576996
0010 40.630141083802776
0100 40.754773418415674
0010 40.879405753028564
0001 41.128670422254345
0010 41.25330275686724
0100 41.62719976070591
1000 41.8764644299317
0001 42.00109676454459
0100 42.12572909915748
0010 42.25036143377038
0100 42.37499376838327
1000 42.62425843760905
0100 42.87352310683484
0001 42.99815544144773
0100 43.12278777606062
0001 43.62131711451219
0010 43.74594944912508
0100 43.870581783737975
1000 43.995214118350866
0100 44.119846452963756
1000 44.244478787576654
0001 44.369111122189544
0010 44.493743456802434
0100 44.618375791415325
0010 44.74300812602822
0001 44.86764046064111
1000 44.992272795254
0010 45.11690512986689
0100 45.24153746447979
0001 45.36616979909268
1000 45.86469913754424
0010 45.98933147215713
0100 46.11396380677002
0001 46.23859614138292
1000 46.36322847599581
0100 46.4878608106087
0010 46.61249314522159
0100 46.73712547983449
1000 46.86175781444738
0010 46.98639014906027
0100 47.11102248367316
0001 47.23565481828605
0010 47.36028715289895
0100 47.60955182212473
1000 47.85881649135052
0001 48.1080811605763
0010 48.232713495189195
1000 48.357345829802085
0010 48.606610499027866
0001 48.73124283364076
1000 48.855875168253654
0001 48.980507502866544
0010 49.105139837479435
1000 49.229772172092325
0010 49.603669175931
0030 49.72830151054389
0002 49.85293384515679
2003 50.10219851438257
3002 50.35146318360836
2003 50.60072785283414
3200 50.84999252205993
0300 51.09925719128571
0020 51.3485218605115
0032 51.59778652973728
2003 51.84705119896306
3002 52.09631586818884
0203 52.34558053741463
0300 52.59484520664041
0010 52.844109875866195
1000 53.093374545091976
0100 53.342639214317764
0010 53.591903883543544
0001 53.84116855276933
0010 53.96580088738222
0010 54.21506555660801
0010 54.46433022583379
0100 54.58896256044668
1000 54.83822722967247
0001 54.96285956428536
0001 55.21212423351115
0001 55.46138890273693
0100 55.58602123734982
0010 55.835285906575606
0010 56.209182910414285
0010 56.458447579640065
1000 56.583079914252956
0001 56.83234458347874
1001 57.33087392193031
2000 57.82940326038187
3200 58.078667929607654
0320 58.32793259883344
0032 58.57719726805922
0023 58.82646193728501
0030 59.07572660651079
0002 59.32499127573658
2003 59.57425594496236
3002 59.82352061418815
0203 60.07278528341393
0320 60.322049952639716
0030 60.5713146218655
1000 60.820579291091285
0100 61.069843960317066
0010 61.31910862954285
0001 61.568373298768634
1000 61.817637967994415
0001 61.942270302607305
0001 62.19153497183309
0001 62.440799641058874
1000 62.565431975671764
0001 62.81469664489755
0100 62.93932897951044
0100 63.18859364873623
0100 63.43785831796201
0010 63.5624906525749
1000 63.81175532180069
0010 63.93638765641358
0010 64.18565232563937
0010 64.43491699486515
1000 64.55954932947805
0002 64.80881399870383
1003 65.30734333715539
0002 65.80587267560696
0203 66.05513734483274
0320 66.30440201405852
0230 66.55366668328432
0302 66.8029313525101
0003 67.05219602173588
2000 67.30146069096166
3200 67.55072536018746
0320 67.79999002941324
0032 68.04925469863902
2003 68.2985193678648
3000 68.5477840370906
0010 68.79704870631637
0100 69.04631337554216
0001 69.29557804476794
0100 69.54484271399373
0001 69.7941073832195
1000 69.9187397178324
1000 70.16800438705818
1000 70.41726905628396
0100 70.54190139089685
0010 70.79116606012263
0001 70.91579839473553
0001 71.16506306396131
0001 71.4143277331871
0100 71.53896006779999
0010 71.78822473702577
0010 72.16212174086445
0010 72.41138641009023
1000 72.53601874470313
0001 72.78528341392891
1001 73.28381275238047
2000 73.78234209083205
3002 74.03160676005783
0203 74.28087142928361
0320 74.5301360985094
0230 74.77940076773518
0300 75.02866543696096
0002 75.27793010618674
2003 75.52719477541254
3200 75.77645944463832
0320 76.0257241138641
0230 76.27498878308988
0300 76.52425345231568
1000 76.77351812154146
0001 77.02278279076724
0100 77.27204745999302
0010 77.52131212921881
1000 77.7705767984446
0010 77.89520913305749
0010 78.14447380228327
0010 78.39373847150905
0100 78.51837080612195
0001 78.76763547534773
0010 78.89226780996063
0010 79.14153247918641
0010 79.39079714841219
0100 79.51542948302509
1000 79.76469415225085
0001 79.88932648686375
0001 80.13859115608953
0001 80.38785582531531
1000 80.51248815992821
0002 80.76175282915399
1003 81.26028216760555
0001 81.75881150605713
0010 81.88344384067003
0001 82.1327085098958
1000 82.50660551373448
0100 82.63123784834737
0010 82.75587018296027
0001 82.88050251757316
0010 83.00513485218605
0100 83.12976718679894
1000 83.50366419063762
0010 83.6282965252505
1000 83.7529288598634
0001 83.8775611944763
1000 84.00219352908918
0100 84.12682586370208
0010 84.25145819831496
0001 84.37609053292786
1000 84.50072286754076
0001 84.62535520215364
0100 84.74998753676654
0010 84.87461987137944
0100 84.99925220599232
0001 85.12388454060522
0010 85.2485168752181
0100 85.373149209831
1000 85.74704621366968
0001 85.87167854828257
0100 85.99631088289546
0010 86.12094321750835
0100 86.24557555212124
0001 86.37020788673414
0010 86.49484022134703
0100 86.61947255595992
1000 86.74410489057281
0010 86.86873722518571
0100 87.24263422902438
0001 87.49189889825017
0010 87.61653123286305
0100 87.74116356747595
1000 87.86579590208885
0100 87.99042823670173
0010 88.11506057131463
0001 88.23969290592751
1000 88.73822224437909
0100 88.86285457899199
1000 88.98748691360487
0001 89.11211924821777
1000 89.23675158283065
0001 89.73528092128223
0010 89.85991325589512
0001 89.984545590508
0010 90.1091779251209
0100 90.23381025973379
1000 90.35844259434668
0001 90.48307492895958
1000 90.60770726357246
0010 90.73233959818536
0100 90.85697193279826
0010 90.98160426741114
1000 91.10623660202404
0100 91.48013360586272
1000 91.6047659404756
0001 91.72939827508849
0100 91.85403060970138
0010 91.97866294431427
0100 92.10329527892716
0001 92.22792761354005
0010 92.35255994815294
0100 92.47719228276584
1000 92.60182461737872
0010 92.72645695199162
1000 92.85108928660452
0010 92.9757216212174
0100 93.1003539558303
0001 93.22498629044318
1000 93.34961862505608
0001 93.72351562889476
0010 93.84814796350766
0100 93.97278029812054
1000 94.09741263273344
0010 94.22204496734632
0100 94.34667730195922
0001 94.47130963657212
0010 94.595941971185
0100 94.7205743057979
0010 94.8452066404108
0100 94.96983897502368
1000 95.09447130963657
0001 95.21910364424946
1000 95.34373597886236
0100 95.46836831347525
0010 95.59300064808814
0002 95.71763298270103
1000 96.2161623211526
1000 96.71469165960417
1003 97.21322099805573
0022 97.71175033650731
0033 98.08564734034599
2002 98.21027967495887
3003 98.58417667879755
2020 98.70880901341044
3030 99.08270601724912
1000 99.207338351862
0001 99.4566030210878
0100 99.70586769031358
0010 99.95513235953936
1000 100.20439702876514
0200 100.45366169799094
0300 101.20145570566828
1000 101.45072037489408
0022 101.69998504411984
0033 102.07388204795852
0220 102.1985143825714
0330 102.57241138641008
2200 102.69704372102298
3300 103.07094072486166
1000 103.19557305947454
0100 103.44483772870034
0010 103.69410239792612
0001 103.9433670671519
0010 104.19263173637768
0200 104.44189640560347
1300 104.94042574405503
1000 105.18969041328081
2002 105.68821975173239
3003 106.06211675557107
0202 106.18674909018395
0303 106.56064609402263
0220 106.68527842863553
0330 107.0591754324742
0010 107.18380776708709
1000 107.43307243631288
0001 107.68233710553866
1000 107.93160177476445
0001 108.18086644399023
0200 108.43013111321602
0300 109.17792512089336
0010 109.42718979011916
2002 109.67645445934494
3003 110.05035146318362
2020 110.1749837977965
3030 110.54888080163518
0202 110.67351313624808
0303 111.04741014008675
0022 111.17204247469964
0030 111.54593947853832
2000 111.67057181315121
3003 112.66763049005435
0001 113.4154244977317
0100 113.54005683234459
0010 113.66468916695747
0010 114.03858617079615
1000 114.41248317463483
0100 114.66174784386061
0100 115.03564484769929
0010 115.40954185153797
0001 115.53417418615085
1000 115.65880652076375
1000 116.03270352460243
0100 116.4066005284411
0010 116.65586519766688
0001 117.02976220150556
1000 117.40365920534424
0100 117.52829153995712
0010 117.65292387457002
0010 118.0268208784087
0010 118.27608554763448
0001 118.64998255147316
0001 119.02387955531184
0100 119.39777655915051
0001 119.6470412283763
0001 120.02093823221497
0001 120.27020290144075
1000 120.64409990527943
1001 121.142629243731
1000 121.39189391295679
0010 121.51652624756967
0100 121.64115858218257
0100 122.01505558602125
0001 122.38895258985993
0100 122.6382172590857
0100 123.01211426292438
0010 123.38601126676306
1000 123.51064360137595
0001 123.63527593598883
0001 124.00917293982751
0010 124.38306994366619
0100 124.63233461289197
0010 125.00623161673064
0001 125.38012862056932
0100 125.5047609551822
0010 125.6293932897951
0010 126.00329029363378
0010 126.25255496285956
1000 126.37718729747246
0001 126.62645196669824
0001 127.00034897053692
0001 127.2496136397627
0100 127.3742459743756
0010 127.62351064360138
0010 127.99740764744006
1000 128.24667231666584
0100 128.6205693205045
1001 129.1190986589561
1000 129.61762799740765
0100 129.74226033202055
0010 129.86689266663345
0001 130.1161573358592
1000 130.2407896704721
0001 130.365422005085
0100 130.4900543396979
0010 130.61468667431078
1000 130.73931900892367
0001 130.98858367814947
1000 131.11321601276236
0001 131.23784834737523
1000 131.36248068198813
0100 131.48711301660103
0010 131.61174535121393
0100 131.73637768582682
1000 131.86101002043972
0001 131.9856423550526
0100 132.1102746896655
0010 132.23490702427839
0100 132.35953935889128
0001 132.48417169350418
0010 132.60880402811705
0100 132.73343636272995
1000 132.85806869734284
0001 133.10733336656864
1000 133.2319657011815
0001 133.3565980357944
1000 133.6058627050202
0100 133.7304950396331
1000 133.855127374246
0010 133.97975970885886
0100 134.10439204347176
0001 134.22902437808466
0010 134.35365671269756
0100 134.47828904731045
1000 134.60292138192332
0100 134.72755371653622
0010 134.97681838576202
0001 135.1014507203749
0010 135.22608305498778
0001 135.35071538960068
1000 135.47534772421358
0010 135.59998005882647
0100 135.84924472805227
0001 135.97387706266514
1000 136.09850939727804
0100 136.34777406650383
0010 136.5970387357296
0001 136.8463034049554
0010 137.0955680741812
0100 137.22020040879406
1000 137.34483274340695
0001 137.46946507801985
0010 137.59409741263275
0100 137.71872974724565
1000 137.9679944164714
0100 138.0926267510843
0010 138.2172590856972
0001 138.3418914203101
1000 138.59115608953587
0001 138.84042075876167
0100 138.96505309337456
0001 139.08968542798746
0100 139.21431776260033
0010 139.33895009721323
1000 139.46358243182613
0100 139.588214766439
0010 139.8374794356648
0001 140.08674410489056
0010 140.21137643950345
0100 140.33600877411635
1000 140.58527344334212
0100 140.70990577795502
1000 140.8345381125679
0100 140.9591704471808
0010 141.0838027817937
0001 141.20843511640658
0010 141.33306745101947
0001 141.45769978563237
0010 141.58233212024527
0100 141.70696445485817
1000 141.83159678947106
0100 141.95622912408393
1000 142.08086145869683
0001 142.20549379330973
0100 142.33012612792263
0001 142.5793907971484
0010 142.7040231317613
0100 142.8286554663742
1000 142.95328780098708
0010 143.07792013559998
0100 143.20255247021285
0010 143.32718480482575
0100 143.45181713943865
0001 143.57644947405154
0100 143.70108180866444
0001 143.82571414327734
1000 143.9503464778902
0100 144.0749788125031
0010 144.199611147116
0001 144.3242434817289
1000 144.57350815095467
0010 144.69814048556756
0100 144.82277282018046
0001 144.94740515479336
0100 145.07203748940626
0010 145.19666982401912
1000 145.32130215863202
2002 145.57056682785782
3003 149.55880153547037
