TITLE Luck-Ga-Kist
BPM   199.0
NOTES
9.64824120603015
9.798994974874372
9.874371859296481
9.949748743718592
10.025125628140703
10.175879396984923
10.251256281407034
10.326633165829145
10.402010050251256
10.477386934673365
10.552763819095476
10.854271356783919
11.00502512562814
11.08040201005025
11.15577889447236
11.306532663316581
11.381909547738692
11.457286432160803
11.532663316582914
11.608040201005025
11.683417085427134
11.758793969849245
11.909547738693465
11.984924623115576
12.060301507537687
12.135678391959798
12.21105527638191
12.286432160804019
12.36180904522613
12.51256281407035
12.58793969849246
12.663316582914572
12.738693467336683
12.814070351758794
12.889447236180903
12.964824120603014
13.115577889447234
13.266331658291456
13.341708542713567
13.417085427135678
13.492462311557787
13.567839195979898
13.64321608040201
13.718592964824118
13.79396984924623
13.86934673366834
13.944723618090451
14.020100502512562
14.095477386934672
14.170854271356783
14.246231155778894
14.321608040201003
14.472361809045225
14.547738693467336
14.623115577889447
14.773869346733667
14.999999999999998
15.07537688442211
15.226130653266331
15.30150753768844
15.376884422110551
15.527638190954772
15.678391959798994
15.979899497487436
16.055276381909547
16.130653266331656
16.20603015075377
16.281407035175878
16.356783919597987
16.4321608040201
16.50753768844221
16.58291457286432
16.884422110552762
16.95979899497487
17.035175879396984
17.110552763819094
17.185929648241206
17.261306532663315
17.336683417085425
17.412060301507537
17.487437185929647
17.562814070351756
17.63819095477387
17.713567839195978
17.788944723618087
17.8643216080402
17.93969849246231
18.015075376884422
18.09045226130653
18.16582914572864
18.241206030150753
18.316582914572862
18.391959798994975
18.542713567839193
18.618090452261306
18.693467336683415
18.844221105527637
18.994974874371856
19.2964824120603
19.44723618090452
19.52261306532663
19.597989949748744
19.673366834170853
19.748743718592962
19.824120603015075
19.899497487437184
19.974874371859293
20.050251256281406
20.125628140703515
20.201005025125625
20.351758793969847
20.42713567839196
20.50251256281407
20.577889447236178
20.65326633165829
20.7286432160804
20.804020100502512
20.87939698492462
20.95477386934673
21.030150753768844
21.105527638190953
21.180904522613062
21.256281407035175
21.331658291457284
21.407035175879393
21.557788944723615
21.633165829145728
21.708542713567837
21.783919597989946
21.85929648241206
22.01005025125628
22.08542713567839
22.236180904522612
22.31155778894472
22.462311557788944
22.613065326633162
22.763819095477384
22.914572864321606
22.989949748743715
23.065326633165828
23.140703517587937
23.21608040201005
23.29145728643216
23.36683417085427
23.44221105527638
23.51758793969849
23.5929648241206
23.668341708542712
23.74371859296482
23.81909547738693
24.120603015075375
24.195979899497484
24.271356783919597
24.346733668341706
24.42211055276382
24.497487437185928
24.572864321608037
24.64824120603015
24.72361809045226
24.79899497487437
24.87437185929648
24.94974874371859
25.0251256281407
25.17587939698492
25.251256281407034
25.326633165829143
25.402010050251253
25.477386934673365
25.552763819095475
25.628140703517587
25.703517587939697
25.778894472361806
25.85427135678392
25.929648241206028
26.005025125628137
26.08040201005025
26.15577889447236
26.23115577889447
26.30653266331658
26.38190954773869
26.457286432160803
26.532663316582912
26.60804020100502
26.683417085427134
26.758793969849243
26.834170854271356
26.909547738693465
26.984924623115575
27.060301507537687
27.135678391959797
27.211055276381906
27.28643216080402
27.361809045226128
27.437185929648237
27.58793969849246
27.73869346733668
27.81407035175879
27.889447236180903
27.964824120603012
28.040201005025125
28.115577889447234
28.190954773869343
28.266331658291456
28.341708542713565
28.417085427135675
28.492462311557787
28.567839195979897
28.643216080402006
28.94472361809045
29.09547738693467
29.246231155778894
29.396984924623112
29.472361809045225
29.623115577889443
29.698492462311556
29.849246231155774
29.999999999999996
30.15075376884422
30.30150753768844
30.452261306532662
30.60301507537688
30.678391959798994
30.829145728643212
30.904522613065325
30.979899497487434
31.055276381909543
31.206030150753765
31.356783919597987
31.50753768844221
31.65829145728643
31.80904522613065
31.884422110552762
32.03517587939698
32.11055276381909
32.26130653266331
32.41206030150754
32.562814070351756
32.713567839195974
32.8643216080402
33.01507537688442
33.16582914572864
33.31658291457286
33.46733668341708
33.618090452261306
33.768844221105525
33.91959798994974
34.07035175879397
34.22110552763819
34.2964824120603
34.44723618090452
34.52261306532663
34.67336683417085
34.824120603015075
34.97487437185929
35.12562814070351
35.27638190954774
35.427135678391956
35.50251256281407
35.65326633165829
35.7286432160804
35.80402010050251
35.87939698492462
36.030150753768844
36.18090452261306
36.33165829145728
36.482412060301506
36.633165829145725
36.78391959798995
36.859296482412056
36.93467336683417
37.01005025125628
37.08542713567839
37.23618090452261
37.38693467336683
37.462311557788944
37.53768844221105
37.61306532663316
37.688442211055275
37.76381909547738
37.83919597989949
37.914572864321606
37.98994974874371
38.14070351758794
38.291457286432156
38.44221105527638
38.5929648241206
38.89447236180904
39.04522613065326
39.19597989949749
39.64824120603015
39.94974874371859
40.10050251256281
40.25125628140703
40.40201005025125
40.70351758793969
40.85427135678392
41.00502512562814
41.4572864321608
41.608040201005025
42.06030150753769
42.211055276381906
42.361809045226124
42.51256281407035
42.66331658291457
42.81407035175879
43.11557788944723
43.266331658291456
43.417085427135675
43.86934673366834
44.02010050251256
44.472361809045225
44.62311557788944
44.92462311557789
45.075376884422106
45.52763819095477
45.678391959798994
45.82914572864321
45.97989949748743
46.130653266331656
46.4321608040201
46.73366834170854
47.03517587939698
47.336683417085425
47.48743718592964
47.78894472361809
47.8643216080402
47.939698492462306
48.01507537688442
48.09045226130653
48.16582914572864
48.24120603015075
48.54271356783919
48.69346733668341
48.84422110552764
48.994974874371856
49.2964824120603
49.59798994974874
49.74874371859296
49.89949748743718
50.0502512562814
50.35175879396984
50.50251256281407
50.65326633165829
51.10552763819095
51.256281407035175
51.70854271356784
51.859296482412056
52.010050251256274
52.1608040201005
52.31155778894472
52.46231155778894
52.76381909547738
53.065326633165824
53.36683417085427
53.51758793969849
53.96984924623115
54.120603015075375
54.27135678391959
54.57286432160804
54.723618090452256
55.0251256281407
55.47738693467336
55.778894472361806
55.929648241206024
56.38190954773869
56.53266331658291
56.68341708542713
56.984924623115575
57.13567839195979
57.43718592964824
57.587939698492455
57.66331658291457
57.73869346733668
57.81407035175879
57.8894472361809
58.19095477386934
58.34170854271356
58.49246231155779
58.643216080402006
58.94472361809045
59.24623115577889
59.39698492462311
59.54773869346733
59.69849246231155
59.99999999999999
60.15075376884422
60.30150753768844
60.7537688442211
60.904522613065325
61.35678391959799
61.507537688442206
61.658291457286424
61.80904522613065
61.95979899497487
62.110552763819086
62.41206030150753
62.562814070351756
62.713567839195974
63.16582914572864
63.31658291457286
63.768844221105525
63.91959798994974
64.22110552763819
64.37185929648241
64.82412060301507
64.97487437185929
65.12562814070351
65.27638190954774
65.42713567839195
65.7286432160804
66.03015075376884
66.33165829145727
66.63316582914571
66.78391959798994
67.2361809045226
67.31155778894471
67.38693467336682
67.46231155778894
67.53768844221105
67.83919597989949
68.14070351758794
68.29145728643215
68.5929648241206
68.89447236180905
69.04522613065326
69.19597989949749
69.34673366834171
69.64824120603015
69.94974874371859
70.25125628140702
70.55276381909547
70.85427135678391
71.45728643216079
72.06030150753767
72.2110552763819
72.36180904522612
72.66331658291456
72.81407035175879
73.11557788944722
73.26633165829145
73.5678391959799
73.86934673366834
74.02010050251256
74.321608040201
74.47236180904522
74.54773869346734
74.62311557788945
74.77386934673366
75.0753768844221
75.22613065326632
75.52763819095476
75.67839195979899
75.82914572864321
75.97989949748742
76.13065326633165
76.58291457286431
76.65829145728642
76.73366834170852
76.80904522613064
76.88442211055275
76.95979899497486
77.03517587939697
77.11055276381909
77.1859296482412
77.33668341708542
77.48743718592964
77.63819095477386
77.71356783919597
77.78894472361809
77.9396984924623
78.09045226130652
78.24120603015075
78.39195979899498
78.5427135678392
78.69346733668341
78.84422110552764
78.99497487437186
79.14572864321607
79.2964824120603
79.44723618090453
79.59798994974874
79.74874371859296
79.89949748743717
80.0502512562814
80.12562814070351
80.20100502512562
80.35175879396984
80.50251256281406
80.65326633165829
80.8040201005025
80.95477386934672
81.10552763819094
81.25628140703516
81.40703517587939
81.4824120603015
81.5577889447236
81.63316582914571
81.70854271356782
82.01005025125627
82.1608040201005
82.31155778894471
82.46231155778894
82.53768844221105
82.61306532663316
82.76381909547737
82.9145728643216
83.06532663316582
83.21608040201005
83.36683417085428
83.51758793969849
83.66834170854271
83.74371859296483
83.81909547738694
83.96984924623115
84.12060301507537
84.2713567839196
84.42211055276381
84.57286432160804
84.72361809045225
84.87437185929647
84.94974874371859
85.0251256281407
85.17587939698491
85.32663316582914
85.47738693467336
85.62814070351757
85.7788944723618
85.92964824120601
86.08040201005024
86.23115577889446
86.5326633165829
86.83417085427135
87.13567839195979
87.28643216080401
87.43718592964824
87.58793969849245
87.8894472361809
88.19095477386935
88.34170854271356
88.49246231155779
88.64321608040201
88.94472361809045
89.24623115577889
89.54773869346732
89.84924623115577
90.15075376884421
90.75376884422109
91.05527638190954
91.20603015075375
91.65829145728642
91.95979899497486
92.1608040201005
92.26130653266331
92.56281407035175
92.8643216080402
93.16582914572864
93.36683417085428
93.46733668341709
93.76884422110552
94.07035175879396
94.22110552763819
94.3718592964824
94.52261306532662
94.67336683417085
94.82412060301506
94.97487437185929
95.12562814070351
95.27638190954772
95.42713567839195
95.57788944723616
95.72864321608039
95.87939698492461
95.95477386934672
96.03015075376882
96.10552763819094
96.18090452261305
96.25628140703516
96.33165829145727
96.40703517587939
96.4824120603015
96.55778894472361
96.63316582914572
96.70854271356784
96.78391959798994
96.85929648241205
96.93467336683416
97.01005025125627
97.08542713567839
97.1608040201005
97.2361809045226
97.31155778894471
97.38693467336682
97.46231155778894
97.53768844221105
97.61306532663316
97.68844221105527
97.8391959798995
97.91457286432161
97.98994974874371
98.14070351758794
98.21608040201005
98.29145728643216
98.36683417085428
98.44221105527637
98.51758793969849
98.5929648241206
98.66834170854271
98.74371859296483
98.81909547738694
98.89447236180904
98.96984924623115
99.04522613065326
99.12060301507537
99.19597989949747
99.3467336683417
99.42211055276381
99.49748743718592
99.57286432160804
99.64824120603014
99.72361809045225
99.79899497487436
99.87437185929647
99.94974874371859
100.0251256281407
100.1005025125628
100.25125628140702
100.32663316582914
100.40201005025123
100.47738693467335
100.55276381909546
100.62814070351757
100.70351758793969
100.7788944723618
100.8542713567839
101.00502512562812
101.30653266331657
101.38190954773869
101.4572864321608
101.53266331658291
101.60804020100501
101.68341708542712
101.75879396984924
101.83417085427135
101.90954773869346
101.98492462311557
102.06030150753767
102.13567839195979
102.2110552763819
102.28643216080401
102.36180904522612
102.43718592964824
102.51256281407035
102.58793969849246
102.66331658291458
102.73869346733669
102.81407035175879
102.8894472361809
102.96482412060301
103.04020100502512
103.11557788944724
103.19095477386935
103.26633165829145
103.34170854271356
103.41708542713567
103.49246231155779
103.64321608040201
103.71859296482411
103.86934673366834
103.94472361809045
104.02010050251255
104.09547738693466
104.17085427135677
104.24623115577889
104.321608040201
104.47236180904521
104.62311557788944
104.69849246231155
104.77386934673366
104.84924623115577
104.92462311557787
104.99999999999999
105.0753768844221
105.15075376884421
105.22613065326631
105.30150753768842
105.37688442211054
105.45226130653265
105.52763819095476
105.62814070351757
105.72864321608039
105.8291457286432
106.13065326633165
106.20603015075376
106.28140703517587
106.43216080402009
106.5075376884422
106.65829145728642
106.73366834170854
106.88442211055275
107.03517587939697
107.11055276381909
107.1859296482412
107.26130653266331
107.33668341708542
107.41206030150754
107.48743718592965
107.56281407035176
107.63819095477386
107.71356783919597
107.78894472361809
107.8643216080402
107.93969849246231
108.09045226130652
108.16582914572864
108.24120603015075
108.31658291457286
108.39195979899498
108.54271356783919
108.6180904522613
108.69346733668341
108.76884422110552
108.84422110552762
108.91959798994974
108.99497487437185
109.07035175879396
109.14572864321607
109.22110552763819
109.29648241206029
109.3718592964824
109.44723618090451
109.52261306532662
109.59798994974874
109.67336683417085
109.74874371859295
109.82412060301506
109.89949748743717
110.05025125628138
110.1256281407035
110.20100502512561
110.27638190954772
110.35175879396984
110.42713567839195
110.50251256281405
110.57788944723616
110.65326633165827
110.72864321608039
110.8040201005025
110.95477386934672
111.10552763819095
111.18090452261306
111.25628140703516
111.33165829145727
111.40703517587939
111.4824120603015
111.55778894472361
111.63316582914572
111.70854271356782
111.78391959798994
111.85929648241205
111.93467336683416
112.01005025125627
112.1608040201005
112.23618090452261
112.31155778894473
112.38693467336684
112.46231155778894
112.53768844221105
112.61306532663316
112.68844221105527
112.76381909547739
112.8391959798995
112.9145728643216
112.98994974874371
113.06532663316582
113.14070351758794
113.21608040201005
113.29145728643216
113.36683417085426
113.51758793969849
113.5929648241206
113.6683417085427
113.74371859296481
113.81909547738692
113.89447236180904
113.96984924623115
114.04522613065326
114.12060301507536
114.19597989949747
114.27135678391959
114.42211055276381
114.57286432160802
114.72361809045225
114.87437185929646
115.02512562814069
115.17587939698491
115.27638190954772
115.37688442211054
115.7788944723618
115.85427135678391
115.92964824120602
116.00502512562814
116.08040201005024
116.15577889447235
116.23115577889446
116.30653266331657
116.38190954773869
116.4572864321608
116.5326633165829
116.60804020100501
116.68341708542712
116.83417085427135
116.90954773869346
116.98492462311557
117.06030150753769
117.1356783919598
117.21105527638191
117.28643216080401
117.58793969849246
117.66331658291458
117.73869346733667
117.81407035175879
117.8894472361809
117.96482412060301
118.04020100502512
118.11557788944724
118.19095477386934
118.26633165829145
118.34170854271356
118.41708542713567
118.49246231155777
118.56783919597989
118.643216080402
118.71859296482411
118.79396984924622
118.86934673366834
118.94472361809044
119.02010050251255
119.09547738693466
119.24623115577889
119.3969849246231
119.47236180904521
119.54773869346732
119.62311557788944
119.69849246231153
119.77386934673365
119.84924623115576
119.92462311557787
119.99999999999999
120.0753768844221
120.1507537688442
120.22613065326631
120.30150753768842
120.37688442211054
120.45226130653265
120.60301507537687
120.67839195979899
120.7537688442211
120.82914572864321
120.90452261306531
120.97989949748742
121.05527638190954
121.13065326633165
121.20603015075376
121.28140703517587
121.35678391959797
121.43216080402009
121.5075376884422
121.58291457286431
121.73366834170854
121.80904522613065
121.88442211055276
121.95979899497488
122.03517587939699
122.11055276381909
122.1859296482412
122.26130653266331
122.33668341708542
122.41206030150754
122.48743718592965
122.56281407035175
122.63819095477386
122.71356783919597
122.78894472361809
122.93969849246231
123.01507537688441
123.09045226130652
123.16582914572864
123.24120603015075
123.31658291457285
123.39195979899496
123.46733668341707
123.54271356783919
123.6180904522613
123.69346733668341
123.76884422110551
123.84422110552762
123.91959798994974
123.99497487437185
124.07035175879396
124.14572864321607
124.22110552763817
124.29648241206029
124.3718592964824
124.44723618090451
124.52261306532661
124.59798994974872
124.67336683417084
124.74874371859295
124.82412060301506
124.89949748743717
124.97487437185927
125.05025125628138
125.1256281407035
125.20100502512561
125.27638190954772
125.42713567839195
125.50251256281406
125.57788944723617
125.72864321608039
125.87939698492461
125.95477386934672
126.03015075376884
126.18090452261305
126.25628140703516
126.33165829145727
126.4824120603015
126.63316582914572
126.93467336683416
127.01005025125627
127.08542713567839
127.1608040201005
127.23618090452261
127.31155778894473
127.38693467336682
127.46231155778894
127.53768844221105
127.83919597989949
127.9145728643216
127.98994974874371
128.06532663316582
128.14070351758792
128.21608040201005
128.29145728643215
128.36683417085425
128.44221105527637
128.51758793969847
128.5929648241206
128.6683417085427
128.74371859296483
128.81909547738692
128.89447236180902
128.96984924623115
129.04522613065325
129.12060301507535
129.19597989949747
129.27135678391957
129.3467336683417
129.4221105527638
129.49748743718592
129.57286432160802
129.64824120603012
129.72361809045225
129.79899497487435
129.87437185929647
129.94974874371857
130.25125628140702
130.32663316582912
130.40201005025125
130.47738693467335
130.55276381909547
130.62814070351757
130.7035175879397
130.8542713567839
131.00502512562812
131.08040201005025
131.15577889447235
131.23115577889445
131.30653266331657
131.4572864321608
131.5326633165829
131.60804020100502
131.68341708542712
131.75879396984925
131.83417085427135
131.90954773869348
131.98492462311557
132.06030150753767
132.1356783919598
132.2110552763819
132.36180904522612
132.43718592964822
132.51256281407035
132.58793969849245
132.66331658291455
132.73869346733665
132.81407035175877
132.88944723618087
132.964824120603
133.0402010050251
133.11557788944722
133.19095477386932
133.26633165829142
133.34170854271355
133.41708542713565
133.56783919597987
133.64321608040197
133.7185929648241
133.86934673366832
133.94472361809042
134.02010050251255
134.09547738693465
134.17085427135677
134.321608040201
134.4723618090452
134.54773869346732
134.69849246231155
134.77386934673365
135.0753768844221
135.22613065326632
135.37688442211055
135.52763819095478
135.60301507537687
135.7537688442211
135.8291457286432
135.97989949748742
136.13065326633165
136.28140703517587
136.4321608040201
136.58291457286433
136.73366834170855
136.80904522613065
136.95979899497488
137.03517587939697
137.1105527638191
137.1859296482412
137.33668341708542
137.48743718592965
137.63819095477388
137.7889447236181
137.93969849246233
138.01507537688443
138.16582914572865
138.24120603015075
138.39195979899498
138.5427135678392
138.6934673366834
138.7688442211055
138.84422110552762
138.91959798994972
138.99497487437185
139.07035175879395
139.14572864321607
139.22110552763817
139.29648241206027
139.3718592964824
139.4472361809045
139.59798994974872
139.67336683417082
139.74874371859295
139.82412060301505
139.89949748743717
139.97487437185927
140.0502512562814
140.1256281407035
140.20100502512562
140.27638190954772
140.35175879396985
140.42713567839195
140.50251256281405
140.60301507537687
140.7035175879397
140.8040201005025
140.90452261306532
141.00502512562812
141.4070351758794
