TITLE Megu Megu Fire Endless Night
BPM   162.0
NOTES
1001 7.4074074074074066
1000 7.592592592592592
0010 7.777777777777777
0100 7.962962962962962
0100 8.333333333333332
0001 8.518518518518517
0010 8.703703703703702
0100 8.88888888888889
0010 9.074074074074074
0001 9.25925925925926
1000 9.444444444444445
1000 9.814814814814815
0010 10.0
1000 10.185185185185185
0100 10.37037037037037
0010 10.555555555555555
0001 10.74074074074074
0010 10.925925925925926
0010 11.296296296296296
0001 11.481481481481481
1000 11.666666666666666
0100 11.851851851851851
1000 12.037037037037036
0001 12.12962962962963
1000 12.222222222222221
0001 12.407407407407407
0010 12.5
0001 12.592592592592592
1000 12.685185185185185
0010 12.777777777777777
0100 12.87037037037037
0010 12.962962962962962
1000 13.055555555555555
0001 13.148148148148147
0010 13.24074074074074
0110 15.901234567901232
1000 16.296296296296294
0001 16.388888888888886
1000 16.48148148148148
0001 16.574074074074073
0100 16.666666666666664
0010 16.759259259259256
1000 16.944444444444443
0001 17.129629629629626
1000 17.314814814814813
0100 17.407407407407405
0010 17.59259259259259
0002 17.77777777777778
1003 18.055555555555557
0200 18.333333333333336
1300 18.51851851851852
0001 18.61111111111111
0100 18.703703703703706
0010 18.796296296296298
1000 18.88888888888889
0001 19.074074074074076
0010 19.25925925925926
0100 19.35185185185185
0010 19.444444444444446
0100 19.537037037037038
1000 19.62962962962963
0001 19.72222222222222
0100 19.90740740740741
0010 20.09259259259259
0100 20.27777777777778
0001 20.37037037037037
1000 20.555555555555557
0001 20.74074074074074
0010 20.833333333333332
0100 20.925925925925927
0010 21.01851851851852
0100 21.11111111111111
1000 21.203703703703702
0001 21.296296296296298
0100 21.38888888888889
0010 21.48148148148148
0100 21.574074074074073
0010 21.666666666666668
1000 21.75925925925926
0001 21.85185185185185
0100 22.037037037037038
0010 22.22222222222222
1000 22.314814814814813
0001 22.40740740740741
1000 22.5
0100 22.59259259259259
0010 22.685185185185183
0100 22.87037037037037
1000 23.055555555555554
0001 23.24074074074074
0100 23.333333333333332
0010 23.51851851851852
2000 23.703703703703702
3001 23.98148148148148
0200 24.25925925925926
0301 24.444444444444443
0010 24.537037037037035
0100 24.62962962962963
1000 24.72222222222222
0001 24.814814814814813
0100 25.0
0010 25.185185185185183
1000 25.277777777777775
0010 25.37037037037037
1000 25.462962962962962
0001 25.555555555555554
0010 25.648148148148145
0100 25.833333333333332
1000 26.018518518518515
0001 26.203703703703702
0100 26.296296296296294
0010 26.48148148148148
2000 26.666666666666664
3001 26.944444444444443
0002 27.22222222222222
0103 27.407407407407405
0001 27.59259259259259
0010 27.685185185185183
0100 27.777777777777775
1000 27.962962962962962
0010 28.055555555555554
0100 28.148148148148145
0010 28.333333333333332
0100 28.518518518518515
0001 28.703703703703702
0010 28.888888888888886
0200 29.074074074074073
0320 29.444444444444443
0001 29.814814814814813
0100 30.185185185185183
0002 30.555555555555554
0033 30.925925925925924
1001 31.11111111111111
1000 31.296296296296298
0010 31.48148148148148
0100 31.666666666666668
0001 31.85185185185185
0010 32.03703703703704
0001 32.22222222222222
0200 32.407407407407405
0310 32.77777777777777
1000 32.96296296296296
0001 33.148148148148145
0010 33.33333333333333
0012 33.7037037037037
1003 34.07407407407407
0010 34.25925925925925
0100 34.44444444444444
0001 34.629629629629626
0010 34.81481481481481
0001 34.99999999999999
2000 35.37037037037037
0010 35.74074074074074
0001 36.111111111111114
0010 36.48148148148148
3200 36.851851851851855
0310 37.22222222222222
0002 37.40740740740741
1000 37.77777777777778
1000 37.96296296296296
0203 38.333333333333336
0310 38.7037037037037
1000 38.88888888888889
0001 38.98148148148148
1000 39.074074074074076
1100 39.25925925925926
0101 39.62962962962963
0100 39.81481481481482
2001 40.0
3020 40.370370370370374
0230 40.74074074074074
1300 41.111111111111114
0200 41.2962962962963
0301 41.666666666666664
2000 41.851851851851855
3100 42.22222222222222
0010 42.407407407407405
0001 42.592592592592595
1000 42.77777777777778
0002 42.96296296296296
0203 43.333333333333336
0320 43.7037037037037
0031 44.074074074074076
0020 44.25925925925926
1030 44.629629629629626
0002 44.81481481481482
1003 45.18518518518518
0100 45.37037037037037
0010 45.55555555555556
0001 45.74074074074074
0201 45.925925925925924
0001 46.2962962962963
0010 46.85185185185185
0300 47.03703703703704
0010 47.22222222222222
1000 47.407407407407405
0001 47.59259259259259
0101 48.148148148148145
1100 48.51851851851852
2001 48.888888888888886
3100 49.25925925925926
0020 49.44444444444444
0031 49.81481481481481
0100 50.0
0010 50.18518518518518
1000 50.37037037037037
0001 50.55555555555555
1000 50.648148148148145
0001 50.74074074074074
0010 50.83333333333333
0001 50.925925925925924
1000 51.01851851851851
0010 51.11111111111111
0100 51.2037037037037
0001 51.29629629629629
0010 51.388888888888886
0100 51.48148148148148
1000 51.57407407407407
0001 51.666666666666664
1000 51.75925925925925
0001 51.85185185185185
1001 52.96296296296296
1010 53.33333333333333
0100 53.51851851851851
1010 53.7037037037037
0100 53.888888888888886
1010 54.07407407407407
0002 54.35185185185185
0023 54.629629629629626
0130 54.99999999999999
1000 55.18518518518518
0001 55.37037037037037
0100 55.74074074074073
0010 55.925925925925924
1000 56.11111111111111
0001 56.29629629629629
0100 56.388888888888886
0001 56.481481481481474
1000 56.666666666666664
0100 56.85185185185185
0010 57.03703703703703
0001 57.129629629629626
1000 57.222222222222214
0010 57.407407407407405
0100 57.59259259259259
0001 57.77777777777777
1000 57.87037037037037
0001 57.962962962962955
0010 58.148148148148145
0100 58.33333333333333
1100 58.51851851851851
0101 58.888888888888886
0100 59.07407407407407
0011 59.25925925925925
0100 59.444444444444436
0011 59.629629629629626
0100 59.81481481481481
0011 59.99999999999999
2000 60.27777777777777
3200 60.55555555555555
1300 60.925925925925924
0001 61.111111111111114
0100 61.2962962962963
0010 61.666666666666664
1000 61.851851851851855
0001 62.03703703703704
1000 62.22222222222222
0100 62.31481481481482
0010 62.407407407407405
0100 62.592592592592595
1000 62.77777777777778
0010 62.96296296296296
0100 63.05555555555556
0001 63.148148148148145
1000 63.333333333333336
0001 63.51851851851852
0010 63.7037037037037
0001 63.7962962962963
0100 63.888888888888886
0010 64.07407407407408
1000 64.16666666666667
0001 64.25925925925925
1000 64.44444444444444
0100 64.53703703703704
1000 64.62962962962963
0001 64.72222222222221
0100 64.81481481481481
0001 64.9074074074074
0010 65.0
0100 65.0925925925926
2000 65.18518518518518
0001 65.37037037037037
0001 65.55555555555554
3020 65.92592592592592
0100 66.1111111111111
0230 66.48148148148147
0301 66.85185185185185
1000 67.03703703703702
0100 67.12962962962962
0010 67.22222222222221
0001 67.4074074074074
0100 67.59259259259258
0010 67.77777777777777
1000 67.87037037037037
0001 67.96296296296295
0020 68.14814814814814
0100 68.33333333333333
0100 68.5185185185185
0032 68.88888888888889
1000 69.07407407407406
1003 69.44444444444443
0010 69.62962962962962
0100 69.72222222222221
0010 69.81481481481481
1000 69.90740740740739
0010 69.99999999999999
0100 70.09259259259258
0001 70.18518518518518
0010 70.27777777777777
0100 70.37037037037037
1000 70.46296296296295
0001 70.55555555555554
0010 70.64814814814814
0100 70.74074074074073
1000 70.83333333333333
0001 70.92592592592591
0100 71.0185185185185
0020 71.11111111111111
2030 71.48148148148148
3002 71.85185185185186
0013 72.22222222222223
0200 72.4074074074074
1300 72.77777777777779
0002 72.96296296296296
2003 73.33333333333334
3020 73.70370370370371
1030 74.07407407407408
0001 74.25925925925927
0010 74.44444444444444
0100 74.53703703703704
1000 74.62962962962963
0001 74.81481481481482
0100 75.0
0010 75.0925925925926
1000 75.18518518518519
0010 75.27777777777779
0100 75.37037037037037
0001 75.46296296296296
1000 75.55555555555556
1000 75.92592592592592
1000 76.2962962962963
1000 76.48148148148148
0001 76.66666666666667
0001 76.85185185185185
1001 77.03703703703704
1000 77.22222222222223
0100 77.4074074074074
0010 77.77777777777779
0001 77.96296296296296
2000 78.33333333333333
3010 78.70370370370371
0100 78.88888888888889
0001 79.25925925925927
2000 79.44444444444444
3001 79.81481481481481
0012 80.0
1003 80.37037037037037
0010 80.55555555555556
0010 80.74074074074075
0100 80.92592592592592
0001 81.11111111111111
0001 81.29629629629629
0101 81.48148148148148
1000 81.66666666666667
1000 81.85185185185185
0200 82.03703703703704
0010 82.22222222222223
0010 82.4074074074074
1300 82.5925925925926
1000 82.77777777777777
1100 82.96296296296296
0100 83.14814814814815
1000 83.33333333333333
0001 83.42592592592592
0100 83.61111111111111
0001 83.70370370370371
0100 83.79629629629629
0001 83.88888888888889
0100 84.07407407407408
0010 84.16666666666667
1000 84.35185185185185
0010 84.44444444444444
1000 84.53703703703704
0010 84.62962962962963
1000 84.81481481481481
0001 84.9074074074074
0010 85.0925925925926
0001 85.18518518518519
0010 85.27777777777777
0001 85.37037037037037
0010 85.55555555555556
0100 85.64814814814815
1000 85.83333333333333
0100 85.92592592592592
1000 86.01851851851852
0100 86.11111111111111
1000 86.29629629629629
0010 86.38888888888889
0100 86.57407407407408
0010 86.66666666666667
0100 86.75925925925925
0010 86.85185185185185
0100 87.03703703703704
0001 87.12962962962963
1000 87.31481481481481
0001 87.4074074074074
1000 87.5
0001 87.5925925925926
1000 87.77777777777777
0010 87.87037037037037
0100 88.05555555555556
0001 88.14814814814815
1000 88.24074074074073
0100 88.33333333333333
0010 88.42592592592592
0001 88.51851851851852
1000 88.61111111111111
0100 88.7037037037037
0010 88.79629629629629
0002 88.88888888888889
0100 89.62962962962963
0013 90.0
2001 90.37037037037037
3010 91.11111111111111
0100 91.29629629629629
0001 91.48148148148148
0020 91.66666666666666
0230 92.03703703703704
0320 92.4074074074074
0031 92.77777777777777
1000 92.96296296296296
0010 93.14814814814814
0100 93.33333333333333
0001 93.51851851851852
0100 93.7037037037037
0020 93.88888888888889
1030 94.25925925925925
0001 94.44444444444444
0010 94.62962962962962
0100 94.81481481481481
1000 95.0
0001 95.18518518518518
0200 95.37037037037037
0300 96.1111111111111
0001 96.29629629629629
1000 96.35802469135803
0001 96.41975308641975
1000 96.48148148148148
0100 96.5432098765432
1000 96.60493827160494
0100 96.66666666666666
0010 96.72839506172839
0001 96.79012345679011
0010 96.85185185185185
0100 96.91358024691357
1000 96.9753086419753
0100 97.03703703703704
0010 97.09876543209876
0100 97.1604938271605
1000 97.22222222222221
0001 97.28395061728395
0100 97.34567901234567
0001 97.4074074074074
1000 97.46913580246913
0010 97.53086419753086
0100 97.59259259259258
0001 97.65432098765432
0100 97.71604938271604
0010 97.77777777777777
0100 97.8395061728395
0010 97.90123456790123
1000 97.96296296296296
0001 98.02469135802468
0100 98.08641975308642
0001 98.14814814814814
1000 98.20987654320987
0010 98.2716049382716
0100 98.33333333333333
0001 98.39506172839505
1000 98.45679012345678
0100 98.51851851851852
0010 98.58024691358024
0001 98.64197530864197
1000 98.7037037037037
0100 98.76543209876543
0010 98.82716049382715
0001 98.88888888888889
0010 98.9506172839506
0100 99.01234567901234
1000 99.07407407407406
0001 99.1358024691358
0100 99.19753086419752
0010 99.25925925925925
1000 99.44444444444444
0001 99.62962962962962
0020 99.81481481481481
0130 100.18518518518518
0010 100.37037037037037
0001 100.55555555555554
1000 100.74074074074073
0010 100.92592592592592
0100 101.1111111111111
0001 101.2037037037037
0100 101.29629629629629
0010 101.38888888888889
1000 101.48148148148148
0001 101.57407407407406
0010 101.66666666666666
0100 101.75925925925925
1000 101.85185185185185
0001 101.94444444444444
0010 102.03703703703702
0100 102.12962962962962
2000 102.22222222222221
3001 103.33333333333333
0010 103.5185185185185
0101 103.7037037037037
0010 103.88888888888889
0101 104.07407407407406
0010 104.25925925925925
0101 104.44444444444444
2000 104.72222222222221
3020 104.99999999999999
0130 105.37037037037037
0001 105.55555555555554
1000 105.74074074074073
0100 106.1111111111111
0010 106.29629629629629
0001 106.48148148148147
1000 106.66666666666666
0010 106.75925925925925
0100 106.85185185185185
0001 107.03703703703702
0100 107.22222222222221
0010 107.4074074074074
1000 107.49999999999999
0100 107.59259259259258
0010 107.77777777777777
0100 107.96296296296295
1000 108.14814814814814
0001 108.24074074074073
0100 108.33333333333333
0010 108.5185185185185
1000 108.7037037037037
1001 108.88888888888889
1010 109.25925925925925
0010 109.44444444444443
1100 109.62962962962962
0010 109.81481481481481
1100 109.99999999999999
0010 110.18518518518518
1100 110.37037037037037
0002 110.64814814814814
0023 110.92592592592591
0130 111.29629629629629
1000 111.48148148148147
0001 111.66666666666666
1000 112.03703703703702
0010 112.22222222222221
1000 112.40740740740739
0001 112.59259259259258
0010 112.68518518518518
0100 112.77777777777777
0010 112.96296296296295
0001 113.14814814814814
1000 113.33333333333333
0010 113.42592592592591
0100 113.5185185185185
0010 113.7037037037037
1000 113.88888888888887
0001 114.07407407407406
0010 114.16666666666666
0100 114.25925925925925
0010 114.44444444444443
0001 114.53703703703702
1000 114.62962962962962
0010 114.72222222222221
0100 114.81481481481481
0001 114.90740740740739
0100 114.99999999999999
0001 115.09259259259258
1000 115.18518518518518
0100 115.27777777777777
0010 115.37037037037035
0001 115.46296296296295
2000 115.55555555555554
0010 115.74074074074073
0010 115.92592592592591
3002 116.29629629629629
0010 116.48148148148147
2003 116.85185185185183
3010 117.22222222222221
0100 117.40740740740739
0001 117.49999999999999
1000 117.59259259259258
0100 117.77777777777777
0010 117.96296296296295
0100 118.14814814814814
1000 118.24074074074073
0001 118.33333333333331
0200 118.5185185185185
0010 118.7037037037037
0010 118.88888888888887
0302 119.25925925925925
1000 119.44444444444443
1003 119.8148148148148
0100 120.0
0010 120.0925925925926
0100 120.18518518518519
1000 120.27777777777777
0010 120.37037037037037
0100 120.46296296296296
0001 120.55555555555556
0010 120.64814814814815
0001 120.74074074074075
0100 120.83333333333333
0010 120.92592592592592
1000 121.01851851851852
0001 121.11111111111111
0010 121.20370370370371
0100 121.29629629629629
1000 121.38888888888889
0002 121.48148148148148
0203 121.85185185185185
0320 122.22222222222223
1030 122.5925925925926
0002 122.77777777777777
0013 123.14814814814815
0200 123.33333333333333
2300 123.70370370370371
3020 124.07407407407408
0130 124.44444444444444
0001 124.62962962962963
1000 124.81481481481481
0100 124.9074074074074
1000 125.0
0001 125.18518518518519
0100 125.37037037037037
0010 125.46296296296296
1000 125.55555555555556
0100 125.64814814814815
0010 125.74074074074073
0001 125.83333333333333
0100 125.92592592592592
0100 126.17283950617283
0010 126.41975308641975
0010 126.91358024691358
0010 127.1604938271605
1001 127.4074074074074
1000 127.77777777777777
0001 128.14814814814815
0001 128.33333333333334
1000 128.5185185185185
1000 128.7037037037037
0110 128.88888888888889
0002 130.37037037037035
2000 130.74074074074073
3113 131.48148148148147
1000 131.85185185185185
0100 131.94444444444443
0010 132.03703703703704
0001 132.12962962962962
1000 132.22222222222223
0010 132.3148148148148
0100 132.5
0010 132.6851851851852
1000 132.87037037037035
0001 132.96296296296296
0010 133.14814814814815
0200 133.33333333333331
0310 133.6111111111111
0200 133.88888888888886
1300 134.07407407407405
0001 134.16666666666666
0100 134.25925925925924
0001 134.35185185185182
1000 134.44444444444443
0100 134.62962962962962
0010 134.8148148148148
0001 134.9074074074074
0100 135.0
0001 135.09259259259258
1000 135.1851851851852
0010 135.27777777777777
0100 135.46296296296296
0010 135.64814814814815
1000 135.83333333333331
0100 135.92592592592592
0010 136.11111111111111
0001 136.29629629629628
0010 136.38888888888886
0100 136.48148148148147
0010 136.57407407407405
0001 136.66666666666666
1000 136.75925925925924
0010 136.85185185185182
0100 136.94444444444443
0001 137.037037037037
0010 137.12962962962962
0100 137.2222222222222
1000 137.31481481481478
0001 137.4074074074074
0100 137.59259259259258
0010 137.77777777777777
1000 137.87037037037035
0010 137.96296296296296
1000 138.05555555555554
0100 138.14814814814815
0010 138.24074074074073
0001 138.42592592592592
1000 138.61111111111111
0010 138.79629629629628
0100 138.88888888888889
0001 139.07407407407408
2000 139.25925925925924
3100 139.537037037037
0020 139.81481481481478
0130 139.99999999999997
1000 140.09259259259258
0001 140.18518518518516
0100 140.27777777777774
0010 140.37037037037035
1000 140.55555555555554
0001 140.74074074074073
0100 140.83333333333331
0001 140.92592592592592
0100 141.0185185185185
0010 141.11111111111111
1000 141.2037037037037
0001 141.38888888888889
0010 141.57407407407408
0100 141.75925925925924
1000 141.85185185185185
0001 142.03703703703704
1000 142.22222222222223
0010 142.3148148148148
0100 142.40740740740742
0001 142.5
1000 142.5925925925926
0100 142.6851851851852
0010 142.77777777777777
0100 142.87037037037038
0010 142.96296296296296
0001 143.05555555555557
0010 143.14814814814815
0100 143.24074074074073
1000 143.33333333333334
0010 143.42592592592592
0100 143.51851851851853
0001 143.61111111111111
1000 143.7037037037037
0100 143.88888888888889
1000 144.07407407407408
0001 144.16666666666666
1000 144.25925925925924
0001 144.35185185185185
1000 144.44444444444443
0001 144.53703703703704
1000 144.62962962962962
0001 144.7222222222222
1000 144.8148148148148
0110 145.0
