TITLE Middle
BPM   93.0
NOTES
09 2.5806451612903225
01 2.924731182795699
02 3.096774193548387
04 3.268817204301075
08 3.6129032258064515
02 3.78494623655914
08 3.956989247311828
02 4.129032258064516
02 4.301075268817204
01 4.473118279569892
08 4.817204301075269
09 5.161290322580645
01 5.505376344086021
04 5.67741935483871
02 5.849462365591398
08 6.193548387096774
01 6.365591397849462
02 6.53763440860215
04 6.709677419354839
04 6.881720430107527
01 7.053763440860215
08 7.397849462365592
12 7.741935483870968
04 8.086021505376344
02 8.258064516129032
01 8.43010752688172
02 8.774193548387096
04 8.946236559139786
08 9.118279569892474
02 9.290322580645162
02 9.46236559139785
04 9.634408602150538
08 9.978494623655914
09 10.32258064516129
01 10.655567117585848
02 10.822060353798127
04 10.988553590010406
02 11.321540062434963
01 11.488033298647242
08 11.65452653485952
02 11.8210197710718
02 11.90426638917794
01 12.070759625390219
08 12.237252861602498
01 12.403746097814775
02 12.570239334027054
04 12.736732570239333
12 12.903225806451612
08 13.247311827956988
04 13.419354838709676
01 13.591397849462364
04 13.93548387096774
08 14.10752688172043
01 14.279569892473118
04 14.451612903225806
04 14.623655913978494
08 14.795698924731182
09 15.139784946236558
05 15.483870967741936
04 15.827956989247312
02 16.0
01 16.172043010752688
02 16.516129032258064
08 16.688172043010752
02 16.86021505376344
04 17.032258064516128
04 17.204301075268816
08 17.376344086021504
12 17.720430107526884
06 18.064516129032256
02 18.408602150537632
04 18.58064516129032
01 18.75268817204301
04 19.096774193548384
08 19.268817204301072
01 19.44086021505376
02 19.61290322580645
02 19.784946236559136
04 19.956989247311824
01 20.473118279569892
08 20.64516129032258
04 20.81165452653486
02 20.978147762747138
04 21.144640998959417
09 21.477627471383975
05 21.810613943808534
04 22.14360041623309
04 22.22684703433923
08 22.39334027055151
01 22.559833506763788
02 22.726326742976067
04 22.892819979188346
08 23.059313215400625
09 23.225806451612904
01 23.548387096774196
06 23.870967741935484
08 24.193548387096776
02 24.35483870967742
10 24.516129032258064
04 24.838709677419356
06 25.0
01 25.322580645161292
09 25.483870967741936
08 25.96774193548387
04 26.29032258064516
02 26.37096774193548
01 26.451612903225804
08 26.61290322580645
10 26.93548387096774
05 27.258064516129032
01 27.58064516129032
02 27.741935483870968
04 27.903225806451612
08 28.2258064516129
01 28.387096774193548
08 28.70967741935484
06 29.032258064516128
01 29.35483870967742
08 29.516129032258064
09 29.677419354838708
04 30.0
09 30.161290322580644
02 30.483870967741936
09 30.64516129032258
01 31.129032258064516
04 31.451612903225808
01 31.532258064516128
08 31.612903225806452
04 31.774193548387096
06 32.096774193548384
03 32.41935483870968
01 32.58064516129032
08 32.74193548387097
02 32.903225806451616
04 33.064516129032256
01 33.225806451612904
02 33.38709677419355
04 33.54838709677419
12 34.03225806451613
01 34.193548387096776
04 34.354838709677416
02 34.677419354838705
08 34.75806451612903
02 34.83870967741935
04 35.0
01 35.32258064516129
08 35.483870967741936
01 35.64516129032258
08 35.96774193548387
04 36.04838709677419
08 36.12903225806451
09 36.61290322580645
04 36.774193548387096
02 36.93548387096774
08 37.258064516129025
04 37.33870967741935
08 37.41935483870967
01 37.58064516129032
04 37.90322580645161
02 38.064516129032256
10 38.387096774193544
09 38.70967741935484
05 39.193548387096776
02 39.35483870967742
08 39.516129032258064
04 39.83870967741936
02 39.91935483870968
01 40.0
08 40.16129032258065
04 40.483870967741936
02 40.645161290322584
01 40.806451612903224
08 41.12903225806452
02 41.20967741935484
08 41.29032258064516
12 41.774193548387096
06 42.25806451612903
01 42.58064516129032
08 42.74193548387097
02 43.064516129032256
04 43.225806451612904
01 43.387096774193544
08 43.54838709677419
01 43.87096774193548
02 44.03225806451613
03 44.354838709677416
04 44.516129032258064
08 44.677419354838705
01 45.0
04 45.08064516129032
02 45.16129032258064
04 45.32258064516129
01 45.64516129032258
08 45.806451612903224
04 45.967741935483865
02 46.29032258064516
01 46.37096774193548
02 46.45161290322581
04 46.612903225806456
06 46.935483870967744
08 47.09677419354839
01 47.25806451612903
08 47.58064516129032
01 47.66129032258065
04 47.74193548387097
02 47.903225806451616
08 48.225806451612904
01 48.38709677419355
09 48.70967741935484
12 49.03225806451613
08 49.193548387096776
12 49.516129032258064
01 49.67741935483871
02 49.83870967741935
04 50.16129032258064
08 50.24193548387097
01 50.32258064516129
02 50.483870967741936
01 50.806451612903224
08 50.96774193548387
02 51.12903225806451
04 51.45161290322581
01 51.53225806451613
04 51.61290322580645
02 51.774193548387096
06 52.096774193548384
10 52.58064516129032
04 52.90322580645161
02 53.064516129032256
01 53.387096774193544
08 53.54838709677419
02 53.70967741935483
04 53.87096774193548
01 54.03225806451613
08 54.193548387096776
02 54.516129032258064
08 54.67741935483871
04 54.83870967741936
02 55.16129032258065
01 55.322580645161295
04 55.483870967741936
02 55.806451612903224
08 55.96774193548387
01 56.12903225806452
08 56.45161290322581
01 56.612903225806456
08 56.774193548387096
04 57.096774193548384
08 57.25806451612903
02 57.41935483870968
04 57.74193548387097
01 57.903225806451616
02 58.064516129032256
04 58.387096774193544
08 58.54838709677419
02 58.70967741935484
04 59.03225806451613
01 59.193548387096776
08 59.354838709677416
01 59.677419354838705
04 59.83870967741935
01 60.0
08 60.32258064516129
04 60.483870967741936
08 60.64516129032258
01 60.967741935483865
04 61.12903225806451
01 61.29032258064516
05 61.935483870967744
10 62.25806451612903
09 62.58064516129033
03 62.903225806451616
02 63.225806451612904
04 63.38709677419355
08 63.54838709677419
04 63.70967741935484
08 63.87096774193549
01 63.95161290322581
08 64.03225806451613
01 64.11290322580645
08 64.19354838709677
12 64.51612903225806
08 64.86021505376344
01 65.03225806451613
08 65.20430107526882
01 65.54838709677419
08 65.72043010752688
02 65.89247311827957
04 66.06451612903226
04 66.23655913978494
08 66.40860215053763
01 66.75268817204301
09 67.09677419354838
08 67.44086021505376
01 67.61290322580645
04 67.78494623655914
02 68.12903225806451
08 68.3010752688172
02 68.47311827956989
04 68.64516129032258
04 68.81720430107526
08 68.98924731182795
01 69.33333333333333
09 69.6774193548387
08 70.02150537634408
02 70.19354838709677
08 70.36559139784946
04 70.70967741935483
02 70.88172043010752
01 71.05376344086021
04 71.2258064516129
04 71.39784946236558
08 71.56989247311827
01 71.91397849462365
03 72.25806451612902
02 72.59105098855358
04 72.75754422476587
08 72.92403746097814
01 73.25702393340269
08 73.42351716961498
01 73.59001040582726
02 73.75650364203953
02 73.83975026014568
08 74.00624349635795
01 74.17273673257023
08 74.3392299687825
01 74.5057232049948
04 74.67221644120707
05 74.83870967741936
01 75.18279569892474
04 75.35483870967742
08 75.52688172043011
04 75.87096774193549
01 76.04301075268818
08 76.21505376344086
02 76.38709677419355
02 76.55913978494624
04 76.73118279569893
12 77.0752688172043
10 77.41935483870968
02 77.76344086021506
04 77.93548387096774
08 78.10752688172043
04 78.45161290322581
01 78.6236559139785
04 78.79569892473118
02 78.96774193548387
02 79.13978494623656
01 79.31182795698925
09 79.65591397849462
10 80.0
02 80.34408602150538
04 80.51612903225806
08 80.68817204301075
04 81.03225806451613
01 81.20430107526882
08 81.3763440860215
02 81.54838709677419
02 81.72043010752688
04 81.89247311827957
08 82.40860215053763
01 82.58064516129032
08 82.74193548387096
01 82.90322580645162
04 83.06451612903226
10 83.38709677419355
06 83.70967741935483
05 84.03225806451613
01 84.35483870967742
08 84.51612903225806
12 84.83870967741936
03 85.16129032258064
01 85.50537634408602
02 85.6774193548387
04 85.84946236559139
08 86.02150537634408
02 86.19354838709677
04 86.36559139784946
01 86.53763440860214
02 86.70967741935483
02 86.88172043010752
08 87.05376344086021
01 87.39784946236558
05 87.74193548387096
04 88.08602150537634
02 88.25806451612902
08 88.43010752688171
01 88.77419354838709
04 88.94623655913978
02 89.11827956989247
04 89.29032258064515
04 89.46236559139784
08 89.63440860215053
01 89.80645161290322
08 90.1505376344086
02 90.32258064516128
04 90.66666666666666
01 90.83870967741935
08 91.01075268817203
04 91.35483870967741
02 91.5268817204301
01 91.69892473118279
02 91.87096774193547
02 92.04301075268816
08 92.21505376344085
01 92.55913978494623
05 92.90322580645162
04 93.23621227887617
02 93.40270551508846
08 93.56919875130073
04 93.90218522372528
02 94.06867845993757
01 94.23517169614985
02 94.40166493236212
02 94.48491155046827
08 94.65140478668054
04 94.81789802289282
02 94.9843912591051
01 95.15088449531738
08 95.31737773152966
09 95.48387096774194
01 95.82795698924731
02 96.0
08 96.17204301075269
02 96.51612903225806
01 96.68817204301075
04 96.86021505376344
02 97.03225806451613
02 97.20430107526882
01 97.3763440860215
09 97.72043010752688
12 98.06451612903226
04 98.40860215053763
02 98.58064516129032
08 98.75268817204301
02 99.09677419354838
04 99.26881720430107
08 99.44086021505376
02 99.61290322580645
02 99.78494623655914
01 99.95698924731182
05 100.3010752688172
06 100.64516129032258
02 100.98924731182795
04 101.16129032258064
08 101.33333333333333
04 101.6774193548387
01 101.84946236559139
02 102.02150537634408
04 102.19354838709677
04 102.36559139784946
01 102.53763440860214
08 103.05376344086021
02 103.2258064516129
04 103.39229968782517
01 103.55879292403745
08 103.72528616024974
09 104.05827263267429
03 104.39125910509885
02 104.7242455775234
02 104.80749219562955
08 104.97398543184183
01 105.1404786680541
02 105.30697190426638
04 105.47346514047867
08 105.63995837669094
09 105.80645161290322
01 106.12903225806451
04 106.4516129032258
02 106.61290322580645
08 106.93548387096773
01 107.25806451612902
02 107.58064516129032
04 107.74193548387096
08 107.9032258064516
01 108.2258064516129
09 108.70967741935485
04 109.03225806451613
02 109.19354838709678
01 109.51612903225806
08 109.83870967741936
02 110.16129032258065
04 110.3225806451613
01 110.48387096774194
08 110.80645161290323
12 111.29032258064517
02 111.45161290322581
03 112.74193548387098
08 112.8225806451613
01 112.90322580645162
02 113.06451612903226
04 113.38709677419355
08 113.70967741935483
01 113.87096774193549
04 114.19354838709677
02 114.35483870967742
08 114.6774193548387
01 115.0
08 115.3225806451613
04 115.64516129032258
06 116.12903225806451
06 116.45161290322581
09 116.77419354838709
01 116.93548387096774
08 117.09677419354838
04 117.25806451612902
02 117.58064516129032
04 117.74193548387096
08 118.2258064516129
01 118.54838709677419
04 118.87096774193547
02 119.03225806451613
08 119.35483870967741
01 119.51612903225806
02 119.83870967741935
04 120.16129032258064
08 120.32258064516128
01 120.64516129032258
04 120.80645161290322
01 121.12903225806451
09 121.61290322580645
02 121.93548387096773
02 122.9032258064516
08 123.38709677419354
01 123.54838709677418
04 123.70967741935483
02 124.19354838709678
04 124.35483870967742
01 124.51612903225806
08 124.67741935483872
04 125.0
02 125.3225806451613
01 125.48387096774194
08 125.64516129032259
02 125.80645161290323
04 125.96774193548387
01 126.29032258064517
08 126.45161290322581
01 126.8075639599555
04 126.89655172413794
05 127.16351501668521
