TITLE Mirai Prism
BPM   140.0
NOTES
13.714285714285714
13.928571428571427
14.142857142857142
14.357142857142856
14.571428571428571
14.785714285714285
15.214285714285714
15.428571428571427
15.857142857142856
16.07142857142857
16.285714285714285
16.5
16.928571428571427
17.142857142857142
17.357142857142858
17.785714285714285
18.0
18.214285714285715
18.428571428571427
18.642857142857142
18.857142857142858
19.071428571428573
19.285714285714285
19.5
19.821428571428573
19.92857142857143
20.357142857142858
20.57142857142857
20.999999999999996
21.21428571428571
21.64285714285714
21.857142857142854
22.07142857142857
22.285714285714285
22.71428571428571
22.928571428571427
23.357142857142854
23.57142857142857
23.785714285714285
24.0
24.428571428571427
24.642857142857142
25.07142857142857
25.285714285714285
25.71428571428571
25.928571428571427
26.14285714285714
26.357142857142854
26.785714285714285
27.21428571428571
27.428571428571427
27.642857142857142
27.857142857142854
28.07142857142857
28.285714285714285
28.392857142857142
28.5
28.607142857142854
28.71428571428571
28.928571428571427
29.142857142857142
29.357142857142858
29.57142857142857
29.785714285714285
30.0
30.214285714285715
30.428571428571427
30.642857142857142
30.714285714285715
30.785714285714285
30.857142857142854
31.07142857142857
31.28571428571428
31.499999999999996
31.71428571428571
31.928571428571423
32.14285714285714
32.357142857142854
32.57142857142857
32.785714285714285
33.0
33.214285714285715
33.42857142857142
33.64285714285714
33.75
33.857142857142854
34.07142857142857
34.17857142857142
34.285714285714285
34.5
34.714285714285715
34.92857142857143
35.14285714285714
35.25
35.357142857142854
35.57142857142857
35.785714285714285
36.0
36.107142857142854
36.214285714285715
36.42857142857143
36.642857142857146
36.857142857142854
37.07142857142857
37.285714285714285
37.5
37.607142857142854
37.714285714285715
37.92857142857143
38.142857142857146
38.35714285714286
38.57142857142857
38.67857142857143
38.892857142857146
39.0
39.214285714285715
39.42857142857142
39.53571428571428
39.64285714285714
39.69642857142857
39.74999999999999
39.96428571428571
40.07142857142857
40.28571428571428
40.39285714285714
40.607142857142854
40.71428571428571
41.14285714285714
41.357142857142854
41.57142857142857
41.785714285714285
41.99999999999999
42.21428571428571
42.32142857142857
42.42857142857142
42.64285714285714
42.857142857142854
43.07142857142857
43.285714285714285
43.5
43.71428571428571
43.92857142857142
44.14285714285714
44.357142857142854
44.46428571428571
44.57142857142857
44.785714285714285
45.0
45.214285714285715
45.42857142857142
45.535714285714285
45.75
45.857142857142854
46.07142857142857
46.285714285714285
46.5
46.607142857142854
46.714285714285715
46.92857142857143
47.035714285714285
47.14285714285714
47.25
47.464285714285715
47.57142857142857
47.785714285714285
48.0
48.214285714285715
48.42857142857143
48.642857142857146
48.857142857142854
48.964285714285715
49.17857142857143
49.285714285714285
49.5
49.71428571428571
49.92857142857142
50.14285714285714
50.357142857142854
50.57142857142856
50.78571428571428
50.99999999999999
51.21428571428571
51.32142857142856
51.42857142857142
51.64285714285714
51.857142857142854
52.07142857142857
52.28571428571428
52.39285714285714
52.607142857142854
52.71428571428571
52.92857142857142
53.14285714285714
53.99999999999999
54.21428571428571
54.32142857142857
54.535714285714285
54.64285714285714
54.857142857142854
55.07142857142857
55.285714285714285
55.39285714285714
55.607142857142854
55.82142857142857
55.92857142857142
56.14285714285714
56.25
56.46428571428571
56.67857142857142
56.785714285714285
57.0
57.107142857142854
57.32142857142857
57.535714285714285
57.64285714285714
57.857142857142854
57.964285714285715
58.07142857142857
58.17857142857142
58.39285714285714
58.5
58.714285714285715
58.82142857142857
59.035714285714285
59.25
59.357142857142854
59.57142857142857
59.67857142857143
59.89285714285714
60.107142857142854
60.214285714285715
60.42857142857143
60.535714285714285
60.75
60.964285714285715
61.07142857142857
61.285714285714285
61.392857142857146
61.5
61.607142857142854
61.71428571428571
61.82142857142856
61.92857142857142
62.03571428571428
62.14285714285714
62.24999999999999
62.357142857142854
62.46428571428571
62.57142857142856
62.67857142857142
62.78571428571428
62.89285714285714
62.99999999999999
63.107142857142854
63.21428571428571
63.32142857142856
63.42857142857142
63.53571428571428
63.64285714285714
63.74999999999999
63.857142857142854
63.96428571428571
64.07142857142857
64.17857142857142
64.28571428571428
64.39285714285714
64.5
64.60714285714285
64.71428571428571
64.82142857142857
64.92857142857142
65.03571428571428
65.14285714285714
65.57142857142857
66.0
66.42857142857143
66.85714285714285
67.07142857142856
67.28571428571428
67.39285714285714
67.49999999999999
67.60714285714285
67.71428571428571
68.14285714285714
68.35714285714285
68.57142857142857
68.78571428571428
69.0
69.21428571428571
69.42857142857143
69.64285714285714
69.85714285714286
70.07142857142857
70.28571428571428
70.49999999999999
70.71428571428571
70.92857142857142
71.14285714285714
71.35714285714285
71.57142857142857
71.78571428571428
72.0
72.21428571428571
72.42857142857143
72.64285714285714
72.85714285714286
73.07142857142857
73.28571428571429
73.5
73.71428571428571
73.92857142857142
74.14285714285714
74.35714285714285
74.57142857142857
74.78571428571428
75.0
75.21428571428571
75.42857142857143
75.64285714285714
75.85714285714286
76.07142857142857
76.28571428571429
76.5
76.71428571428572
76.92857142857143
77.14285714285714
77.35714285714285
77.57142857142857
77.78571428571428
78.0
78.21428571428571
78.42857142857143
78.64285714285714
78.85714285714285
79.07142857142856
79.28571428571428
79.49999999999999
79.71428571428571
79.92857142857142
80.14285714285714
80.35714285714285
80.57142857142857
80.67857142857143
80.78571428571428
80.89285714285714
81.0
81.10714285714286
81.21428571428571
81.42857142857143
81.64285714285714
81.85714285714286
82.07142857142857
82.28571428571428
82.49999999999999
82.71428571428571
82.92857142857142
83.14285714285714
83.35714285714285
83.57142857142857
83.78571428571428
84.0
84.21428571428571
84.42857142857143
84.64285714285714
84.85714285714286
85.07142857142857
85.28571428571429
85.5
85.71428571428571
85.92857142857142
86.14285714285714
86.35714285714285
86.57142857142857
86.78571428571428
87.0
87.21428571428571
87.42857142857143
87.64285714285714
87.85714285714286
88.07142857142857
88.28571428571429
88.5
88.71428571428572
88.92857142857143
89.14285714285714
89.35714285714285
89.57142857142857
89.78571428571428
90.0
90.21428571428571
90.42857142857143
90.64285714285714
90.85714285714285
91.07142857142856
91.28571428571428
91.49999999999999
91.71428571428571
91.92857142857142
92.14285714285714
92.35714285714285
92.57142857142857
92.64285714285714
92.71428571428571
92.78571428571428
92.89285714285714
93.0
93.10714285714286
93.21428571428571
93.28571428571428
93.35714285714286
93.42857142857143
93.53571428571428
93.64285714285714
93.75
93.85714285714286
93.92857142857143
94.0
94.07142857142857
94.17857142857143
94.28571428571428
94.39285714285714
94.49999999999999
94.55357142857142
94.60714285714285
94.82142857142857
94.92857142857142
95.14285714285714
95.24999999999999
95.46428571428571
95.57142857142857
96.0
96.10714285714286
96.21428571428571
96.32142857142857
96.42857142857143
96.53571428571429
96.64285714285714
96.75
96.85714285714286
96.96428571428571
97.07142857142857
97.17857142857143
97.28571428571429
97.39285714285714
97.5
97.60714285714286
97.71428571428571
97.82142857142857
97.92857142857142
98.03571428571428
98.14285714285714
98.25
98.35714285714285
98.46428571428571
98.57142857142857
98.67857142857142
98.78571428571428
98.89285714285714
99.0
99.10714285714285
99.21428571428571
99.32142857142857
99.42857142857142
99.53571428571428
99.64285714285712
99.74999999999999
99.85714285714285
99.96428571428571
100.07142857142856
100.17857142857142
100.28571428571428
100.39285714285712
100.49999999999999
100.60714285714285
100.71428571428571
100.82142857142856
100.92857142857142
101.03571428571428
101.14285714285714
101.25
101.35714285714285
101.46428571428571
101.57142857142857
101.67857142857143
101.78571428571428
101.89285714285714
102.0
102.10714285714285
102.21428571428571
102.32142857142857
102.42857142857143
102.53571428571428
102.64285714285714
102.75
102.85714285714285
102.96428571428571
103.07142857142856
103.17857142857142
103.28571428571428
103.39285714285714
103.49999999999999
103.60714285714285
103.71428571428571
103.82142857142856
103.92857142857142
104.03571428571428
104.14285714285714
104.24999999999999
104.35714285714285
104.46428571428571
104.57142857142857
104.67857142857143
104.78571428571428
104.89285714285714
105.0
105.10714285714286
105.21428571428571
105.32142857142857
105.42857142857143
105.53571428571428
105.64285714285714
105.75
105.85714285714286
105.96428571428571
106.07142857142857
106.17857142857143
106.28571428571428
106.39285714285714
106.49999999999999
106.60714285714285
106.71428571428571
106.82142857142857
106.92857142857142
107.03571428571428
107.14285714285714
107.24999999999999
107.35714285714285
107.46428571428571
107.57142857142857
107.67857142857142
107.78571428571428
107.89285714285714
108.0
108.21428571428571
108.32142857142857
108.53571428571429
108.64285714285714
108.85714285714286
108.96428571428571
109.17857142857143
109.28571428571429
109.5
109.71428571428571
109.82142857142857
109.92857142857142
110.14285714285714
110.25
110.46428571428571
110.67857142857142
110.78571428571428
111.0
111.10714285714285
111.21428571428571
111.32142857142857
111.42857142857142
111.53571428571428
111.64285714285712
111.85714285714285
111.96428571428571
112.17857142857142
112.39285714285712
112.49999999999999
112.71428571428571
112.82142857142856
112.92857142857142
113.03571428571428
113.14285714285714
113.25
113.35714285714285
113.57142857142857
113.67857142857143
113.89285714285714
114.10714285714285
114.21428571428571
114.42857142857143
114.53571428571428
114.64285714285714
114.75
114.85714285714285
114.96428571428571
115.07142857142856
115.28571428571428
115.39285714285714
115.60714285714285
115.82142857142856
115.92857142857142
116.14285714285714
116.24999999999999
116.35714285714285
116.46428571428571
116.57142857142857
116.67857142857143
116.78571428571428
117.0
117.10714285714286
117.32142857142857
117.53571428571428
117.64285714285714
117.85714285714286
117.96428571428571
118.07142857142857
118.17857142857143
118.28571428571428
118.39285714285714
118.49999999999999
118.71428571428571
118.82142857142857
119.03571428571428
119.24999999999999
119.35714285714285
119.57142857142857
119.67857142857142
119.78571428571428
119.89285714285714
120.0
120.10714285714286
120.21428571428571
120.42857142857143
120.53571428571429
120.75
120.96428571428571
121.07142857142857
121.28571428571429
121.39285714285714
121.5
121.60714285714286
121.71428571428571
121.82142857142857
121.92857142857142
122.14285714285714
122.25
122.46428571428571
122.67857142857142
122.78571428571428
