TITLE Mischievous Function
BPM   150.0
NOTES
01 4.4
09 4.800000000000001
12 5.1000000000000005
10 5.4
01 5.800000000000001
01 6.000000000000001
08 6.200000000000001
08 6.4
04 6.6000000000000005
02 6.800000000000001
04 7.0
08 7.1000000000000005
02 7.4
02 7.6000000000000005
04 7.800000000000001
04 8.0
02 8.2
04 8.4
01 8.6
08 8.7
04 9.0
04 9.2
08 9.4
08 9.600000000000001
01 9.8
08 10.000000000000002
02 10.200000000000001
04 10.3
02 10.600000000000001
02 10.8
08 11.000000000000002
04 11.200000000000001
04 11.450000000000001
04 11.500000000000002
02 11.600000000000001
04 11.8
06 12.200000000000001
02 12.400000000000002
02 12.75
03 12.8
01 13.0
08 13.200000000000001
02 13.4
04 13.5
01 13.8
01 14.0
04 14.200000000000001
04 14.4
02 14.6
08 14.8
04 15.0
02 15.1
01 15.4
01 15.600000000000001
08 15.8
08 16.0
02 16.2
04 16.4
01 16.6
04 16.7
02 17.0
02 17.2
04 17.4
01 17.6
01 17.85
01 17.900000000000002
02 18.0
01 18.200000000000003
03 18.6
04 18.8
04 19.150000000000002
12 19.200000000000003
08 19.400000000000002
01 19.500000000000004
08 19.6
02 19.800000000000004
04 19.900000000000002
02 20.000000000000004
04 20.1
01 20.200000000000003
08 20.300000000000004
04 20.400000000000002
02 20.6
01 20.700000000000003
08 20.8
01 21.0
04 21.1
02 21.2
08 21.400000000000002
04 21.5
08 21.6
02 21.7
04 21.8
02 21.900000000000002
08 22.0
09 22.400000000000002
04 22.6
02 22.8
08 23.000000000000004
08 23.200000000000003
02 23.400000000000002
04 23.6
01 23.8
01 24.0
04 24.2
04 24.4
02 24.6
04 24.8
01 25.0
09 25.2
08 25.4
01 25.6
04 25.8
02 26.0
04 26.200000000000003
04 26.400000000000002
02 26.6
08 26.8
01 27.0
01 27.200000000000003
08 27.400000000000002
08 27.6
02 27.800000000000004
01 28.000000000000004
02 28.200000000000003
01 28.400000000000002
02 28.6
08 28.8
01 29.0
04 29.2
01 29.400000000000002
01 29.6
04 29.8
02 30.0
04 30.2
04 30.400000000000002
01 30.646153846153847
01 30.892307692307696
08 31.13846153846154
01 31.384615384615387
01 31.753846153846155
01 32.0
08 32.2
02 32.4
04 32.6
04 32.8
01 33.0
08 33.2
01 33.4
01 33.6
02 33.800000000000004
02 34.0
01 34.2
08 34.4
01 34.5
08 34.7
01 34.800000000000004
02 35.0
01 35.1
08 35.2
02 35.400000000000006
04 35.6
02 35.800000000000004
02 36.0
08 36.2
01 36.400000000000006
04 36.6
04 36.800000000000004
01 37.00000000000001
01 37.2
02 37.400000000000006
04 37.6
08 37.800000000000004
09 38.00000000000001
01 38.2
04 38.400000000000006
02 38.60000000000001
04 38.800000000000004
01 39.00000000000001
01 39.2
02 39.400000000000006
04 39.60000000000001
08 39.800000000000004
08 40.0
01 40.2
01 40.4
04 40.6
08 40.8
04 41.0
08 41.2
04 41.4
01 41.6
02 41.800000000000004
04 42.0
08 42.2
08 42.4
04 42.6
02 42.800000000000004
01 43.0
01 43.2
02 43.400000000000006
02 43.6
04 43.800000000000004
08 44.0
01 44.2
08 44.400000000000006
01 44.6
02 44.800000000000004
01 45.00000000000001
04 45.2
01 45.400000000000006
01 45.6
08 45.800000000000004
01 46.00000000000001
04 46.2
04 46.400000000000006
02 46.60000000000001
02 46.800000000000004
08 47.00000000000001
01 47.2
08 47.300000000000004
01 47.50000000000001
08 47.60000000000001
04 47.800000000000004
02 47.900000000000006
04 48.0
08 48.2
08 48.4
01 48.6
01 48.8
04 49.0
04 49.2
02 49.4
08 49.5
01 49.7
02 49.800000000000004
04 50.0
04 50.2
08 50.4
08 50.6
01 51.0
08 51.1
01 51.2
04 51.400000000000006
04 51.6
01 51.800000000000004
01 52.0
08 52.2
04 52.400000000000006
02 52.5
01 52.6
08 52.7
01 52.800000000000004
04 53.00000000000001
02 53.1
04 53.2
02 53.300000000000004
08 53.400000000000006
01 53.6
04 53.800000000000004
02 54.2
08 54.300000000000004
02 54.400000000000006
04 54.50000000000001
01 54.60000000000001
01 54.800000000000004
08 55.00000000000001
04 55.10000000000001
02 55.2
04 55.300000000000004
08 55.400000000000006
01 55.50000000000001
02 55.800000000000004
04 55.900000000000006
08 56.0
01 56.2
01 56.4
04 56.6
02 56.7
08 56.8
01 56.9
02 57.0
04 57.4
08 57.5
01 57.6
08 57.7
04 57.800000000000004
02 57.9
01 58.0
08 58.2
02 58.300000000000004
04 58.4
02 58.5
08 58.6
01 58.7
04 58.800000000000004
01 58.9
10 59.2
08 59.400000000000006
02 59.5
05 59.800000000000004
01 60.2
01 60.400000000000006
08 60.6
08 60.800000000000004
04 61.00000000000001
02 61.2
04 61.400000000000006
08 61.50000000000001
02 61.800000000000004
02 62.00000000000001
04 62.2
04 62.400000000000006
02 62.60000000000001
04 62.800000000000004
01 63.00000000000001
08 63.10000000000001
04 63.400000000000006
04 63.60000000000001
08 63.800000000000004
08 64.0
01 64.2
08 64.4
02 64.6
04 64.7
02 65.0
02 65.2
08 65.4
04 65.60000000000001
04 65.85000000000001
04 65.9
02 66.00000000000001
04 66.2
06 66.60000000000001
02 66.80000000000001
02 67.15
03 67.2
01 67.4
08 67.60000000000001
02 67.8
04 67.9
01 68.2
01 68.4
04 68.60000000000001
04 68.8
02 69.0
08 69.2
04 69.39999999999999
02 69.5
01 69.8
01 70.0
08 70.2
08 70.4
02 70.60000000000001
04 70.80000000000001
01 71.0
04 71.10000000000001
02 71.4
02 71.60000000000001
04 71.80000000000001
01 72.0
01 72.25
01 72.3
02 72.4
01 72.6
03 73.0
04 73.2
04 73.55
12 73.60000000000001
08 74.24000000000001
04 74.34666666666668
08 74.45333333333335
01 74.66666666666667
02 74.88000000000001
08 74.98666666666668
01 75.2
04 75.4
01 75.60000000000001
08 75.8
01 76.0
04 76.2
01 76.4
08 76.60000000000001
08 77.60000000000001
01 77.80000000000001
01 78.00000000000001
08 78.20000000000002
08 78.4
04 78.60000000000001
08 78.80000000000001
02 79.0
06 79.4
02 79.80000000000001
08 79.9
01 80.0
04 80.2
04 80.4
04 80.8
01 81.0
01 81.2
08 81.4
08 81.60000000000001
02 81.80000000000001
04 82.00000000000001
01 82.2
05 82.60000000000001
04 82.80000000000001
02 83.00000000000001
10 83.4
08 83.60000000000001
08 84.4
02 84.60000000000001
02 84.7
01 84.80000000000001
02 85.00000000000001
01 85.20000000000002
08 85.4
09 85.80000000000001
04 86.00000000000001
05 86.4
08 86.60000000000001
02 86.7
08 86.80000000000001
01 87.0
04 87.10000000000001
01 87.2
08 87.30000000000001
01 87.4
02 87.5
01 87.60000000000001
08 87.80000000000001
04 87.9
02 88.0
01 88.22857142857143
04 88.34285714285714
01 88.45714285714286
08 88.68571428571428
02 88.8
04 88.91428571428571
02 89.02857142857142
01 89.14285714285714
