TITLE My Friend The Airship
BPM   149.976
NOTES
09 11.201792286765883
08 11.401824291886703
04 11.501840294447112
08 11.601856297007522
09 11.801888302128342
05 12.001920307249161
01 12.20195231236998
08 12.30196831493039
01 12.401984317490799
04 12.50200032005121
01 12.602016322611618
08 12.802048327732438
01 13.002080332853257
08 13.202112337974077
02 13.302128340534486
04 13.502160345655305
01 13.702192350776125
08 13.902224355896944
04 14.102256361017764
02 14.202272363578173
04 14.302288366138583
08 14.402304368698992
01 14.602336373819812
04 14.70235237638022
02 14.802368378940631
04 14.90238438150104
01 15.10241638662186
01 15.402464394303088
08 16.00256040966555
04 16.102576412225957
02 16.202592414786366
04 16.30260841734678
08 16.402624419907188
01 16.602656425028005
04 16.802688430148827
02 16.902704432709236
08 17.102736437830053
01 17.302768442950875
02 17.402784445511283
04 17.502800448071692
08 17.6028164506321
01 17.80284845575292
04 17.90286445831333
01 18.00288046087374
08 18.10289646343415
02 18.30292846855497
02 18.602976476236197
04 19.203072491598657
01 19.403104496719475
08 19.503120499279888
02 19.703152504400705
04 19.903184509521527
01 20.003200512081936
08 20.103216514642344
01 20.203232517202753
02 20.303248519763162
04 20.503280524883984
08 20.7033125300048
01 20.80332853256521
04 21.003360537686028
02 21.20339254280685
08 21.303408545367258
01 21.50344055048808
01 21.803488558169306
08 22.403584573531766
01 22.603616578652584
08 22.803648583773406
02 23.003680588894223
04 23.103696591454636
02 23.203712594015045
08 23.303728596575453
01 23.50376060169627
02 23.703792606817093
04 23.90382461193791
08 24.00384061449832
01 24.203872619619137
04 24.40390462473996
02 24.503920627300367
08 24.803968634981597
08 25.004000640102415
01 25.604096655464875
01 25.804128660585693
08 26.004160665706515
08 26.204192670827332
04 26.404224675948154
04 26.60425668106897
02 26.804288686189793
03 27.00432069131061
09 27.20435269643143
08 27.40438470155225
02 27.504400704112662
02 27.70443270923348
08 27.80444871179389
08 28.00448071691471
02 28.804608737397984
02 29.004640742518802
08 29.104656745079215
08 29.304688750200032
04 29.40470475276044
06 29.604736757881263
02 29.80476876300208
01 29.90478476556249
01 30.10481677068331
08 30.20483277324372
12 30.40486477836454
04 30.60489678348536
08 32.0051208193311
08 32.205152824451915
02 32.40518482957273
02 32.60521683469356
08 32.805248839814375
08 33.00528084493519
02 33.20531285005601
06 33.405344855176835
05 33.605376860297646
01 33.805408865418464
02 33.90542486797887
02 34.1054568730997
01 34.20547287566011
01 34.405504880780924
08 34.50552088334133
08 34.70555288846215
04 34.80556889102256
06 35.005600896143385
03 35.2056329012642
01 35.40566490638502
08 35.50568090894543
08 35.705712914066254
04 35.80572891662666
04 36.00576092174748
08 36.10577692430789
08 36.30580892942871
01 36.405824931989116
05 36.60585693710994
06 36.80588894223076
02 37.005920947351576
08 37.205952952472394
01 37.30596895503281
08 37.40598495759322
04 37.50600096015363
04 37.806048967834855
09 38.406144983197315
01 38.60617698831813
04 38.80620899343895
02 38.90622499599937
08 39.006240998559775
01 39.20627300368059
02 39.306289006241
04 39.40630500880141
08 39.50632101136182
04 39.70635301648264
08 39.80636901904305
12 40.00640102416387
04 40.20643302928469
02 40.40646503440551
01 40.50648103696592
02 40.60649703952633
01 40.80652904464715
08 40.90654504720756
02 41.00656104976797
04 41.106577052328376
02 41.306609057449194
04 41.40662506000961
05 41.60665706513042
01 41.80668907025124
08 42.006721075372056
02 42.10673707793247
04 42.20675308049288
02 42.4067850856137
08 42.50680108817411
01 42.606817090734516
02 42.706833093294925
04 42.90686509841574
08 43.00688110097616
09 43.20691310609698
01 43.406945111217794
08 43.60697711633861
04 43.70699311889903
08 43.80700912145944
01 44.007041126580255
04 44.107057129140664
02 44.20707313170107
04 44.30708913426148
01 44.5071211393823
02 44.607137141942715
06 44.80716914706353
04 45.00720115218435
08 45.20723315730517
01 45.307249159865584
08 45.40726516242599
02 45.60729716754681
04 45.70731317010722
02 45.80732917266763
04 45.90734517522804
01 46.107377180348855
08 46.20739318290927
09 46.40742518803009
01 46.60745719315091
02 46.807489198271725
04 46.90750520083214
02 47.00752120339255
01 47.20755320851337
08 47.307569211073776
04 47.407585213634185
08 47.507601216194594
02 47.70763322131541
08 47.80764922387583
09 48.00768122899664
01 48.207713234117456
02 48.407745239238274
04 48.50776124179869
02 48.6077772443591
01 48.80780924947992
08 48.907825252040325
02 49.007841254600734
08 49.10785725716114
01 49.30788926228196
02 49.40790526484238
03 49.607937269963195
01 49.80796927508401
08 50.00800128020483
02 50.108017282765246
04 50.208033285325655
01 50.40806529044647
02 50.50808129300688
04 50.60809729556729
08 50.7081132981277
02 50.90814530324852
08 51.00816130580893
01 51.20819331092975
02 51.30820931349016
01 51.40822531605057
08 51.50824131861098
04 51.608257321171386
08 51.7082733237318
01 51.80828932629221
02 51.90830532885262
01 52.00832133141303
08 52.10833733397344
04 52.20835333653385
08 52.308369339094256
01 52.408385341654665
02 52.50840134421507
04 52.60841734677549
08 52.7084333493359
01 52.80844935189631
04 52.908465354456716
01 53.008481357017125
08 53.108497359577534
02 53.20851336213794
08 53.30852936469836
01 53.40854536725877
04 53.508561369819176
01 53.608577372379585
08 53.708593374939994
02 53.8086093775004
08 53.90862538006081
01 54.00864138262122
04 54.10865738518163
02 54.208673387742046
08 54.308689390302455
01 54.40870539286286
02 54.50872139542327
01 54.60873739798368
08 54.70875340054409
02 54.8087694031045
08 54.908785405664915
01 55.008801408225324
02 55.10881741078573
01 55.20883341334614
08 55.30884941590655
02 55.40886541846696
08 55.50888142102737
01 55.60889742358778
04 55.708913426148186
01 55.8089294287086
08 55.90894543126901
01 56.00896143382941
04 56.10897743638982
01 56.20899343895023
08 56.30900944151064
04 56.40902544407105
08 56.509041446631464
01 56.60905744919187
04 56.70907345175228
01 56.80908945431269
08 56.9091054568731
04 57.00912145943351
08 57.10913746199392
01 57.209153464554326
02 57.309169467114735
01 57.40918546967515
08 57.50920147223556
01 57.60921747479597
04 57.70923347735638
01 57.80924947991679
08 57.909265482477196
02 58.009281485037604
08 58.10929748759802
01 58.20931349015843
04 58.30932949271884
01 58.40934549527925
08 58.509361497839656
02 58.609377500400065
08 58.709393502960474
01 58.80940950552088
04 58.90942550808129
02 59.00944151064171
08 59.109457513202116
01 59.209473515762525
02 59.309489518322934
01 59.40950552088334
08 59.50952152344375
04 59.60953752600416
08 59.70955352856458
01 59.809569531124986
02 59.909585533685394
01 60.0096015362458
08 60.10961753880621
04 60.20963354136662
08 60.30964954392703
01 60.40966554648744
02 60.50968154904785
04 60.609697551608264
08 60.70971355416867
01 60.80972955672908
04 60.90974555928949
01 61.0097615618499
08 61.10977756441031
04 61.20979356697072
08 61.30980956953113
01 61.40982557209154
04 61.50984157465195
01 61.60985757721236
08 61.70987357977277
04 61.80988958233318
08 61.909905584893586
01 62.009921587453995
02 62.109937590014404
01 62.20995359257482
08 62.30996959513523
01 62.40998559769563
02 62.51000160025604
01 62.61001760281645
08 62.71003360537686
02 62.810049607937266
08 62.91006561049768
01 63.01008161305809
02 63.1100976156185
01 63.21011361817891
08 63.31012962073932
02 63.41014562329973
08 63.510161625860135
01 63.610177628420544
04 63.71019363098095
01 63.81020963354137
08 63.91022563610178
01 64.0102416386622
03 64.81036965914546
06 65.21043366938711
12 65.61049767962875
09 66.41062570011202
09 66.81068971035367
12 67.21075372059529
12 68.01088174107856
09 68.81100976156185
03 70.01120179228677
04 70.21123379740759
08 70.4112658025284
10 71.01136181789086
06 71.61145783325333
05 72.21155384861578
09 72.81164986397823
12 73.61177788446152
06 74.61193791006562
01 74.81196991518644
08 75.01200192030726
09 75.21203392542807
01 75.41206593054889
02 75.5120819331093
01 75.61209793566971
09 75.81212994079053
10 76.01216194591134
08 76.21219395103218
01 76.31220995359259
08 76.412225956153
02 76.5122419587134
08 76.61225796127381
01 76.81228996639463
04 76.91230596895504
02 77.01232197151545
08 77.11233797407586
01 77.21235397663627
08 77.31236997919667
04 77.41238598175708
02 77.51240198431749
01 77.6124179868779
04 77.71243398943831
02 77.81244999199873
08 77.91246599455914
01 78.01248199711955
08 78.11249799967996
04 78.21251400224037
02 78.31253000480078
01 78.41254600736119
02 78.612578012482
04 78.81261001760282
02 78.91262602016323
04 79.01264202272364
08 79.11265802528405
01 79.41270603296529
04 79.6127380380861
02 79.81277004320692
08 80.01280204832774
01 80.11281805088815
02 80.21283405344856
04 80.31285005600897
08 80.41286605856938
02 80.51288206112979
04 80.6128980636902
01 80.7129140662506
08 80.81293006881101
01 80.91294607137142
02 81.01296207393185
04 81.11297807649225
08 81.21299407905266
02 81.31301008161307
04 81.41302608417348
01 81.51304208673389
08 81.61305808929428
08 81.8130900944151
04 82.01312209953592
02 82.11313810209633
01 82.21315410465674
02 82.31317010721715
02 82.61321811489839
01 83.21331413026084
02 83.31333013282125
04 83.41334613538166
08 83.51336213794207
01 83.61337814050248
02 83.71339414306289
04 83.8134101456233
08 83.9134261481837
01 84.01344215074411
02 84.11345815330452
04 84.21347415586494
08 84.31349015842535
01 84.41350616098576
01 84.61353816610658
08 84.8135701712274
02 85.01360217634821
08 85.21363418146903
02 85.31365018402944
08 85.51368218915026
08 85.8137301968315
01 86.41382621219395
02 86.61385821731477
08 86.81389022243559
02 86.913906224996
01 87.11393823011682
02 87.41398623779806
08 87.61401824291887
02 87.81405024803969
01 88.01408225316051
04 88.11409825572092
02 88.21411425828133
04 88.31413026084174
01 88.41414626340215
04 88.51416226596255
02 88.61417826852296
04 88.71419427108337
01 88.91422627620419
01 89.21427428388543
08 89.61433829412707
02 89.71435429668747
04 89.81437029924788
01 89.91438630180829
08 90.0144023043687
02 90.11441830692911
04 90.21443430948952
01 90.31445031204993
08 90.41446631461034
04 90.51448231717075
02 90.61449831973117
01 90.71451432229158
08 90.81453032485199
04 90.9145463274124
02 91.0145623299728
01 91.11457833253321
08 91.21459433509362
01 91.31461033765403
04 91.41462634021444
02 91.51464234277485
08 91.61465834533526
01 91.71467434789567
04 91.81469035045608
02 91.91470635301648
08 92.0147223555769
01 92.1147383581373
04 92.21475436069773
02 92.31477036325813
08 92.41478636581854
01 92.51480236837895
04 92.61481837093936
02 92.71483437349977
08 92.81485037606018
04 92.91486637862059
08 93.014882381181
01 93.1148983837414
04 93.21491438630181
01 93.31493038886222
08 93.41494639142263
04 93.51496239398304
08 93.61497839654345
01 93.71499439910386
04 93.81501040166428
01 93.91502640422469
08 94.0150424067851
04 94.11505840934551
02 94.21507441190592
01 94.31509041446633
08 94.41510641702673
02 94.51512241958714
08 94.61513842214755
01 94.71515442470796
02 94.81517042726837
01 94.91518642982878
08 95.01520243238919
02 95.1152184349496
08 95.21523443751
01 95.31525044007041
02 95.41526644263084
01 95.51528244519125
08 95.61529844775166
02 95.71531445031206
08 95.81533045287247
01 95.91534645543288
04 96.01536245799328
02 96.11537846055369
08 96.2153944631141
01 96.3154104656745
04 96.41542646823491
02 96.51544247079532
08 96.61545847335573
01 96.71547447591614
08 96.81549047847655
04 96.91550648103696
02 97.01552248359738
01 97.11553848615779
08 97.2155544887182
04 97.3155704912786
02 97.41558649383902
01 97.51560249639942
08 97.61561849895983
02 97.71563450152024
04 97.81565050408065
01 97.91566650664106
02 98.01568250920147
04 98.11569851176188
08 98.21571451432229
02 98.3157305168827
04 98.4157465194431
01 98.51576252200351
02 98.61577852456394
04 98.71579452712434
08 98.81581052968475
04 98.91582653224516
02 99.01584253480557
01 99.11585853736598
08 99.21587453992639
04 99.3158905424868
02 99.4159065450472
01 99.51592254760762
08 99.61593855016802
02 99.81597055528884
08 100.01600256040966
02 100.21603456553049
08 100.41606657065131
02 100.61609857577213
08 100.81613058089295
04 100.91614658345335
02 101.01616258601376
01 101.11617858857417
08 101.21619459113458
08 101.4162265962554
04 101.51624259881581
02 101.61625860137622
01 101.71627460393663
08 101.81629060649705
04 102.01632261161787
02 102.11633861417828
01 102.21635461673868
02 102.3163706192991
04 102.4163866218595
08 102.61641862698032
04 102.81645063210114
02 102.91646663466155
01 103.01648263722196
08 103.21651464234277
02 103.31653064490318
04 103.4165466474636
01 103.51656265002401
04 103.71659465514483
01 103.81661065770524
05 104.01664266282606
04 104.21667466794688
02 104.4167066730677
08 104.5167226756281
02 104.61673867818851
08 104.81677068330933
01 104.91678668586974
02 105.01680268843016
04 105.11681869099057
02 105.31685069611139
04 105.4168666986718
12 105.61689870379261
08 105.81693070891343
01 106.01696271403425
02 106.11697871659466
04 106.21699471915507
02 106.41702672427589
01 106.5170427268363
08 106.61705872939672
02 106.71707473195713
04 106.91710673707794
01 107.01712273963835
09 107.21715474475917
08 107.41718674987999
01 107.6172187550008
04 107.71723475756122
01 107.81725076012162
08 108.01728276524244
04 108.11729876780285
02 108.21731477036327
04 108.31733077292368
08 108.5173627780445
02 108.61737878060491
06 108.81741078572573
04 109.01744279084654
01 109.21747479596736
08 109.31749079852777
01 109.41750680108818
02 109.617538806209
04 109.7175548087694
02 109.81757081132983
04 109.91758681389024
08 110.11761881901106
01 110.21763482157147
09 110.41766682669227
08 110.61769883181309
02 110.8177308369339
04 110.91774683949431
02 111.01776284205472
08 111.21779484717554
01 111.31781084973595
04 111.41782685229637
01 111.51784285485678
02 111.7178748599776
01 111.81789086253801
09 112.01792286765883
08 112.21795487277964
02 112.41798687790046
04 112.51800288046087
02 112.61801888302128
08 112.8180508881421
01 112.9180668907025
02 113.01808289326293
01 113.11809889582334
08 113.31813090094415
02 113.41814690350456
10 113.61817890862538
08 113.8182109137462
01 114.01824291886702
02 114.11825892142743
04 114.21827492398783
08 114.41830692910865
02 114.51832293166906
04 114.61833893422948
01 114.7183549367899
02 114.91838694191071
01 115.01840294447112
08 115.21843494959194
02 115.31845095215235
04 115.41846695471276
01 115.51848295727316
02 115.61849895983357
04 115.71851496239398
08 115.81853096495439
02 115.9185469675148
04 116.01856297007521
01 116.11857897263562
02 116.21859497519604
04 116.31861097775645
08 116.41862698031686
02 116.51864298287727
04 116.61865898543768
01 116.71867498799809
08 116.8186909905585
04 116.9187069931189
02 117.01872299567931
01 117.11873899823972
04 117.21875500080013
02 117.31877100336054
08 117.41878700592095
04 117.51880300848136
02 117.61881901104177
01 117.71883501360217
04 117.8188510161626
02 117.918867018723
08 118.01888302128341
04 118.11889902384382
02 118.21891502640423
01 118.31893102896464
08 118.41894703152505
02 118.51896303408546
04 118.61897903664587
01 118.71899503920628
02 118.81901104176669
04 118.9190270443271
08 119.0190430468875
02 119.11905904944791
04 119.21907505200832
01 119.31909105456873
02 119.41910705712915
04 119.51912305968956
08 119.61913906224997
02 119.71915506481038
04 119.81917106737079
01 119.9191870699312
08 120.0192030724916
04 120.11921907505202
02 120.21923507761242
01 120.31925108017283
04 120.41926708273324
02 120.51928308529365
08 120.61929908785406
04 120.71931509041447
02 120.81933109297488
01 120.91934709553529
04 121.01936309809571
02 121.11937910065612
08 121.21939510321653
04 121.31941110577694
02 121.41942710833735
01 121.51944311089775
08 121.61945911345816
02 121.71947511601857
04 121.81949111857898
01 121.91950712113939
02 122.0195231236998
04 122.11953912626021
08 122.21955512882062
02 122.31957113138102
04 122.41958713394143
01 122.51960313650184
02 122.61961913906227
04 122.71963514162267
08 122.81965114418308
02 122.91966714674349
04 123.0196831493039
01 123.11969915186431
08 123.21971515442472
04 123.31973115698513
02 123.41974715954554
01 123.51976316210595
04 123.61977916466635
02 123.71979516722676
08 123.81981116978717
04 123.91982717234758
02 124.01984317490799
01 124.1198591774684
04 124.21987518002882
02 124.31989118258923
08 124.41990718514964
04 124.51992318771005
02 124.61993919027046
01 124.71995519283087
08 124.81997119539126
02 124.91998719795167
04 125.02000320051208
01 125.12001920307249
02 125.2200352056329
04 125.3200512081933
08 125.42006721075371
02 125.52008321331412
04 125.62009921587453
01 125.72011521843494
02 125.82013122099536
04 125.92014722355577
08 126.02016322611618
02 126.12017922867659
04 126.220195231237
01 126.32021123379741
08 126.42022723635782
04 126.52024323891823
02 126.62025924147864
01 126.72027524403904
04 126.82029124659945
02 126.92030724915986
08 127.02032325172027
04 127.12033925428068
02 127.22035525684109
01 127.3203712594015
04 127.42038726196192
02 127.52040326452233
08 127.62041926708274
04 127.72043526964315
02 127.82045127220356
01 127.92046727476396
08 128.0204832773244
09 128.2205152824452
09 128.42054728756602
