TITLE New Face
BPM   132.0
NOTES
2002 5.445545454545454
3003 5.786454545454545
2002 5.900090909090908
3003 6.241
2002 6.354636363636363
3000 6.468272727272726
1000 6.58190909090909
0003 6.695545454545454
0100 6.809181818181818
1000 7.036454545454545
0010 7.263727272727272
0100 7.491
0010 7.604636363636363
1000 7.718272727272726
0001 7.8319090909090905
1000 7.945545454545454
0010 8.172818181818181
1000 8.627363636363636
0010 8.854636363636363
1000 9.08190909090909
0100 9.309181818181816
0010 9.536454545454545
0001 9.763727272727271
0200 9.991
0300 10.04781818181818
1000 10.445545454545453
0001 10.67281818181818
0200 10.900090909090908
0300 10.95690909090909
1000 11.354636363636363
0001 11.58190909090909
0200 11.809181818181816
0300 11.866
1000 12.263727272727271
0001 12.491
0020 12.718272727272726
0030 12.775090909090908
0001 13.400090909090908
1000 13.854636363636363
0001 13.930393939393939
1000 14.006151515151513
0001 14.08190909090909
0100 14.309181818181818
0010 14.536454545454545
1000 14.763727272727271
0001 14.877363636363636
1000 14.991
0010 15.104636363636363
0100 15.218272727272726
0001 15.445545454545453
1000 15.900090909090908
0010 16.127363636363636
1000 16.354636363636363
0001 16.58190909090909
1000 16.809181818181816
0100 17.036454545454546
0020 17.263727272727273
0030 17.320545454545453
1000 17.718272727272726
0100 17.945545454545453
0020 18.17281818181818
0030 18.229636363636363
1000 18.627363636363633
0100 18.854636363636363
0010 18.968272727272726
0002 19.08190909090909
0003 19.13872727272727
0200 19.536454545454543
0300 19.593272727272726
0002 19.991
1000 20.104636363636363
0003 20.33190909090909
0002 20.445545454545453
1000 20.559181818181816
0003 20.786454545454546
0002 20.90009090909091
1000 21.013727272727273
0103 21.127363636363636
1000 21.20312121212121
0001 21.27887878787879
0200 21.354636363636363
0300 21.468272727272726
0001 21.58190909090909
0002 21.809181818181816
0003 22.150090909090906
1000 22.491
0100 22.718272727272726
0010 22.945545454545453
0001 23.059181818181816
0100 23.17281818181818
0010 23.286454545454543
1000 23.400090909090906
0001 23.51372727272727
0010 23.627363636363636
0100 23.854636363636363
1000 23.968272727272726
0010 24.08190909090909
0100 24.195545454545453
0001 24.30918181818182
0010 24.422818181818183
0200 24.536454545454546
0300 24.65009090909091
1000 24.991
0001 25.218272727272726
0002 25.445545454545453
0003 25.786454545454543
1000 26.127363636363636
0010 26.354636363636363
0100 26.58190909090909
0010 26.809181818181816
1000 27.036454545454543
0001 27.377363636363636
0010 27.491
0100 27.718272727272726
0010 27.83190909090909
0001 27.945545454545456
1000 28.05918181818182
0020 28.172818181818183
0030 28.286454545454546
1000 28.40009090909091
0001 28.475848484848484
1000 28.551606060606062
0001 28.627363636363636
0010 28.741
0001 28.854636363636363
0010 28.968272727272726
0100 29.08190909090909
1000 29.195545454545453
0010 29.309181818181816
0100 29.42281818181818
0010 29.536454545454543
1000 29.650090909090906
0010 29.763727272727273
0100 29.991
0010 30.218272727272726
1000 30.445545454545453
0100 30.67281818181818
1000 30.900090909090906
0001 31.127363636363633
0100 31.240999999999996
0001 31.35463636363636
0010 31.468272727272723
0100 31.58190909090909
1000 31.695545454545453
0020 31.809181818181816
0030 31.837590909090906
1000 31.92281818181818
0200 32.03645454545454
0300 32.150090909090906
1000 32.26372727272727
0001 32.491
0100 32.60463636363636
0010 32.718272727272726
0200 32.94554545454545
0300 33.05918181818182
0001 33.400090909090906
0020 33.62736363636363
0030 33.68418181818182
0002 33.85463636363636
0003 33.911454545454546
0200 34.08190909090909
0300 34.13872727272727
0002 34.30918181818182
0003 34.366
2000 34.536454545454546
0010 34.65009090909091
3000 34.87736363636364
2000 34.991
0010 35.10463636363637
3000 35.33190909090909
2000 35.44554545454545
3010 35.55918181818182
0100 35.67281818181818
0001 35.74857575757576
1000 35.824333333333335
0200 35.90009090909091
0300 36.01372727272727
2000 36.35463636363636
3000 36.581909090909086
0002 36.69554545454545
0003 36.92281818181818
2000 37.49099999999999
3020 37.718272727272726
2030 37.94554545454545
3020 38.17281818181818
0030 38.400090909090906
0100 38.51372727272727
0001 39.536454545454546
0010 39.76372727272727
0100 39.991
0010 40.218272727272726
0001 40.44554545454545
0100 40.67281818181818
0010 40.900090909090906
1000 41.12736363636363
0100 41.35463636363637
1000 41.58190909090909
0002 41.80918181818182
0003 42.15009090909091
1001 42.26372727272727
1200 43.17281818181819
2300 43.62736363636363
3000 43.741
0020 43.968272727272726
0030 44.081909090909086
2000 44.763727272727266
3020 44.991
0030 45.218272727272726
2000 45.44554545454545
3000 45.55918181818182
0200 45.786454545454546
0300 45.900090909090906
1000 46.80918181818182
0010 47.036454545454546
0100 47.26372727272727
0001 47.491
0010 47.718272727272726
0100 47.94554545454545
1000 48.17281818181818
0010 48.400090909090906
0100 48.62736363636364
0001 48.85463636363637
2002 49.081909090909086
3003 49.42281818181818
2002 49.53645454545454
3003 49.87736363636363
2002 49.99099999999999
3003 50.10463636363636
1000 50.21827272727272
0001 50.2940303030303
1000 50.369787878787875
0001 50.44554545454545
0100 50.67281818181818
0010 50.78645454545454
1000 50.900090909090906
0001 51.01372727272727
0010 51.12736363636363
0001 51.241
1000 51.35463636363636
0001 51.468272727272726
0010 51.581909090909086
0001 51.69554545454545
0100 51.80918181818181
0001 51.92281818181818
1000 52.03645454545454
0100 52.150090909090906
0020 52.26372727272727
0030 52.32054545454545
0001 52.37736363636363
1000 52.491
0001 52.60463636363636
0100 52.718272727272726
0001 52.83190909090909
1000 52.94554545454545
0001 53.05918181818182
0100 53.17281818181818
0001 53.286454545454546
1000 53.400090909090906
0100 53.51372727272727
0020 53.62736363636363
0030 53.68418181818182
0001 53.741
1000 53.85463636363636
0001 53.968272727272726
0100 54.08190909090909
0010 54.19554545454545
1000 54.30918181818182
0001 54.42281818181818
0010 54.536454545454546
0100 54.65009090909091
1000 54.76372727272727
0010 54.87736363636364
0100 54.991
0001 55.10463636363637
0010 55.218272727272726
0001 55.33190909090909
1000 55.44554545454545
0001 55.55918181818182
1000 55.67281818181818
0001 55.786454545454546
0100 55.90009090909091
0010 56.01372727272727
1000 56.12736363636364
0001 56.241
2000 56.35463636363636
3000 56.468272727272726
0002 56.581909090909086
1003 57.03645454545454
0001 57.49099999999999
1000 57.56675757575757
0001 57.64251515151515
1000 57.718272727272726
0010 57.831909090909086
0100 57.94554545454545
0001 58.05918181818181
1000 58.17281818181818
0001 58.286454545454546
0010 58.400090909090906
0001 58.51372727272727
1000 58.62736363636363
0001 58.741
0010 58.85463636363636
0001 58.968272727272726
0100 59.081909090909086
0010 59.19554545454545
1000 59.30918181818181
0001 59.42281818181818
0020 59.536454545454546
0030 59.593272727272726
0001 59.650090909090906
1000 59.76372727272727
0010 59.87736363636363
0100 59.991
0001 60.10463636363637
1000 60.218272727272726
0001 60.33190909090909
0100 60.44554545454545
0001 60.55918181818182
1000 60.67281818181818
0100 60.786454545454546
0020 60.900090909090906
0030 60.95690909090909
0001 61.01372727272727
1000 61.12736363636363
0001 61.241
0100 61.35463636363637
0001 61.468272727272726
1000 61.58190909090909
0001 61.69554545454545
0010 61.80918181818181
0100 61.92281818181818
1000 62.03645454545454
0010 62.150090909090906
0100 62.263727272727266
0001 62.37736363636363
0010 62.49099999999999
0001 62.60463636363636
1000 62.71827272727272
0001 62.831909090909086
1000 62.945545454545446
0001 63.05918181818181
0010 63.17281818181818
0100 63.28645454545454
1000 63.400090909090906
0001 63.513727272727266
2000 63.62736363636363
3000 63.741
0020 63.85463636363636
1030 64.30918181818181
0001 64.76372727272727
1000 64.83948484848484
0001 64.91524242424242
1000 64.991
0100 65.10463636363636
0020 65.21827272727272
0030 65.2750909090909
0001 65.3319090909091
2000 65.44554545454545
3000 65.50236363636364
0020 66.12736363636364
0030 66.241
2000 66.35463636363636
3000 66.46827272727272
0010 67.03645454545455
0010 67.491
0020 67.94554545454545
0030 68.05918181818181
2000 68.17281818181817
3000 68.28645454545453
0200 68.85463636363636
0300 68.96827272727272
2000 69.0819090909091
3000 69.19554545454545
0200 69.76372727272728
0300 69.87736363636364
2000 69.991
3000 70.10463636363636
0100 70.67281818181819
0100 71.12736363636364
0200 71.5819090909091
0300 71.69554545454545
2000 71.80918181818181
3000 71.92281818181817
0001 72.03645454545455
0100 72.26372727272727
0010 72.491
1000 72.71827272727272
0001 72.94554545454545
0010 73.05918181818181
0001 73.17281818181817
0100 73.28645454545453
0010 73.4000909090909
1000 73.62736363636363
0001 74.08190909090908
0100 74.30918181818181
0001 74.53645454545455
1000 74.76372727272728
0100 74.87736363636364
0010 74.991
0100 75.10463636363636
1000 75.21827272727273
0020 75.44554545454545
0030 75.55918181818181
0100 75.9000909090909
0001 76.01372727272728
0010 76.12736363636364
0020 76.35463636363636
0030 76.46827272727272
0001 76.80918181818181
0100 76.92281818181817
0010 77.03645454545455
1000 77.1500909090909
0200 77.26372727272727
0300 77.37736363636363
1000 77.71827272727272
0100 77.8319090909091
0010 77.94554545454545
0200 78.17281818181817
0300 78.28645454545453
1000 78.85463636363636
0002 79.30918181818181
0003 79.36599999999999
1000 79.38493939393939
0001 79.46069696969695
2000 79.53645454545453
3000 79.59327272727272
0100 79.76372727272727
0010 79.991
0001 80.21827272727273
0100 80.3319090909091
0010 80.44554545454545
0100 80.55918181818181
0001 80.67281818181819
1000 80.9000909090909
0001 81.35463636363636
0010 81.5819090909091
0001 81.80918181818181
1000 82.03645454545455
0010 82.26372727272727
1000 82.491
0200 82.71827272727272
0300 82.83190909090908
1000 83.17281818181817
0010 83.4000909090909
0200 83.62736363636364
0300 83.741
0002 84.0819090909091
0003 84.30918181818183
0200 84.53645454545455
0300 84.76372727272728
0010 84.991
2000 85.44554545454545
0100 85.55918181818181
3000 85.78645454545455
2000 85.9000909090909
0100 86.01372727272727
3000 86.241
2000 86.35463636363636
3100 86.46827272727272
1000 86.5819090909091
0001 86.65766666666667
0010 86.73342424242423
0100 86.80918181818181
1000 87.03645454545455
2000 87.26372727272727
3000 87.71827272727272
0001 87.94554545454545
1000 88.17281818181817
0010 88.4000909090909
0100 88.62736363636363
0010 88.741
1000 88.85463636363636
0100 88.96827272727272
0010 89.0819090909091
0100 89.30918181818183
1000 89.42281818181819
0010 89.53645454545455
0100 89.6500909090909
0010 89.76372727272728
1000 89.87736363636364
0002 89.991
0003 90.04781818181819
1000 90.44554545454545
0001 90.67281818181819
0002 90.9000909090909
0003 91.35463636363636
1000 91.5819090909091
0001 91.80918181818181
0010 92.03645454545455
0100 92.26372727272727
0010 92.491
0001 92.60463636363636
1000 92.71827272727272
0010 92.94554545454545
1000 93.17281818181817
0100 93.28645454545453
0010 93.4000909090909
0001 93.51372727272727
0010 93.62736363636363
0001 93.85463636363636
1000 93.93039393939394
0001 94.0061515151515
1000 94.08190909090908
0100 94.30918181818181
1000 94.42281818181817
0001 94.53645454545455
0100 94.76372727272728
0020 94.991
0030 95.10463636363636
0200 95.21827272727273
0300 95.3319090909091
0001 95.44554545454545
1000 95.67281818181819
0100 95.9000909090909
1000 96.12736363636364
0010 96.35463636363636
0100 96.5819090909091
0001 96.69554545454545
0010 96.80918181818181
0001 97.03645454545455
0020 97.26372727272727
0030 97.37736363636363
0200 97.491
0300 97.60463636363636
1000 97.71827272727272
0100 97.94554545454545
2000 98.17281818181817
3000 98.28645454545453
0020 98.4000909090909
0030 98.51372727272727
2000 99.08190909090908
3002 99.30918181818181
0023 99.53645454545453
0032 99.76372727272727
2003 99.991
0010 100.10463636363636
3000 100.3319090909091
2000 100.44554545454545
0010 100.55918181818181
3000 100.78645454545455
2000 100.9000909090909
3010 101.01372727272727
1000 101.12736363636364
0100 101.20312121212122
0010 101.27887878787878
0100 101.35463636363636
1000 101.5819090909091
0010 101.69554545454545
2000 101.80918181818181
3000 102.03645454545455
0002 102.1500909090909
0003 102.37736363636363
2000 102.94554545454545
3020 103.17281818181817
2030 103.4000909090909
3020 103.62736363636363
0030 103.85463636363636
0200 103.96827272727272
0300 104.08190909090908
0001 104.99099999999999
0010 105.21827272727272
0100 105.44554545454545
0010 105.67281818181819
0001 105.9000909090909
0100 106.12736363636364
0010 106.35463636363636
1000 106.5819090909091
0100 106.80918181818181
1000 107.03645454545455
0002 107.26372727272727
0003 107.60463636363636
1001 107.71827272727272
1010 108.62736363636363
2000 109.0819090909091
3000 109.19554545454545
0020 109.42281818181819
0030 109.53645454545455
2000 110.21827272727273
3020 110.44554545454545
0030 110.67281818181819
2000 110.9000909090909
3000 111.01372727272727
0200 111.241
0300 111.35463636363636
1000 112.26372727272727
0010 112.491
0100 112.71827272727272
0001 112.94554545454545
0010 113.17281818181817
0100 113.4000909090909
1000 113.62736363636363
0010 113.85463636363636
0100 114.08190909090908
0001 114.30918181818181
2002 114.53645454545455
3003 114.87736363636364
2002 114.991
3003 115.3319090909091
2002 115.44554545454545
3003 115.55918181818181
1000 115.67281818181819
0001 115.74857575757576
1000 115.82433333333333
0001 115.9000909090909
0100 116.12736363636364
0010 116.241
1000 116.35463636363636
0001 116.46827272727272
0100 116.5819090909091
0001 116.69554545454545
1000 116.80918181818181
0001 116.92281818181817
0100 117.03645454545455
0001 117.1500909090909
0010 117.26372727272727
0100 117.37736363636363
1000 117.491
0001 117.60463636363636
0200 117.71827272727272
0300 117.7750909090909
0001 117.8319090909091
1000 117.94554545454545
0100 118.05918181818181
0010 118.17281818181817
0001 118.28645454545453
1000 118.4000909090909
0001 118.51372727272727
0010 118.62736363636363
0001 118.74099999999999
1000 118.85463636363636
0001 118.96827272727272
0200 119.08190909090908
0300 119.13872727272727
0001 119.19554545454544
1000 119.30918181818181
0001 119.42281818181817
0010 119.53645454545453
0100 119.6500909090909
1000 119.76372727272727
0001 119.87736363636363
0100 119.991
0010 120.10463636363636
1000 120.21827272727273
0100 120.3319090909091
0010 120.44554545454545
0001 120.55918181818181
0100 120.67281818181819
0001 120.78645454545455
1000 120.9000909090909
0001 121.01372727272727
1000 121.12736363636364
0001 121.241
0010 121.35463636363636
0100 121.46827272727273
1000 121.5819090909091
0001 121.69554545454545
2000 121.80918181818181
3000 121.92281818181817
0002 122.03645454545455
1003 122.491
0001 122.94554545454545
1000 123.02130303030303
0001 123.0970606060606
1000 123.17281818181817
0100 123.28645454545455
0010 123.4000909090909
0100 123.51372727272727
1000 123.62736363636363
0001 123.74099999999999
0100 123.85463636363636
0001 123.96827272727272
1000 124.08190909090908
0001 124.19554545454544
0100 124.30918181818181
0001 124.42281818181817
0010 124.53645454545453
0001 124.65009090909089
1000 124.76372727272727
0010 124.87736363636363
0200 124.99099999999999
0300 125.04781818181817
0001 125.10463636363636
1000 125.21827272727272
0001 125.33190909090908
0010 125.44554545454545
0001 125.55918181818181
1000 125.67281818181819
0001 125.78645454545455
0010 125.9000909090909
0001 126.01372727272727
1000 126.12736363636364
0010 126.241
0200 126.35463636363636
0300 126.41145454545455
0001 126.46827272727272
1000 126.5819090909091
0001 126.69554545454545
0010 126.80918181818181
0100 126.92281818181819
1000 127.03645454545455
0001 127.1500909090909
0100 127.26372727272727
0010 127.37736363636363
1000 127.491
0100 127.60463636363636
0010 127.71827272727272
0001 127.83190909090908
0100 127.94554545454545
0001 128.05918181818183
1000 128.1728181818182
0001 128.28645454545455
1000 128.40009090909092
0001 128.51372727272727
0100 128.62736363636364
0010 128.741
1000 128.85463636363636
0001 128.96827272727273
2000 129.0819090909091
3000 129.19554545454548
0020 129.30918181818183
1030 129.7637272727273
0001 130.21827272727273
1000 130.29403030303033
0001 130.3697878787879
1000 130.44554545454548
0100 130.55918181818183
0020 130.6728181818182
0030 130.7296363636364
0001 130.78645454545457
2000 130.90009090909092
3000 130.9569090909091
0020 131.5819090909091
0030 131.69554545454545
2000 131.80918181818183
3000 131.9228181818182
0010 132.491
0010 132.94554545454545
0020 133.40009090909092
0030 133.51372727272727
2000 133.62736363636364
3000 133.741
0200 134.30918181818183
0300 134.4228181818182
2000 134.53645454545455
3000 134.65009090909092
0200 135.21827272727273
0300 135.33190909090908
2000 135.44554545454545
3000 135.55918181818183
0100 136.12736363636364
0100 136.58190909090908
0200 137.03645454545455
0300 137.1500909090909
2000 137.26372727272727
3000 137.37736363636364
0001 137.71827272727273
1000 137.83190909090908
0001 137.94554545454545
1000 138.05918181818183
0020 138.1728181818182
0030 139.0819090909091
0200 139.30918181818183
0300 139.4228181818182
0002 139.53645454545457
0003 139.65009090909092
0020 139.7637272727273
0030 139.87736363636367
0200 139.991
0300 140.55918181818183
0020 140.6728181818182
0030 141.12736363636364
0001 141.3546363636364
0200 141.80918181818183
0300 142.8319090909091
0020 142.94554545454545
0030 143.05918181818183
2000 143.1728181818182
3000 143.28645454545455
0200 143.40009090909092
0300 143.5137272727273
0020 143.62736363636364
0030 144.19554545454545
0200 144.30918181818183
0300 144.65009090909092
1000 144.76372727272727
0001 144.83948484848486
1000 144.91524242424242
0001 144.991
1000 145.10463636363636
0010 145.21827272727273
0100 145.3319090909091
0020 145.44554545454545
0030 146.35463636363636
0200 146.58190909090908
0300 146.69554545454545
0002 146.80918181818183
0003 146.92281818181817
0020 147.03645454545455
0030 147.15009090909092
0200 147.2637272727273
0300 147.8319090909091
0020 147.94554545454548
0030 148.40009090909092
0001 148.62736363636367
0200 149.0819090909091
0300 150.1046363636364
0020 150.21827272727273
0030 150.3319090909091
2000 150.44554545454548
3000 150.55918181818183
0200 150.6728181818182
0300 150.78645454545457
0020 150.90009090909092
0030 151.46827272727273
0200 151.5819090909091
0300 151.9228181818182
1000 152.03645454545455
0001 152.11221212121214
1000 152.1879696969697
0001 152.2637272727273
1000 152.37736363636364
0100 152.491
0010 152.6046363636364
0002 152.71827272727273
0100 152.8319090909091
0003 153.05918181818183
0002 153.1728181818182
0100 153.28645454545455
0003 153.51372727272727
0002 153.62736363636364
0100 153.741
0003 153.96827272727273
0002 154.0819090909091
0003 154.19554545454545
1000 155.67281818181817
0100 155.74857575757576
0010 155.82433333333333
0001 155.90009090909092
1000 156.12736363636364
0001 156.241
1000 156.35463636363636
0001 156.46827272727273
0100 156.58190909090908
0001 156.69554545454545
1000 156.80918181818183
0001 156.92281818181817
0100 157.03645454545455
0001 157.1500909090909
0010 157.26372727272727
0100 157.37736363636364
1000 157.49099999999999
0010 157.60463636363636
0200 157.71827272727273
0300 157.7750909090909
0001 157.83190909090908
1000 157.94554545454545
0001 158.05918181818183
0010 158.1728181818182
0001 158.28645454545457
1000 158.40009090909092
0001 158.5137272727273
0010 158.62736363636367
0001 158.741
1000 158.8546363636364
0010 158.96827272727273
0200 159.0819090909091
0300 159.1387272727273
0001 159.19554545454548
1000 159.30918181818183
0001 159.4228181818182
0010 159.53645454545457
0100 159.65009090909092
1000 159.7637272727273
0001 159.87736363636367
0100 159.991
0010 160.1046363636364
1000 160.21827272727273
0100 160.3319090909091
0010 160.44554545454548
0001 160.55918181818183
0100 160.6728181818182
0010 160.78645454545455
1000 160.90009090909092
0001 161.0137272727273
1000 161.12736363636364
0001 161.241
0010 161.3546363636364
0100 161.46827272727273
1000 161.5819090909091
0001 161.69554545454548
2000 161.80918181818183
3000 161.9228181818182
0002 162.03645454545455
1003 162.491
0001 162.94554545454545
1000 163.02130303030305
0001 163.0970606060606
1000 163.1728181818182
0100 163.28645454545455
0010 163.40009090909092
0100 163.5137272727273
1000 163.62736363636364
0001 163.741
0100 163.85463636363636
0001 163.96827272727273
1000 164.0819090909091
0001 164.19554545454545
0100 164.30918181818183
0001 164.42281818181817
0010 164.53645454545455
0001 164.65009090909092
1000 164.76372727272727
0010 164.87736363636364
0200 164.991
0300 165.04781818181817
0001 165.10463636363636
1000 165.21827272727273
0100 165.3319090909091
0010 165.44554545454545
0001 165.55918181818183
1000 165.67281818181817
0001 165.78645454545455
0010 165.90009090909092
0001 166.01372727272727
1000 166.12736363636364
0010 166.24099999999999
0200 166.35463636363636
0300 166.41145454545455
0001 166.46827272727273
1000 166.58190909090908
0001 166.69554545454545
0010 166.80918181818183
0001 166.92281818181817
1000 167.03645454545455
0001 167.15009090909092
0100 167.2637272727273
0010 167.37736363636367
1000 167.491
0100 167.6046363636364
0010 167.71827272727276
0001 167.8319090909091
0100 167.94554545454548
0010 168.05918181818183
1000 168.1728181818182
0001 168.28645454545457
1000 168.40009090909092
0001 168.5137272727273
0100 168.62736363636367
0010 168.741
1000 168.8546363636364
0010 168.96827272727276
2000 169.0819090909091
3000 169.19554545454548
0020 169.30918181818183
0030 169.65009090909092
1000 169.7637272727273
0001 170.21827272727273
1000 170.29403030303033
0001 170.3697878787879
2000 170.44554545454548
3002 170.55918181818183
0003 170.6728181818182
1000 170.90009090909092
0010 171.0137272727273
1000 171.12736363636364
0001 171.241
0100 171.3546363636364
0001 171.46827272727273
0010 171.5819090909091
0001 171.69554545454545
1000 171.80918181818183
0100 171.9228181818182
1000 172.03645454545455
0001 172.15009090909092
0010 172.2637272727273
0001 172.37736363636364
0100 172.491
0010 172.6046363636364
1000 172.71827272727273
0010 172.8319090909091
1000 172.94554545454545
0001 173.05918181818183
0100 173.1728181818182
0001 173.28645454545455
0010 173.40009090909092
0100 173.51372727272727
1000 173.62736363636364
0100 173.741
1000 173.85463636363636
0001 173.96827272727273
0010 174.0819090909091
0001 174.19554545454545
0100 174.30918181818183
0010 174.4228181818182
1000 174.53645454545455
0001 174.65009090909092
1000 174.76372727272727
0100 174.87736363636364
0010 174.991
0001 175.10463636363636
1000 175.21827272727273
0100 175.33190909090908
1000 175.44554545454545
0001 175.55918181818183
1000 175.67281818181817
0010 175.78645454545455
0100 175.90009090909092
0001 176.01372727272727
0100 176.12736363636364
0010 176.241
2000 176.35463636363636
3000 176.46827272727273
0020 176.58190909090908
0030 176.92281818181817
1000 177.03645454545455
0001 177.49099999999999
1000 177.56675757575758
0001 177.64251515151514
1000 177.71827272727273
0100 177.83190909090908
1000 177.94554545454545
0010 178.05918181818183
0100 178.1728181818182
0010 178.28645454545457
1000 178.40009090909092
0001 178.5137272727273
0100 178.62736363636367
0001 178.741
0010 178.8546363636364
0001 178.96827272727273
1000 179.0819090909091
0100 179.19554545454548
1000 179.30918181818183
0001 179.4228181818182
0010 179.53645454545457
0001 179.65009090909092
0100 179.7637272727273
0010 179.87736363636367
1000 179.991
0010 180.1046363636364
1000 180.21827272727273
0001 180.3319090909091
0100 180.44554545454548
0001 180.55918181818183
0010 180.6728181818182
0100 180.78645454545455
1000 180.90009090909092
0100 181.0137272727273
1000 181.12736363636364
0001 181.241
0010 181.3546363636364
0001 181.46827272727273
0100 181.5819090909091
0010 181.69554545454548
1000 181.80918181818183
0001 181.9228181818182
1000 182.03645454545455
0100 182.15009090909092
0010 182.2637272727273
0001 182.37736363636364
1000 182.491
0100 182.60463636363636
1000 182.71827272727273
0001 182.8319090909091
1000 182.94554545454545
0010 183.05918181818183
0100 183.1728181818182
0001 183.28645454545455
0100 183.40009090909092
0010 183.5137272727273
2000 183.62736363636364
3000 183.741
0002 183.85463636363636
0003 183.96827272727273
1000 184.30918181818183
0001 184.76372727272727
1000 184.83948484848486
0010 184.91524242424242
0100 184.991
0001 185.10463636363636
1000 185.21827272727273
0100 185.3319090909091
2000 185.44554545454545
0010 185.55918181818183
3000 185.78645454545455
2000 185.90009090909092
0010 186.01372727272727
3000 186.24099999999999
2000 186.35463636363636
0010 186.46827272727273
3000 186.69554545454545
2000 186.80918181818183
3000 186.92281818181817
0001 187.2637272727273
2000 187.491
3000 187.8319090909091
