TITLE No Money Down, Low Monthly Payments
BPM   189.5
NOTES
0001 15.197889182058049
0010 15.356200527704488
0100 15.514511873350925
1000 15.672823218997362
1300 15.98944591029024
0001 16.147757255936675
0100 16.306068601583114
0001 16.464379947229553
0010 16.62269129287599
1003 16.939313984168866
0100 17.097625329815305
0010 17.255936675461744
0100 17.41424802110818
1000 17.572559366754618
0310 17.889182058047496
0001 18.047493403693935
1000 18.20580474934037
0010 18.36411609498681
0100 18.522427440633248
1030 18.839050131926122
0100 18.99736147757256
0010 19.155672823219
0001 19.31398416886544
1000 19.472295514511874
0103 19.78891820580475
0010 19.947229551451187
1000 20.105540897097626
0100 20.263852242744065
0010 20.422163588390504
0310 20.738786279683378
0001 20.897097625329817
1000 21.055408970976256
0010 21.21372031662269
1000 21.37203166226913
0130 21.688654353562008
0001 21.846965699208447
1001 22.16358839050132
1100 22.480211081794195
1000 22.796833773087073
0010 22.955145118733512
0100 23.11345646437995
0001 23.271767810026386
0310 23.588390501319264
1000 23.7467018469657
0001 23.905013192612138
0010 24.063324538258577
0100 24.221635883905016
0031 24.53825857519789
1000 24.69656992084433
0001 24.854881266490768
1000 25.013192612137203
0100 25.171503957783642
3010 25.48812664907652
0100 25.64643799472296
0001 25.804749340369394
0010 25.963060686015833
0100 26.121372031662272
0031 26.437994722955146
1000 26.596306068601585
0100 26.754617414248024
1000 26.912928759894463
0001 27.071240105540898
3100 27.387862796833776
0010 27.54617414248021
0001 27.70448548812665
0100 27.86279683377309
0010 28.021108179419528
0301 28.337730870712402
1000 28.49604221635884
0100 28.65435356200528
0010 28.812664907651715
0001 28.970976253298154
0130 29.287598944591032
1000 29.44591029023747
1001 29.762532981530345
0101 30.07915567282322
0001 30.395778364116097
1000 30.554089709762536
0010 30.712401055408975
0100 30.87071240105541
0001 30.94986807387863
1000 31.02902374670185
0100 31.187335092348288
0010 31.266490765171508
0001 31.345646437994723
1000 31.503957783641162
1001 31.6622691292876
0101 31.97889182058048
0001 32.21635883905014
0100 32.29551451187335
0010 32.37467018469657
1000 32.45382585751979
0001 32.61213720316623
0010 32.770448548812666
0100 32.849604221635886
0010 32.928759894459105
0001 33.087071240105544
1000 33.166226912928764
0010 33.24538258575198
0100 33.40369393139842
0001 33.48284960422164
0100 33.56200527704486
0001 33.64116094986807
1000 33.72031662269129
0100 33.79947229551451
0010 33.87862796833773
0001 34.03693931398417
1000 34.19525065963061
1000 34.35356200527705
0010 34.51187335092349
0100 34.670184696569926
0001 34.749340369393146
1000 34.82849604221636
0100 34.90765171503958
0010 34.9868073878628
0001 35.065963060686016
0010 35.145118733509236
0001 35.224274406332455
1000 35.303430079155675
0010 35.382585751978894
1000 35.46174142480211
0001 35.54089709762533
1000 35.62005277044855
0100 35.69920844327177
0010 35.77836411609499
0001 35.93667546174143
1000 36.01583113456465
0001 36.09498680738787
0001 36.2532981530343
1000 36.41160949868074
0010 36.56992084432718
0100 36.6490765171504
0001 36.72823218997362
0010 36.886543535620056
0100 36.965699208443276
1000 37.044854881266495
0001 37.203166226912934
0100 37.361477572559366
0010 37.440633245382585
1000 37.519788918205805
0001 37.678100263852244
1003 37.99472295514512
0100 38.311345646438
0010 38.46965699208444
0001 38.54881266490766
1000 38.62796833773088
0010 38.86543535620053
1000 38.94459102902375
0010 39.10290237467019
1000 39.261213720316626
0100 39.419525065963064
0010 39.498680738786284
0001 39.5778364116095
1000 39.73614775725594
0010 39.894459102902374
0100 40.05277044854881
0001 40.21108179419525
0010 40.36939313984169
0001 40.52770448548813
1000 40.68601583113457
0100 40.84432717678101
0010 40.92348284960423
0001 41.002638522427446
0100 41.081794195250666
0001 41.160949868073885
1000 41.31926121372032
0010 41.477572559366756
1030 41.794195250659634
1000 41.95250659630607
0100 42.11081794195251
0010 42.26912928759895
0001 42.42744063324538
1000 42.58575197889182
0010 42.66490765171504
1000 42.82321899736148
0001 42.9023746701847
0010 42.98153034300792
0100 43.06068601583114
1000 43.13984168865436
0001 43.21899736147758
0100 43.298153034300796
0001 43.377308707124016
1000 43.456464379947235
0010 43.535620052770454
0100 43.614775725593674
0010 43.69393139841689
1000 43.773087071240106
0001 43.931398416886545
0010 44.010554089709764
0110 44.32717678100264
0100 44.48548812664908
1000 44.5646437994723
0001 44.64379947229552
0100 44.72295514511874
0010 44.80211081794196
0100 44.88126649076518
0001 44.96042216358839
1000 45.11873350923483
0100 45.19788918205805
0010 45.27704485488127
0001 45.43535620052771
1000 45.514511873350926
0001 45.593667546174146
0010 45.751978891820585
0100 45.910290237467024
1000 46.06860158311346
1300 46.38522427440633
0001 46.54353562005277
0100 46.70184696569921
0001 46.86015831134565
0010 47.01846965699209
1003 47.33509234828497
0100 47.4934036939314
0010 47.65171503957784
0100 47.810026385224276
1000 47.968337730870715
0310 48.28496042216359
0001 48.44327176781003
1000 48.60158311345647
0010 48.75989445910291
0100 48.91820580474934
1030 49.23482849604222
0100 49.39313984168866
0010 49.5514511873351
0001 49.709762532981536
1000 49.868073878627975
0103 50.184696569920845
0010 50.343007915567284
1000 50.50131926121372
0100 50.65963060686016
0010 50.8179419525066
0310 51.13456464379948
0001 51.29287598944592
1000 51.45118733509235
0010 51.60949868073879
1000 51.76781002638523
0130 52.084432717678105
0001 52.242744063324544
1001 52.559366754617415
1100 52.87598944591029
1000 53.19261213720317
0010 53.35092348284961
0100 53.50923482849605
0001 53.66754617414249
0310 53.98416886543536
1000 54.142480211081796
0001 54.300791556728235
0010 54.459102902374674
0100 54.61741424802111
0031 54.93403693931399
1000 55.09234828496042
0001 55.25065963060686
1000 55.4089709762533
0100 55.56728232189974
3010 55.88390501319262
0100 56.042216358839056
0001 56.200527704485495
0010 56.358839050131934
0100 56.517150395778366
0031 56.83377308707124
1000 56.99208443271768
0100 57.15039577836412
1000 57.30870712401056
0001 57.467018469657
3100 57.78364116094987
0010 57.94195250659631
0001 58.10026385224275
0100 58.258575197889186
0010 58.416886543535625
0301 58.7335092348285
1000 58.89182058047494
0100 59.050131926121374
0010 59.20844327176781
0001 59.36675461741425
0130 59.68337730870713
1000 59.84168865435357
1001 60.15831134564644
0101 60.47493403693932
0001 60.791556728232194
1000 60.94986807387863
0010 61.10817941952507
0100 61.26649076517151
0001 61.42480211081795
1000 61.58311345646438
0100 61.6622691292876
0010 61.82058047493404
0001 61.89973614775726
1000 61.97889182058048
0001 62.0580474934037
1001 62.374670184696576
1000 62.612137203166235
0100 62.69129287598945
0010 62.770448548812666
0100 62.849604221635886
1000 63.007915567282325
0100 63.166226912928764
1000 63.3245382585752
0010 63.48284960422164
0100 63.56200527704486
0001 63.64116094986808
1000 63.79947229551452
0100 63.87862796833774
0010 63.95778364116096
0001 64.03693931398418
1000 64.1160949868074
0001 64.19525065963062
0100 64.27440633245384
0010 64.43271767810027
1000 64.5910290237467
0100 64.74934036939314
0010 64.90765171503958
0001 65.06596306068602
1000 65.14511873350924
3010 65.30343007915567
0100 65.54089709762533
0001 65.85751978891821
1000 66.01583113456465
0100 66.09498680738787
0010 66.17414248021109
0001 66.33245382585753
1000 66.49076517150397
1000 66.6490765171504
0010 66.80738786279684
0100 66.96569920844328
0001 67.0448548812665
1000 67.12401055408972
0100 67.28232189973616
0010 67.36147757255938
0001 67.4406332453826
0001 67.59894459102904
1000 67.75725593667548
0010 67.8364116094987
0100 67.91556728232192
0010 68.07387862796836
1030 68.39050131926122
0001 68.54881266490766
0010 68.62796833773088
0100 68.7071240105541
1000 68.86543535620054
0001 68.94459102902375
1000 69.02374670184697
0010 69.18205804749341
0100 69.26121372031663
0001 69.34036939313985
1000 69.49868073878629
0100 69.65699208443272
0010 69.81530343007915
0001 69.89445910290237
1000 69.9736147757256
0010 70.13192612137203
1000 70.29023746701847
0100 70.44854881266491
0010 70.60686015831135
0001 70.76517150395779
1000 70.92348284960423
0001 71.08179419525067
0100 71.16094986807389
0010 71.2401055408971
1000 71.31926121372032
0010 71.39841688654354
1000 71.47757255936676
0001 71.55672823218998
0010 71.71503957783642
1100 71.87335092348286
3001 72.18997361477574
0100 72.26912928759896
0001 72.34828496042218
0100 72.4274406332454
0010 72.50659630606862
1000 72.74406332453827
0001 72.8232189973615
1000 73.06068601583115
0100 73.13984168865437
0010 73.21899736147759
0001 73.29815303430081
1000 73.45646437994723
1010 73.77308707124011
0010 74.01055408970977
0100 74.08970976253299
0001 74.16886543535621
1000 74.24802110817943
0100 74.32717678100265
0010 74.40633245382587
0011 74.72295514511873
0001 74.88126649076517
1000 74.96042216358839
0010 75.03957783641161
1000 75.11873350923483
0001 75.19788918205805
0010 75.27704485488127
0100 75.35620052770449
1000 75.51451187335093
0001 75.59366754617415
1000 75.67282321899737
0010 75.8311345646438
0100 75.91029023746702
0002 75.98944591029024
1003 76.30606860158312
0100 76.46437994722956
0010 76.622691292876
0001 76.78100263852244
0001 76.93931398416888
1000 77.09762532981532
0010 77.17678100263853
1000 77.25593667546175
0001 77.33509234828497
0010 77.4142480211082
0100 77.49340369393141
1000 77.57255936675463
0010 77.73087071240107
2000 77.88918205804751
3001 78.20580474934039
0010 78.2849604221636
0100 78.36411609498683
1000 78.41688654353564
0001 78.46965699208445
1000 78.52242744063325
0010 78.57519788918206
0100 78.62796833773088
0001 78.68073878627969
1000 78.75989445910291
0001 78.83905013192613
0010 78.99736147757257
0100 79.07651715039579
1000 79.155672823219
0010 79.31398416886545
0100 79.47229551451188
0001 79.63060686015832
1000 79.78891820580475
0100 79.86807387862797
0010 79.94722955145119
0001 80.0263852242744
0010 80.10554089709763
0100 80.26385224274406
1000 80.34300791556728
0001 80.4221635883905
0100 80.50131926121372
0010 80.58047493403694
1000 80.65963060686016
0100 80.73878627968338
0010 80.8179419525066
0001 80.89709762532982
1000 81.05540897097626
0010 81.2137203166227
1000 81.37203166226914
0100 81.53034300791558
0010 81.68865435356201
0001 81.84696569920845
0100 82.00527704485489
0001 82.16358839050133
1000 82.32189973614777
0001 82.48021108179421
0010 82.55936675461743
0100 82.63852242744065
1000 82.71767810026387
0001 82.79683377308709
1000 82.95514511873353
0010 83.11345646437996
0100 83.19261213720318
0001 83.2717678100264
1000 83.43007915567284
0100 83.50923482849606
1000 83.58839050131927
0010 83.7467018469657
0100 83.90501319261215
0001 83.98416886543536
0100 84.06332453825858
0010 84.1424802110818
1000 84.22163588390502
0100 84.37994722955146
0010 84.45910290237468
0001 84.5382585751979
1000 84.69656992084434
0010 84.85488126649076
1000 85.0131926121372
0200 85.17150395778364
0310 85.48812664907652
0001 85.64643799472296
1000 85.8047493403694
0001 85.96306068601584
0010 86.01583113456465
0100 86.06860158311346
1000 86.12137203166228
0001 86.17414248021109
0100 86.2269129287599
0010 86.27968337730871
1000 86.43799472295515
0001 86.59630606860159
0010 86.67546174142481
0001 86.75461741424803
1000 86.91292875989447
0010 87.07124010554091
1000 87.38786279683379
0001 87.54617414248023
0010 87.70448548812666
0100 87.78364116094988
1000 87.8627968337731
0100 87.94195250659632
1000 88.02110817941954
0001 88.10026385224276
1000 88.17941952506598
0010 88.33773087071242
0100 88.49604221635886
0001 88.57519788918208
1000 88.65435356200528
0001 88.7335092348285
1000 88.81266490765172
0200 88.97097625329816
0310 89.28759894459104
0001 89.44591029023748
1000 89.60422163588392
0001 89.76253298153036
0100 89.81530343007917
0010 89.86807387862798
1000 89.92084432717678
0001 89.9736147757256
1000 90.0263852242744
0100 90.07915567282322
0010 90.23746701846966
0001 90.31662269129288
1000 90.3957783641161
0001 90.47493403693932
0100 90.55408970976254
0010 90.63324538258576
1000 90.71240105540898
0001 90.87071240105541
0010 91.02902374670185
0001 91.18733509234829
1000 91.34564643799473
0010 91.50395778364117
1000 91.66226912928761
0100 91.82058047493405
0010 91.97889182058049
0001 92.0580474934037
1000 92.21635883905014
0001 92.29551451187336
1000 92.37467018469658
0010 92.4538258575198
0110 92.77044854881268
0100 93.00791556728234
0001 93.08707124010556
1000 93.16622691292878
0001 93.245382585752
0010 93.40369393139844
0100 93.56200527704488
1000 93.6411609498681
0001 93.7203166226913
1000 93.87862796833774
0100 93.95778364116096
0010 94.03693931398418
0100 94.19525065963062
1000 94.27440633245384
0001 94.35356200527706
0100 94.5118733509235
0010 94.59102902374671
1000 94.67018469656993
0001 94.82849604221637
0010 94.9868073878628
0100 95.14511873350924
1000 95.30343007915567
0001 95.54089709762533
1003 95.69920844327177
0100 95.93667546174143
0010 96.25329815303431
0001 96.41160949868075
1000 96.49076517150397
0010 96.56992084432719
0100 96.72823218997362
0010 96.88654353562006
0010 97.0448548812665
1000 97.20316622691294
0001 97.36147757255938
0010 97.4406332453826
0100 97.51978891820582
0010 97.67810026385226
0001 97.75725593667548
1000 97.8364116094987
1000 97.99472295514514
0010 98.15303430079157
0100 98.2321899736148
0001 98.31134564643801
2000 98.46965699208445
3001 98.78627968337732
0010 98.94459102902375
0100 99.02374670184697
1000 99.1029023746702
0001 99.26121372031663
0100 99.34036939313985
0001 99.41952506596307
1000 99.65699208443273
0001 99.73614775725595
0010 99.89445910290239
0100 100.05277044854881
1000 100.21108179419525
0001 100.29023746701847
1000 100.36939313984169
0010 100.52770448548813
0100 100.68601583113457
0001 100.84432717678101
1000 101.00263852242745
0001 101.2401055408971
1000 101.31926121372032
0100 101.47757255936676
0010 101.55672823218998
0001 101.6358839050132
1000 101.71503957783642
0001 101.79419525065964
0100 101.87335092348286
0010 101.95250659630608
1000 102.11081794195252
0010 102.26912928759896
1030 102.58575197889184
0100 102.66490765171505
1000 102.74406332453827
0100 102.8232189973615
0010 102.90237467018471
0001 103.13984168865437
1000 103.21899736147759
0010 103.45646437994725
1000 103.53562005277047
0001 103.61477572559369
0010 103.69393139841691
0100 103.85224274406333
1100 104.16886543535621
1000 104.40633245382587
0001 104.48548812664909
1000 104.56464379947231
0001 104.64379947229553
0100 104.72295514511875
0010 104.80211081794197
1010 105.11873350923483
1000 105.27704485488127
0100 105.35620052770449
0010 105.4353562005277
0001 105.51451187335093
1000 105.59366754617415
0001 105.67282321899737
0100 105.75197889182058
0010 105.91029023746702
1000 105.98944591029024
0001 106.06860158311346
1000 106.2269129287599
0100 106.30606860158312
0020 106.38522427440634
0030 107.65171503957785
