TITLE Now a NEW Day
BPM   158.0
NOTES
09 4.556962025316456
08 4.746835443037975
02 4.936708860759494
04 5.126582278481013
01 5.3164556962025316
04 5.506329113924051
01 5.69620253164557
02 5.886075949367089
06 6.265822784810127
08 6.455696202531646
02 6.645569620253165
04 6.835443037974684
02 7.025316455696203
08 7.215189873417722
02 7.405063291139241
10 7.784810126582279
04 7.974683544303798
02 8.164556962025317
01 8.354430379746836
04 8.544303797468356
01 8.734177215189874
02 8.924050632911392
03 9.30379746835443
08 9.49367088607595
04 9.683544303797468
02 9.873417721518988
01 10.063291139240507
04 10.253164556962027
01 10.443037974683545
02 10.632911392405063
01 10.822784810126581
04 11.012658227848101
02 11.20253164556962
08 11.39240506329114
01 11.582278481012658
02 11.772151898734178
04 11.962025316455696
12 12.341772151898734
01 12.531645569620254
04 12.721518987341772
02 12.911392405063292
08 13.10126582278481
01 13.29113924050633
02 13.481012658227849
03 13.860759493670887
08 14.050632911392407
04 14.240506329113925
02 14.430379746835445
01 14.620253164556964
08 14.810126582278484
02 15.000000000000002
06 15.379746835443038
04 15.569620253164558
01 15.759493670886076
08 15.949367088607596
12 16.139240506329116
02 16.329113924050635
03 16.518987341772153
08 16.70886075949367
01 16.89873417721519
03 17.088607594936708
02 17.27848101265823
04 17.468354430379748
08 17.658227848101266
09 17.848101265822784
01 18.037974683544306
05 18.417721518987342
06 18.60759493670886
02 18.797468354430382
08 18.9873417721519
01 19.17721518987342
03 19.367088607594937
02 19.55696202531646
04 19.746835443037977
02 19.936708860759495
03 20.126582278481013
01 20.316455696202535
08 20.506329113924053
02 20.69620253164557
10 20.88607594936709
08 21.07594936708861
12 21.455696202531644
12 21.645569620253163
08 21.835443037974684
01 22.025316455696203
08 22.21518987341772
10 22.40506329113924
02 22.594936708860757
08 22.78481012658228
01 22.974683544303797
05 23.164556962025316
04 23.354430379746837
02 23.544303797468356
08 23.734177215189874
09 23.924050632911392
01 24.11392405063291
03 24.49367088607595
06 24.68354430379747
04 24.87341772151899
08 25.06329113924051
01 25.253164556962027
05 25.443037974683545
04 25.632911392405063
02 25.822784810126585
04 26.012658227848103
05 26.20253164556962
01 26.392405063291143
02 26.58227848101266
04 26.77215189873418
08 26.962025316455698
01 27.05696202531646
08 27.151898734177216
01 27.246835443037977
08 27.341772151898738
02 27.531645569620256
04 27.721518987341774
01 27.911392405063296
08 28.006329113924053
01 28.196202531645575
02 28.291139240506332
06 28.48101265822785
04 28.67088607594937
02 28.76582278481013
01 28.860759493670887
08 29.050632911392405
09 29.240506329113924
01 29.430379746835445
02 29.620253164556964
06 29.905063291139243
12 30.18987341772152
08 30.37974683544304
01 30.569620253164558
05 30.759493670886076
04 30.949367088607598
01 31.139240506329116
02 31.234177215189874
04 31.424050632911396
08 31.518987341772153
01 31.613924050632914
08 31.708860759493675
01 31.803797468354432
08 31.898734177215193
04 32.08860759493671
12 32.27848101265823
08 32.46835443037975
01 32.65822784810127
02 32.84810126582279
12 33.037974683544306
01 33.22784810126583
08 33.41772151898734
02 33.607594936708864
06 33.79746835443038
04 33.9873417721519
01 34.177215189873415
08 34.27215189873418
01 34.462025316455694
08 34.55696202531646
12 34.74683544303797
04 34.936708860759495
02 35.12658227848102
03 35.31645569620253
01 35.50632911392405
08 35.69620253164557
08 35.88607594936709
12 36.07594936708861
04 36.265822784810126
02 36.45569620253165
01 36.64556962025317
09 36.835443037974684
08 37.025316455696206
02 37.21518987341772
04 37.310126582278485
01 37.5
02 37.594936708860764
06 37.78481012658228
04 37.9746835443038
08 38.16455696202532
12 38.35443037974684
04 38.54430379746836
02 38.734177215189874
01 38.924050632911396
09 39.11392405063292
08 39.30379746835443
02 39.493670886075954
10 39.87341772151899
08 40.25316455696203
01 40.34810126582279
04 40.44303797468355
02 40.537974683544306
08 40.72784810126583
01 40.822784810126585
02 40.91772151898735
04 41.01265822784811
08 41.20253164556963
01 41.297468354430386
08 41.39240506329114
01 41.582278481012665
04 41.77215189873418
02 41.867088607594944
08 42.05696202531646
04 42.15189873417722
02 42.24683544303798
01 42.34177215189874
08 42.4367088607595
01 42.53164556962025
08 42.62658227848101
01 42.81645569620253
04 42.91139240506329
02 43.10126582278481
08 43.291139240506325
01 43.48101265822785
05 43.67088607594937
04 43.860759493670884
02 44.050632911392405
08 44.24050632911393
01 44.43037974683544
02 44.620253164556964
04 44.81012658227848
08 45.0
01 45.18987341772152
02 45.28481012658228
01 45.379746835443036
04 45.4746835443038
02 45.56962025316456
08 45.664556962025316
04 45.75949367088608
02 45.85443037974684
01 45.949367088607595
04 46.04430379746836
02 46.139240506329116
08 46.234177215189874
04 46.32911392405063
08 46.424050632911396
01 46.51898734177215
04 46.61392405063291
02 46.708860759493675
08 46.80379746835443
02 46.89873417721519
04 46.993670886075954
01 47.08860759493671
08 47.27848101265823
01 47.37341772151899
02 47.46835443037975
04 47.65822784810127
02 47.848101265822784
01 48.037974683544306
08 48.22784810126583
02 48.322784810126585
04 48.41772151898734
01 48.51265822784811
08 48.607594936708864
04 48.797468354430386
02 48.89240506329114
01 48.9873417721519
08 49.17721518987342
01 49.36708860759494
04 49.55696202531646
06 49.74683544303798
02 49.936708860759495
08 50.12658227848102
01 50.221518987341774
02 50.411392405063296
04 50.50632911392405
08 50.696202531645575
01 50.79113924050633
08 50.88607594936709
04 51.07594936708861
02 51.26582278481013
01 51.36075949367089
02 51.45569620253165
01 51.55063291139241
08 51.64556962025317
02 51.83544303797469
04 52.025316455696206
01 52.21518987341773
08 52.40506329113924
04 52.50000000000001
08 52.594936708860764
02 52.68987341772152
04 52.784810126582286
01 52.87974683544304
02 52.9746835443038
04 53.069620253164565
08 53.16455696202532
01 53.354430379746844
06 53.54430379746836
08 53.73417721518988
01 53.924050632911396
04 54.11392405063292
10 54.30379746835444
01 54.493670886075954
02 54.683544303797476
04 54.873417721519
03 55.06329113924051
08 55.253164556962034
01 55.44303797468355
02 55.63291139240507
12 55.82278481012659
08 56.01265822784811
01 56.20253164556962
04 56.39240506329114
10 56.58227848101266
01 56.77215189873418
04 56.962025316455694
01 57.151898734177216
06 57.34177215189874
08 57.53164556962025
02 57.721518987341774
04 57.911392405063296
09 58.10126582278481
02 58.29113924050633
04 58.48101265822785
02 58.57594936708861
04 58.765822784810126
02 58.86075949367089
06 59.050632911392405
04 59.24050632911393
02 59.43037974683545
09 59.620253164556964
08 59.810126582278485
02 60.0
04 60.18987341772152
05 60.37974683544304
08 60.56962025316456
02 60.75949367088608
04 60.9493670886076
10 61.139240506329116
08 61.32911392405064
04 61.51898734177215
02 61.708860759493675
09 61.898734177215196
08 62.08860759493671
01 62.27848101265823
08 62.468354430379755
03 62.65822784810127
08 62.84810126582279
04 63.037974683544306
04 63.22784810126583
12 63.41772151898735
09 63.607594936708864
08 63.797468354430386
04 63.89240506329114
02 64.17721518987342
01 64.36708860759494
08 64.55696202531647
02 64.65189873417722
04 64.84177215189874
01 64.9367088607595
04 65.03164556962025
01 65.12658227848102
08 65.31645569620254
01 65.50632911392405
03 65.69620253164558
02 65.8860759493671
01 66.07594936708861
08 66.26582278481014
10 66.45569620253166
02 66.64556962025317
06 67.0253164556962
05 67.21518987341773
01 67.40506329113924
08 67.59493670886076
04 67.78481012658229
06 67.9746835443038
02 68.16455696202532
01 68.35443037974684
08 68.54430379746836
09 68.73417721518989
01 68.9240506329114
08 69.11392405063292
04 69.30379746835445
12 69.49367088607596
08 69.68354430379748
09 70.0632911392405
09 70.25316455696203
08 70.44303797468355
02 70.63291139240506
04 70.82278481012659
06 71.0126582278481
02 71.20253164556962
04 71.39240506329115
01 71.58227848101266
09 71.7721518987342
08 71.96202531645571
04 72.15189873417722
02 72.34177215189875
03 72.53164556962027
01 72.72151898734178
09 73.10126582278481
10 73.29113924050634
02 73.48101265822785
08 73.67088607594937
01 73.8607594936709
03 74.05063291139241
02 74.24050632911393
04 74.43037974683544
08 74.62025316455696
09 74.81012658227849
01 75.0
04 75.18987341772151
01 75.37974683544304
09 75.56962025316456
08 75.75949367088607
01 75.9493670886076
02 76.04430379746836
04 76.32911392405065
08 76.51898734177216
01 76.61392405063292
08 76.80379746835443
02 76.8987341772152
04 77.08860759493672
02 77.18354430379748
08 77.27848101265823
02 77.37341772151899
04 77.46835443037975
01 77.65822784810126
08 77.84810126582279
04 78.0379746835443
02 78.22784810126582
01 78.32278481012658
02 78.41772151898735
01 78.5126582278481
08 78.60759493670886
04 78.79746835443038
02 78.89240506329114
01 78.98734177215191
08 79.17721518987342
01 79.27215189873418
04 79.36708860759495
02 79.46202531645571
08 79.55696202531647
01 79.65189873417722
08 79.74683544303798
02 79.84177215189874
04 80.03164556962027
01 80.12658227848102
08 80.31645569620254
04 80.4113924050633
02 80.50632911392405
01 80.69620253164557
02 80.79113924050633
01 80.98101265822785
08 81.07594936708861
02 81.26582278481013
08 81.36075949367088
04 81.55063291139241
02 81.64556962025317
01 81.83544303797468
08 81.93037974683544
01 82.02531645569621
04 82.21518987341773
02 82.31012658227849
08 82.50000000000001
01 82.59493670886077
08 82.78481012658229
04 82.87974683544304
02 82.97468354430382
03 83.16455696202533
01 83.35443037974684
08 83.4493670886076
01 83.54430379746836
02 83.73417721518987
04 83.82911392405063
08 84.01898734177216
01 84.11392405063292
04 84.30379746835443
02 84.39873417721519
08 84.49367088607596
01 84.58860759493672
02 84.68354430379748
04 84.77848101265823
02 84.87341772151899
01 84.96835443037975
04 85.0632911392405
02 85.25316455696202
08 85.44303797468355
01 85.63291139240506
05 85.82278481012658
04 86.0126582278481
02 86.20253164556962
08 86.29746835443038
01 86.4873417721519
08 86.58227848101266
04 86.67721518987342
02 86.77215189873418
01 86.86708860759494
02 86.96202531645571
04 87.15189873417722
08 87.24683544303798
01 87.4367088607595
04 87.53164556962027
02 87.72151898734178
08 87.81645569620254
01 88.00632911392405
08 88.10126582278481
04 88.19620253164557
02 88.38607594936708
01 88.48101265822785
08 88.67088607594937
02 88.76582278481013
08 88.95569620253164
01 89.05063291139241
02 89.14556962025317
04 89.24050632911393
08 89.33544303797468
04 89.43037974683544
08 89.62025316455697
01 89.81012658227849
06 90.00000000000001
08 90.18987341772153
01 90.37974683544304
02 90.56962025316457
12 90.75949367088609
08 90.9493670886076
01 91.13924050632912
04 91.32911392405063
10 91.51898734177216
04 91.70886075949367
02 91.89873417721519
04 92.08860759493672
09 92.27848101265823
08 92.46835443037975
02 92.65822784810128
04 92.84810126582279
09 93.03797468354432
01 93.22784810126583
04 93.41772151898735
01 93.60759493670888
10 93.79746835443039
08 93.98734177215191
04 94.17721518987342
02 94.36708860759494
12 94.55696202531647
01 94.74683544303798
02 94.9367088607595
01 95.12658227848102
09 95.31645569620254
08 95.50632911392405
02 95.60126582278481
04 95.69620253164558
01 95.8860759493671
10 96.07594936708863
08 96.26582278481014
04 96.45569620253166
02 96.64556962025318
06 96.8354430379747
01 97.02531645569621
08 97.21518987341773
04 97.40506329113924
03 97.59493670886077
08 97.78481012658229
01 97.9746835443038
04 98.16455696202533
10 98.35443037974684
08 98.54430379746836
01 98.73417721518987
02 98.92405063291139
09 99.11392405063292
04 99.30379746835443
02 99.49367088607595
04 99.68354430379748
09 99.87341772151899
08 100.0632911392405
02 100.25316455696203
05 100.44303797468355
05 100.63291139240508
05 100.82278481012659
08 101.0126582278481
02 101.10759493670886
04 101.29746835443039
01 101.39240506329115
09 101.58227848101266
01 102.9113924050633
09 104.24050632911394
