TITLE o'er the flood
BPM   194.0
NOTES
03 9.896907216494846
03 10.20618556701031
01 11.443298969072165
08 11.597938144329897
02 12.061855670103093
08 12.216494845360824
01 12.371134020618557
09 14.845360824742269
09 15.154639175257733
01 16.391752577319586
04 16.546391752577318
02 17.010309278350515
08 17.164948453608247
01 17.319587628865982
08 18.247422680412374
04 18.402061855670105
02 18.556701030927837
01 19.48453608247423
08 19.79381443298969
08 20.103092783505154
09 20.41237113402062
01 20.721649484536083
04 20.876288659793815
04 21.185567010309278
01 21.34020618556701
08 21.49484536082474
02 21.649484536082475
08 21.95876288659794
01 22.11340206185567
08 22.2680412371134
04 22.577319587628864
06 22.88659793814433
02 23.195876288659793
01 23.350515463917525
08 23.50515463917526
01 23.65979381443299
02 23.814432989690722
04 23.969072164948454
08 24.12371134020619
01 24.27835051546392
08 24.587628865979383
01 24.742268041237114
01 25.051546391752577
09 25.360824742268044
08 25.670103092783506
02 25.824742268041238
02 26.1340206185567
04 26.288659793814432
01 26.443298969072163
08 26.5979381443299
04 26.90721649484536
02 27.061855670103093
01 27.216494845360828
08 27.52577319587629
02 27.68041237113402
04 28.14432989690722
01 28.29896907216495
08 28.453608247422682
04 28.762886597938145
02 28.917525773195877
01 29.07216494845361
08 29.226804123711343
02 29.304123711340207
08 29.381443298969074
01 29.536082474226806
04 29.690721649484537
04 30.0
05 30.309278350515466
01 30.61855670103093
04 30.77319587628866
04 31.082474226804123
02 31.237113402061855
08 31.391752577319586
01 31.54639175257732
02 31.855670103092784
04 32.01030927835052
08 32.16494845360825
04 32.47422680412371
12 32.78350515463917
08 33.092783505154635
01 33.24742268041237
04 33.402061855670105
01 33.55670103092784
08 33.71134020618557
04 33.8659793814433
02 34.02061855670103
01 34.175257731958766
08 34.48453608247423
02 34.639175257731964
02 34.948453608247426
06 35.25773195876289
04 35.56701030927835
01 35.72164948453609
01 36.03092783505155
04 36.18556701030928
02 36.34020618556701
08 36.49484536082474
04 36.8041237113402
02 36.95876288659794
04 37.11340206185567
08 37.422680412371136
01 37.57731958762887
02 38.04123711340206
04 38.1958762886598
08 38.350515463917525
01 39.58762886597938
09 39.896907216494846
08 40.128865979381445
02 40.20618556701031
04 40.28350515463918
01 40.36082474226804
02 40.51546391752577
04 40.59278350515464
08 40.670103092783506
01 40.82474226804124
04 40.902061855670105
02 40.979381443298976
04 41.05670103092784
01 41.134020618556704
04 41.21134020618557
01 41.28865979381444
08 41.3659793814433
04 41.44329896907217
02 41.52061855670104
01 41.5979381443299
08 41.675257731958766
01 41.75257731958763
08 41.907216494845365
02 42.06185567010309
04 42.29381443298969
01 42.371134020618555
02 42.52577319587629
04 42.603092783505154
08 42.68041237113402
04 42.75773195876289
02 42.83505154639175
01 42.98969072164948
08 43.144329896907216
02 43.22164948453608
04 43.29896907216495
01 43.453608247422686
08 43.53092783505155
01 43.608247422680414
02 43.76288659793815
04 43.91752577319588
08 43.99484536082475
01 44.07216494845361
08 44.149484536082475
01 44.22680412371134
04 44.381443298969074
02 44.45876288659794
08 44.5360824742268
04 44.69072164948454
02 44.7680412371134
04 44.845360824742265
08 45.0
01 45.077319587628864
04 45.15463917525773
01 45.30927835051546
02 45.46391752577319
04 45.54123711340206
08 45.618556701030926
01 45.69587628865979
08 45.77319587628866
02 45.927835051546396
04 46.00515463917526
01 46.08247422680412
04 46.23711340206186
02 46.391752577319586
08 46.54639175257732
01 46.70103092783505
02 46.77835051546392
04 46.855670103092784
02 47.01030927835052
01 47.164948453608254
08 47.31958762886598
02 47.55154639175258
04 47.628865979381445
02 47.706185567010316
08 47.78350515463918
01 47.93814432989691
08 48.09278350515464
02 48.24742268041237
08 48.47938144329897
01 48.55670103092783
08 48.6340206185567
01 48.71134020618557
02 48.865979381443296
04 49.02061855670103
08 49.17525773195876
01 49.329896907216494
09 49.48453608247423
02 49.56185567010309
04 49.639175257731964
02 49.71649484536083
08 49.79381443298969
01 49.948453608247426
02 50.103092783505154
04 50.180412371134025
08 50.25773195876289
01 50.33505154639175
08 50.41237113402062
02 50.56701030927835
08 50.72164948453609
01 50.79896907216495
08 50.87628865979382
01 50.953608247422686
08 51.03092783505155
02 51.108247422680414
08 51.185567010309285
02 51.26288659793815
04 51.34020618556701
01 51.417525773195884
08 51.49484536082475
04 51.57216494845361
02 51.649484536082475
04 51.80412371134021
08 51.95876288659794
01 52.0360824742268
04 52.11340206185567
01 52.19072164948454
04 52.2680412371134
02 52.422680412371136
08 52.5
01 52.577319587628864
08 52.654639175257735
04 52.7319587628866
02 52.88659793814433
01 53.04123711340206
02 53.118556701030926
04 53.1958762886598
08 53.35051546391753
01 53.427835051546396
08 53.50515463917526
02 53.58247422680412
08 53.659793814432994
04 53.81443298969072
02 53.89175257731959
01 53.96907216494846
08 54.04639175257732
01 54.123711340206185
04 54.27835051546392
02 54.355670103092784
08 54.432989690721655
01 54.58762886597939
04 54.74226804123712
01 54.89690721649485
04 54.97422680412372
01 55.05154639175258
08 55.206185567010316
04 55.36082474226804
02 55.438144329896915
01 55.51546391752578
02 55.59278350515464
04 55.670103092783506
02 55.82474226804124
01 55.902061855670105
08 55.97938144329897
02 56.134020618556704
04 56.28865979381443
01 56.44329896907217
08 56.597938144329895
02 56.675257731958766
08 56.75257731958763
04 56.907216494845365
02 57.0618556701031
01 57.21649484536083
08 57.37113402061856
02 57.448453608247426
04 57.52577319587629
02 57.60309278350516
08 57.680412371134025
01 57.75773195876289
02 57.83505154639175
04 57.98969072164949
08 58.06701030927835
01 58.144329896907216
08 58.29896907216495
02 58.45360824742268
04 58.608247422680414
01 58.68556701030928
08 58.76288659793814
04 58.84020618556701
02 58.91752577319588
01 59.072164948453604
05 59.22680412371134
06 59.3041237113402
10 59.381443298969074
02 59.53608247422681
04 59.69072164948454
01 59.84536082474227
02 59.922680412371136
04 60.0
08 60.154639175257735
01 60.30927835051546
04 60.386597938144334
02 60.4639175257732
04 60.54123711340206
01 60.61855670103093
08 60.77319587628867
04 60.927835051546396
08 61.08247422680413
02 61.23711340206186
04 61.31443298969073
01 61.39175257731959
04 61.46907216494846
02 61.54639175257732
08 61.62371134020619
01 61.701030927835056
02 61.77835051546392
04 61.855670103092784
08 62.01030927835052
01 62.08762886597938
08 62.16494845360825
02 62.31958762886598
04 62.396907216494846
01 62.47422680412371
04 62.55154639175258
02 62.628865979381445
08 62.78350515463917
04 62.86082474226804
02 62.93814432989691
01 63.01546391752577
08 63.09278350515464
02 63.24742268041238
04 63.402061855670105
01 63.55670103092784
08 63.71134020618557
04 63.78865979381444
02 63.8659793814433
04 63.94329896907217
08 64.02061855670104
01 64.0979381443299
04 64.17525773195877
01 64.25257731958763
08 64.3298969072165
02 64.48453608247422
04 64.56185567010309
02 64.63917525773196
08 64.79381443298969
01 64.87113402061856
08 64.94845360824742
04 65.02577319587628
02 65.10309278350515
04 65.25773195876289
08 65.33505154639175
01 65.41237113402062
08 65.48969072164948
01 65.56701030927836
04 65.72164948453609
02 65.87628865979383
08 66.03092783505156
01 66.10824742268042
02 66.18556701030928
04 66.34020618556701
08 66.41752577319589
04 66.49484536082475
08 66.57216494845362
01 66.64948453608248
08 66.80412371134021
02 66.95876288659794
04 67.11340206185568
02 67.26804123711341
08 67.42268041237114
01 67.57731958762886
02 67.7319587628866
04 67.88659793814433
08 68.04123711340206
01 68.19587628865979
04 68.27319587628865
02 68.4278350515464
04 68.50515463917526
01 68.65979381443299
08 68.81443298969072
04 68.96907216494846
06 69.12371134020619
03 69.20103092783505
09 69.27835051546393
02 69.35567010309279
08 69.43298969072166
02 69.51030927835052
04 69.5876288659794
01 69.66494845360826
08 69.74226804123712
04 69.81958762886599
02 69.89690721649485
04 69.97422680412372
08 70.05154639175258
01 70.20618556701032
04 70.28350515463919
02 70.36082474226805
04 70.43814432989691
01 70.51546391752578
08 70.6701030927835
04 70.82474226804125
08 70.97938144329898
01 71.1340206185567
02 71.21134020618557
04 71.28865979381443
02 71.36597938144331
04 71.44329896907217
08 71.52061855670104
01 71.5979381443299
04 71.67525773195877
02 71.75257731958763
08 71.90721649484536
04 71.98453608247422
08 72.0618556701031
01 72.21649484536083
04 72.29381443298969
02 72.37113402061856
04 72.44845360824742
01 72.52577319587628
02 72.68041237113403
04 72.75773195876289
08 72.83505154639175
04 72.91237113402062
08 72.98969072164948
01 73.14432989690721
04 73.29896907216495
02 73.37628865979381
08 73.45360824742268
04 73.6082474226804
02 73.68556701030927
01 73.76288659793813
08 73.84020618556701
01 73.91752577319588
08 73.99484536082474
02 74.0721649484536
04 74.14948453608247
02 74.22680412371135
08 74.38144329896907
01 74.45876288659794
02 74.53608247422682
04 74.69072164948454
08 74.76804123711341
04 74.84536082474227
02 74.92268041237114
01 75.0
08 75.15463917525774
02 75.2319587628866
08 75.30927835051547
02 75.38659793814433
04 75.4639175257732
02 75.61855670103093
08 75.77319587628867
01 75.9278350515464
08 76.00515463917526
01 76.08247422680412
02 76.23711340206185
04 76.31443298969073
08 76.3917525773196
04 76.46907216494846
08 76.54639175257732
01 76.70103092783505
04 76.85567010309278
02 77.01030927835052
04 77.16494845360825
01 77.31958762886597
02 77.39690721649484
04 77.4742268041237
02 77.62886597938144
01 77.78350515463917
08 77.93814432989691
02 78.09278350515464
04 78.1701030927835
01 78.32474226804125
08 78.40206185567011
04 78.55670103092784
02 78.71134020618557
01 78.86597938144331
09 79.02061855670104
10 79.0979381443299
06 79.17525773195877
01 79.3298969072165
08 79.48453608247424
04 79.63917525773196
02 79.71649484536083
01 79.79381443298969
08 79.87113402061856
01 79.94845360824742
04 80.10309278350516
02 80.18041237113403
08 80.25773195876289
02 80.33505154639175
08 80.41237113402062
01 80.56701030927834
04 80.72164948453609
02 80.87628865979381
08 80.95360824742268
02 81.03092783505154
08 81.18556701030927
04 81.26288659793815
02 81.34020618556701
01 81.41752577319588
08 81.49484536082474
02 81.64948453608248
04 81.80412371134021
01 81.88144329896907
04 81.95876288659795
02 82.11340206185568
08 82.19072164948454
01 82.26804123711341
08 82.34536082474227
01 82.42268041237114
02 82.57731958762888
04 82.65463917525774
08 82.7319587628866
01 82.80927835051547
08 82.88659793814433
02 83.04123711340206
04 83.1958762886598
01 83.27319587628867
04 83.35051546391753
02 83.50515463917526
08 83.65979381443299
01 83.73711340206187
02 83.81443298969073
04 83.8917525773196
02 83.96907216494846
01 84.12371134020619
08 84.27835051546391
02 84.35567010309278
04 84.43298969072166
01 84.58762886597938
02 84.66494845360825
04 84.74226804123711
02 84.81958762886597
04 84.89690721649484
08 85.05154639175258
01 85.12886597938144
04 85.20618556701031
01 85.28350515463917
04 85.36082474226805
02 85.51546391752578
08 85.67010309278352
01 85.82474226804125
02 85.90206185567011
04 85.97938144329898
02 86.1340206185567
01 86.21134020618558
08 86.28865979381445
01 86.36597938144331
04 86.44329896907217
02 86.5979381443299
08 86.75257731958763
04 86.90721649484537
02 87.0618556701031
04 87.21649484536083
08 87.37113402061856
01 87.5257731958763
04 87.68041237113403
02 87.83505154639175
08 87.98969072164948
01 88.06701030927834
02 88.22164948453609
01 88.29896907216495
02 88.45360824742268
04 88.6082474226804
08 88.76288659793815
09 89.0721649484536
04 89.22680412371133
02 89.38144329896907
08 89.5360824742268
04 89.61340206185567
02 89.69072164948453
04 89.7680412371134
08 89.84536082474226
01 90.0
04 90.07731958762886
02 90.15463917525773
08 90.23195876288659
01 90.30927835051547
02 90.4639175257732
04 90.61855670103094
02 90.77319587628867
01 90.85051546391753
08 90.9278350515464
01 91.08247422680412
04 91.159793814433
02 91.23711340206187
04 91.31443298969073
02 91.3917525773196
08 91.54639175257732
04 91.70103092783505
02 91.77835051546391
01 91.85567010309279
08 92.01030927835052
02 92.08762886597938
04 92.16494845360825
02 92.24226804123711
08 92.31958762886597
01 92.47422680412372
02 92.55154639175258
04 92.62886597938144
08 92.70618556701031
01 92.78350515463917
04 92.86082474226804
01 92.9381443298969
08 93.09278350515464
04 93.1701030927835
02 93.24742268041237
01 93.4020618556701
08 93.55670103092783
02 93.6340206185567
04 93.71134020618557
02 93.78865979381443
04 93.8659793814433
01 94.02061855670104
02 94.17525773195877
04 94.25257731958763
02 94.32989690721651
01 94.48453608247424
08 94.5618556701031
02 94.63917525773196
04 94.71649484536083
01 94.79381443298969
02 94.94845360824743
04 95.0257731958763
08 95.10309278350516
01 95.18041237113403
08 95.25773195876289
02 95.41237113402062
04 95.56701030927836
01 95.72164948453609
02 95.79896907216495
01 95.87628865979381
08 96.03092783505154
02 96.10824742268042
08 96.18556701030928
02 96.26288659793815
04 96.34020618556701
01 96.41752577319588
08 96.49484536082474
04 96.64948453608247
02 96.80412371134021
04 96.95876288659794
08 97.11340206185567
04 97.2680412371134
02 97.42268041237114
01 97.57731958762886
08 97.7319587628866
02 97.88659793814433
04 97.9639175257732
01 98.11855670103094
08 98.1958762886598
04 98.35051546391753
02 98.50515463917526
01 98.58247422680414
08 98.659793814433
09 98.96907216494846
04 99.12371134020619
02 99.27835051546393
08 99.43298969072166
04 99.58762886597938
02 99.74226804123711
01 99.89690721649485
02 99.97422680412372
04 100.05154639175258
08 100.12886597938144
02 100.20618556701031
04 100.36082474226804
01 100.51546391752578
04 100.6701030927835
02 100.82474226804123
08 100.97938144329896
01 101.1340206185567
02 101.21134020618557
04 101.28865979381443
02 101.3659793814433
01 101.44329896907217
08 101.5979381443299
01 101.75257731958764
04 101.90721649484537
02 102.0618556701031
08 102.21649484536083
04 102.37113402061857
02 102.44845360824743
04 102.5257731958763
02 102.60309278350516
01 102.68041237113403
08 102.83505154639175
02 102.9896907216495
04 103.14432989690722
01 103.29896907216495
02 103.45360824742268
04 103.60824742268042
08 103.68556701030928
04 103.76288659793815
08 103.84020618556701
01 103.91752577319588
04 104.0721649484536
02 104.14948453608247
08 104.22680412371135
01 104.38144329896907
02 104.5360824742268
04 104.69072164948453
08 104.84536082474227
01 104.92268041237114
04 105.0
02 105.07731958762886
08 105.15463917525774
01 105.30927835051547
02 105.46391752577321
01 105.61855670103094
04 105.77319587628867
02 105.9278350515464
08 106.08247422680414
04 106.159793814433
08 106.23711340206187
01 106.31443298969073
08 106.3917525773196
04 106.54639175257732
08 106.70103092783506
02 106.85567010309279
04 107.01030927835052
01 107.16494845360825
02 107.31958762886599
04 107.39690721649485
08 107.47422680412372
02 107.55154639175258
08 107.62886597938144
01 107.78350515463917
04 107.86082474226804
02 107.93814432989691
08 108.09278350515464
01 108.24742268041237
02 108.4020618556701
04 108.55670103092784
02 108.6340206185567
04 108.71134020618557
02 108.78865979381443
04 108.86597938144331
08 109.02061855670104
01 109.0979381443299
04 109.17525773195878
02 109.32989690721651
08 109.48453608247424
04 109.63917525773196
02 109.7938144329897
01 109.87113402061857
02 109.94845360824743
04 110.0257731958763
08 110.10309278350516
01 110.25773195876289
04 110.41237113402063
02 110.56701030927836
04 110.72164948453609
01 110.87628865979381
08 111.03092783505156
02 111.10824742268042
04 111.18556701030928
02 111.26288659793815
08 111.34020618556701
01 111.49484536082474
02 111.64948453608248
01 111.80412371134021
04 111.95876288659794
02 112.11340206185567
08 112.26804123711341
01 112.34536082474227
08 112.42268041237114
01 112.5
04 112.57731958762886
02 112.73195876288659
08 112.88659793814433
04 113.04123711340206
02 113.19587628865979
01 113.27319587628865
02 113.35051546391752
01 113.4278350515464
08 113.50515463917526
01 113.58247422680412
04 113.65979381443299
02 113.81443298969073
08 113.96907216494846
01 114.1237113402062
08 114.27835051546393
02 114.43298969072166
08 114.58762886597938
01 114.74226804123712
02 114.81958762886599
04 114.89690721649485
08 114.97422680412372
04 115.05154639175258
08 115.20618556701031
02 115.36082474226805
04 115.51546391752578
01 115.6701030927835
02 115.82474226804123
01 115.97938144329898
08 116.05670103092784
02 116.1340206185567
04 116.21134020618557
01 116.28865979381443
08 116.44329896907216
04 116.5979381443299
08 116.75257731958763
04 116.90721649484536
02 117.06185567010309
01 117.21649484536083
04 117.29381443298969
01 117.37113402061856
08 117.44845360824742
04 117.5257731958763
02 117.68041237113403
01 117.75773195876289
08 117.83505154639177
02 117.9896907216495
04 118.14432989690722
01 118.29896907216495
04 118.37628865979383
02 118.4536082474227
10 118.76288659793815
02 118.91752577319588
04 119.07216494845362
01 119.22680412371135
02 119.38144329896907
04 119.5360824742268
08 119.69072164948454
04 119.76804123711341
02 119.84536082474227
01 119.92268041237114
04 120.0
02 120.15463917525773
08 120.30927835051547
02 120.4639175257732
04 120.61855670103093
01 120.77319587628865
08 120.9278350515464
04 121.00515463917526
02 121.08247422680412
04 121.15979381443299
08 121.23711340206187
01 121.3917525773196
08 121.54639175257734
02 121.70103092783506
04 121.85567010309279
01 122.01030927835052
02 122.16494845360826
04 122.24226804123712
02 122.31958762886599
04 122.39690721649485
08 122.47422680412372
01 122.62886597938144
04 122.78350515463919
02 122.93814432989691
08 123.09278350515464
04 123.24742268041237
02 123.40206185567011
01 123.55670103092784
09 123.71134020618557
02 123.8659793814433
08 124.02061855670104
01 124.17525773195877
02 124.3298969072165
04 124.48453608247422
08 124.63917525773196
01 124.71649484536083
04 124.79381443298969
02 124.87113402061856
08 124.94845360824743
01 125.10309278350516
02 125.2577319587629
01 125.41237113402063
04 125.56701030927836
02 125.72164948453609
08 125.87628865979383
04 125.9536082474227
08 126.03092783505156
01 126.18556701030928
02 126.34020618556701
01 126.49484536082475
04 126.64948453608248
02 126.80412371134021
08 126.95876288659794
04 127.11340206185568
02 127.19072164948454
01 127.26804123711341
04 127.34536082474227
01 127.42268041237114
08 127.57731958762886
02 127.7319587628866
08 127.88659793814433
01 128.04123711340208
02 128.1958762886598
04 128.35051546391753
02 128.4278350515464
04 128.50515463917526
02 128.58247422680412
04 128.659793814433
08 128.81443298969072
01 128.89175257731958
04 128.96907216494844
02 129.12371134020617
08 129.27835051546393
04 129.43298969072166
02 129.58762886597938
01 129.66494845360825
02 129.7422680412371
04 129.81958762886597
08 129.89690721649484
01 130.05154639175257
04 130.2061855670103
02 130.36082474226802
04 130.51546391752578
01 130.6701030927835
08 130.82474226804123
02 130.9020618556701
04 130.97938144329896
02 131.05670103092783
08 131.13402061855672
01 131.28865979381445
04 131.44329896907217
01 131.5979381443299
04 131.75257731958766
02 131.9072164948454
08 132.0618556701031
01 132.13917525773198
08 132.21649484536084
01 132.2938144329897
04 132.37113402061857
02 132.5257731958763
08 132.68041237113403
04 132.83505154639175
02 132.9896907216495
01 133.06701030927837
02 133.14432989690724
01 133.29896907216497
04 133.4536082474227
06 133.60824742268042
08 133.76288659793815
01 133.91752577319588
08 134.0721649484536
02 134.22680412371136
08 134.3814432989691
01 134.53608247422682
02 134.61340206185568
04 134.69072164948454
08 134.7680412371134
04 134.84536082474227
08 135.0
02 135.15463917525773
04 135.30927835051546
01 135.4639175257732
02 135.61855670103094
01 135.77319587628867
08 135.85051546391753
02 135.9278350515464
04 136.00515463917526
01 136.08247422680412
08 136.23711340206185
04 136.39175257731958
08 136.5463917525773
04 136.70103092783506
02 136.8556701030928
01 137.01030927835052
04 137.08762886597938
01 137.16494845360825
08 137.2422680412371
04 137.31958762886597
02 137.4742268041237
01 137.55154639175257
08 137.62886597938143
02 137.78350515463916
04 137.93814432989691
01 138.09278350515464
04 138.1701030927835
02 138.24742268041237
