TITLE Pomegranate
BPM   130.0
NOTES
1001 7.384615384615385
1000 7.615384615384616
0010 8.076923076923077
0100 8.192307692307693
0001 8.307692307692308
0001 8.653846153846155
0001 9.0
0010 9.115384615384617
0100 9.230769230769232
1000 9.461538461538462
0001 9.923076923076923
1000 10.03846153846154
0100 10.153846153846155
0100 10.500000000000002
0100 10.846153846153847
1000 10.961538461538463
0010 11.076923076923077
0100 11.192307692307692
0010 11.307692307692307
0100 11.423076923076923
0010 11.538461538461538
1000 11.653846153846153
0010 11.769230769230768
1000 11.884615384615385
0001 12.0
1000 12.115384615384615
0001 12.23076923076923
1000 12.346153846153847
0001 12.461538461538462
0010 12.576923076923077
0001 12.692307692307692
0010 12.807692307692307
0001 12.923076923076923
1000 13.0
0001 13.076923076923077
1000 13.153846153846153
0001 13.230769230769232
1000 13.307692307692308
0001 13.384615384615385
1000 13.461538461538462
0001 13.538461538461538
1000 13.615384615384615
0001 13.692307692307693
1000 13.76923076923077
0001 13.846153846153847
0100 13.961538461538462
0010 14.076923076923077
1000 14.192307692307693
0002 14.307692307692308
1003 14.538461538461538
0100 14.653846153846153
2000 14.76923076923077
0010 15.0
3010 15.230769230769232
0100 15.461538461538462
0001 15.692307692307693
0010 15.923076923076923
0100 16.03846153846154
1000 16.26923076923077
0001 16.384615384615387
1000 16.5
0010 16.615384615384617
0100 16.846153846153847
0001 16.961538461538463
0100 17.192307692307693
0010 17.30769230769231
1000 17.423076923076923
0001 17.53846153846154
0010 17.76923076923077
1000 18.0
0010 18.230769230769234
0001 18.461538461538463
0100 18.692307692307693
0010 18.923076923076923
1000 19.153846153846157
0001 19.384615384615387
0010 19.615384615384617
0100 19.730769230769234
0010 19.961538461538463
0001 20.07692307692308
0010 20.192307692307693
0100 20.30769230769231
1000 20.53846153846154
0010 20.653846153846157
0100 20.884615384615387
0001 21.000000000000004
1000 21.115384615384617
0001 21.230769230769234
0100 21.461538461538463
2000 21.692307692307693
0100 21.923076923076927
3200 22.153846153846153
0001 22.384615384615383
0301 22.615384615384613
0010 22.846153846153847
0100 23.076923076923077
1000 23.307692307692307
0001 23.423076923076923
1000 23.653846153846153
0010 23.76923076923077
1000 23.884615384615383
0100 24.0
0010 24.23076923076923
0001 24.346153846153847
0010 24.576923076923077
0100 24.692307692307693
1000 24.807692307692307
0001 24.923076923076923
0100 25.153846153846153
1000 25.384615384615383
0100 25.615384615384617
0001 25.846153846153847
0010 26.076923076923077
0100 26.307692307692307
1000 26.53846153846154
0001 26.76923076923077
0100 27.0
0001 27.115384615384617
1000 27.346153846153847
0100 27.461538461538463
0010 27.576923076923077
0001 27.692307692307693
0101 28.03846153846154
1010 28.384615384615387
1000 28.615384615384617
0100 28.730769230769234
0010 29.076923076923077
0001 29.192307692307693
0010 29.30769230769231
0001 29.384615384615387
0010 29.461538461538463
0002 29.53846153846154
1000 29.76923076923077
1003 30.0
0010 30.230769230769234
0100 30.461538461538463
0001 30.692307692307693
0010 30.80769230769231
0001 31.03846153846154
1000 31.153846153846157
0010 31.26923076923077
1000 31.384615384615387
0100 31.615384615384617
0010 31.730769230769234
0100 31.961538461538463
1000 32.07692307692308
0001 32.19230769230769
1000 32.30769230769231
0010 32.53846153846154
0001 32.769230769230774
0010 33.0
1000 33.23076923076923
0001 33.46153846153847
0010 33.69230769230769
0100 33.92307692307693
1000 34.15384615384615
0001 34.38461538461539
0100 34.5
0010 34.73076923076923
1000 34.84615384615385
0010 34.96153846153847
0100 35.07692307692308
0001 35.307692307692314
0010 35.42307692307693
0100 35.65384615384616
1000 35.769230769230774
0100 35.88461538461539
0020 36.0
0100 36.23076923076923
0230 36.46153846153847
1300 36.69230769230769
0001 36.769230769230774
1000 36.84615384615385
0002 36.92307692307693
0100 37.15384615384616
0103 37.38461538461539
0010 37.61538461538462
1000 37.84615384615385
0001 38.07692307692308
0010 38.19230769230769
0001 38.42307692307693
0100 38.53846153846154
0010 38.65384615384616
1000 38.769230769230774
0100 39.00000000000001
1000 39.11538461538462
0010 39.346153846153854
0100 39.46153846153847
0001 39.57692307692308
1000 39.69230769230769
0100 39.92307692307693
0002 40.15384615384616
0100 40.38461538461539
0203 40.61538461538462
1000 40.846153846153854
1300 41.07692307692308
0010 41.307692307692314
0100 41.53846153846154
0001 41.769230769230774
1000 41.88461538461539
0001 42.11538461538462
0100 42.23076923076923
0001 42.346153846153854
1000 42.46153846153847
1100 42.807692307692314
0011 43.15384615384616
0002 43.38461538461539
1003 43.846153846153854
0010 44.07692307692308
0200 44.30769230769231
0020 45.0
2000 45.69230769230769
3330 46.4
0100 46.89230769230769
0001 47.13846153846154
1000 47.38461538461539
0100 47.63076923076923
0002 48.0
1003 49.31868131868132
0200 49.582417582417584
2000 49.84615384615385
0300 50.76923076923077
3001 51.0
0100 51.23076923076923
0010 51.46153846153846
1010 51.69230769230769
1010 52.15384615384615
1001 52.61538461538461
0001 52.84615384615385
0011 53.07692307692308
0010 53.30769230769231
0210 53.53846153846154
0300 53.88461538461539
2100 54.0
3000 54.34615384615385
1002 54.46153846153846
0003 54.80769230769231
0201 54.92307692307693
0010 55.15384615384615
0310 55.38461538461539
1000 55.61538461538462
0010 55.84615384615385
0100 56.07692307692308
0010 56.30769230769231
1000 56.53846153846154
0001 56.769230769230774
0010 57.0
0100 57.11538461538462
2000 57.23076923076923
3020 58.15384615384615
1030 58.61538461538462
0001 58.73076923076923
1000 58.84615384615385
0001 58.96153846153847
1000 59.07692307692308
0100 59.19230769230769
0010 59.307692307692314
0100 59.42307692307693
0010 59.53846153846154
0001 59.65384615384616
0010 59.769230769230774
0100 59.88461538461539
1000 60.0
0010 60.11538461538462
0100 60.23076923076923
0010 60.34615384615385
1000 60.46153846153847
0001 60.57692307692308
1000 60.69230769230769
0001 60.807692307692314
1000 60.92307692307693
0100 61.03846153846154
0010 61.15384615384616
0100 61.269230769230774
1000 61.38461538461539
0100 61.50000000000001
0010 61.61538461538462
0001 61.73076923076923
1000 61.84615384615385
0010 61.96153846153847
0100 62.07692307692308
0010 62.19230769230769
1000 62.307692307692314
0001 62.42307692307693
0100 62.53846153846154
0010 62.65384615384616
1000 62.769230769230774
0001 62.88461538461539
0010 63.00000000000001
0001 63.11538461538462
0010 63.23076923076923
0100 63.346153846153854
1000 63.46153846153847
0100 63.57692307692308
1000 63.69230769230769
0001 63.807692307692314
0100 63.92307692307693
0010 64.03846153846155
1000 64.15384615384616
0001 64.26923076923077
0010 64.38461538461539
0100 64.5
0010 64.61538461538461
0001 64.73076923076923
0100 64.84615384615384
0010 64.96153846153845
1000 65.07692307692308
0010 65.1923076923077
1000 65.3076923076923
0001 65.42307692307692
0010 65.53846153846153
0100 65.61538461538461
0010 65.6923076923077
0100 65.76923076923077
1000 65.84615384615384
0001 65.92307692307692
1000 66.0
0010 66.11538461538461
0100 66.23076923076923
0010 66.34615384615384
1000 66.46153846153847
0100 66.57692307692308
0010 66.6923076923077
0100 66.8076923076923
1000 66.92307692307693
0001 67.03846153846155
0010 67.15384615384616
0100 67.26923076923077
1000 67.38461538461539
0001 67.5
0100 67.61538461538463
0010 67.73076923076924
1000 67.84615384615385
0010 67.96153846153847
1000 68.07692307692308
0001 68.1923076923077
1000 68.3076923076923
0100 68.42307692307692
0010 68.53846153846153
0100 68.65384615384615
0010 68.76923076923077
0100 68.88461538461539
1000 69.0
0001 69.11538461538461
1000 69.23076923076923
0010 69.34615384615384
0100 69.46153846153847
0001 69.57692307692308
1000 69.6923076923077
0010 69.8076923076923
1000 69.92307692307692
0001 70.03846153846153
1000 70.15384615384616
0100 70.26923076923077
0010 70.38461538461539
0001 70.5
1000 70.61538461538463
0010 70.73076923076924
0100 70.84615384615385
0001 70.96153846153847
1000 71.07692307692308
0010 71.1923076923077
1000 71.30769230769232
0001 71.42307692307693
0010 71.53846153846155
0100 71.65384615384616
1000 71.76923076923077
0001 71.88461538461539
1000 72.0
0100 72.11538461538461
0010 72.23076923076923
0001 72.3076923076923
0010 72.38461538461539
0001 72.46153846153847
1000 72.53846153846153
0001 72.61538461538461
1000 72.6923076923077
0010 72.76923076923077
0100 72.84615384615384
0001 72.92307692307692
0010 73.07692307692308
0100 73.23076923076923
1000 73.38461538461539
0001 73.5
1000 73.61538461538461
0001 73.73076923076923
0200 73.84615384615385
0310 74.30769230769232
1000 74.53846153846155
1002 74.76923076923077
0013 75.23076923076924
0100 75.46153846153847
2100 75.6923076923077
3010 76.15384615384616
0100 76.38461538461539
0001 76.5
0020 76.61538461538461
0130 77.07692307692308
1000 77.3076923076923
0001 77.42307692307692
0200 77.53846153846155
0310 78.00000000000001
1000 78.23076923076924
0100 78.34615384615385
0010 78.46153846153847
0100 78.69230769230771
0001 78.92307692307693
0100 79.15384615384616
1000 79.38461538461539
0010 79.61538461538461
1000 79.84615384615385
0001 80.07692307692308
0010 80.1923076923077
0100 80.3076923076923
1000 80.42307692307692
0010 80.53846153846155
0100 80.65384615384616
0001 80.76923076923077
1000 81.0
1010 81.23076923076924
1010 81.46153846153847
0001 81.69230769230771
1000 81.92307692307693
0001 82.03846153846155
0010 82.15384615384616
0011 82.3846153846154
1000 82.61538461538463
0001 82.84615384615385
0010 82.96153846153847
0200 83.07692307692308
1000 83.3076923076923
2300 83.53846153846155
0001 83.76923076923077
3001 84.0
0100 84.11538461538461
0010 84.23076923076924
1000 84.46153846153847
0100 84.6923076923077
0010 84.8076923076923
0002 84.92307692307693
0100 85.15384615384616
0203 85.3846153846154
0010 85.61538461538463
0320 85.84615384615385
1000 86.0769230769231
2030 86.30769230769232
3001 86.53846153846155
0100 86.65384615384616
0010 86.76923076923077
0010 87.0
1000 87.11538461538461
0100 87.23076923076924
0100 87.46153846153847
1000 87.57692307692308
0001 87.6923076923077
0100 87.8076923076923
0010 87.92307692307693
1000 88.0
0010 88.07692307692308
2000 88.15384615384616
3002 88.61538461538461
0013 89.07692307692308
0100 89.42307692307692
1000 89.65384615384615
0002 89.76923076923077
0103 90.0
0010 90.11538461538461
0100 90.23076923076923
0010 90.34615384615384
1000 90.46153846153847
0001 90.6923076923077
0010 90.8076923076923
0100 90.92307692307693
0100 91.15384615384616
1000 91.26923076923077
0002 91.38461538461539
1003 91.61538461538463
0002 91.73076923076924
0103 91.96153846153847
0002 92.07692307692308
0013 92.3076923076923
0100 92.42307692307692
2000 92.53846153846153
3010 92.76923076923077
0100 92.88461538461539
0130 93.11538461538461
0001 93.23076923076923
0100 93.34615384615384
0103 93.57692307692308
0020 93.6923076923077
1030 93.92307692307692
0001 94.03846153846153
1000 94.15384615384616
0100 94.26923076923077
0010 94.38461538461539
0001 94.5
0100 94.61538461538463
0100 94.73076923076924
1000 94.84615384615385
0001 94.96153846153847
0100 95.07692307692308
0020 95.30769230769232
1030 95.76923076923077
0001 95.88461538461539
0010 96.0
0011 96.46153846153847
0002 96.92307692307692
0103 97.15384615384616
0002 97.26923076923077
1003 97.5
0010 97.61538461538461
1000 97.73076923076923
0100 97.84615384615385
0100 97.96153846153847
0001 98.07692307692308
1000 98.1923076923077
0100 98.30769230769232
1000 98.42307692307693
0020 98.53846153846155
2030 98.76923076923077
3001 99.00000000000001
2000 99.11538461538463
3001 99.34615384615385
0100 99.46153846153847
0100 99.57692307692308
1000 99.6923076923077
1000 99.92307692307692
0001 100.15384615384616
0010 100.23076923076923
0100 100.3076923076923
1000 100.38461538461539
1000 100.61538461538461
0020 100.84615384615385
0130 101.07692307692308
0001 101.1923076923077
0100 101.3076923076923
0001 101.42307692307692
2000 101.53846153846155
3100 101.76923076923077
0020 102.00000000000001
0130 102.23076923076924
1000 102.46153846153847
0010 102.57692307692308
0100 102.69230769230771
0001 102.80769230769232
2000 102.92307692307693
3100 103.15384615384616
2002 103.38461538461539
3003 107.07692307692308
