TITLE Poof Magic
BPM   146.0
NOTES
01 6.575342465753424
08 6.780821917808219
02 6.986301369863013
04 7.191780821917808
01 7.397260273972602
02 7.602739726027397
04 7.808219178082192
08 8.013698630136986
01 8.21917808219178
04 8.63013698630137
02 8.93835616438356
08 9.041095890410958
02 9.143835616438356
04 9.246575342465752
01 9.34931506849315
08 9.657534246575342
01 9.863013698630137
02 10.273972602739727
04 10.582191780821919
02 10.684931506849315
01 10.787671232876713
08 10.89041095890411
01 10.993150684931507
08 11.301369863013699
04 11.506849315068493
08 11.917808219178083
06 12.32876712328767
01 12.431506849315069
08 12.636986301369863
01 12.73972602739726
04 12.842465753424657
01 12.945205479452055
08 13.04794520547945
02 13.150684931506849
04 13.253424657534246
01 13.45890410958904
08 13.664383561643834
04 13.86986301369863
02 13.972602739726026
01 14.17808219178082
08 14.383561643835616
02 14.58904109589041
04 14.794520547945204
01 14.999999999999998
08 15.205479452054794
04 15.410958904109588
02 15.616438356164382
01 15.821917808219176
02 16.027397260273972
01 16.232876712328768
08 16.43835616438356
02 16.643835616438356
04 16.849315068493148
01 17.054794520547944
02 17.26027397260274
01 17.46575342465753
08 17.671232876712327
04 17.87671232876712
08 18.082191780821915
02 18.28767123287671
04 18.493150684931503
01 18.6986301369863
02 18.904109589041095
04 19.109589041095887
08 19.315068493150683
01 19.52054794520548
08 19.726027397260275
02 19.828767123287673
04 20.034246575342465
01 20.23972602739726
02 20.445205479452056
04 20.547945205479454
02 20.753424657534246
01 20.958904109589042
08 21.164383561643838
02 21.36986301369863
04 21.575342465753426
02 21.78082191780822
08 21.986301369863014
04 22.19178082191781
02 22.397260273972602
04 22.602739726027398
08 22.80821917808219
01 23.013698630136986
04 23.21917808219178
02 23.424657534246574
08 23.63013698630137
01 23.835616438356166
02 24.041095890410958
04 24.246575342465754
08 24.45205479452055
01 24.65753424657534
04 24.76027397260274
02 24.96575342465753
08 25.171232876712327
04 25.376712328767123
02 25.47945205479452
01 25.684931506849313
09 25.89041095890411
08 26.0958904109589
02 26.301369863013697
04 26.506849315068493
05 26.712328767123285
01 26.91780821917808
08 27.123287671232877
04 27.32876712328767
06 27.534246575342465
02 27.73972602739726
01 27.945205479452053
09 28.35616438356164
08 28.767123287671232
12 29.17808219178082
04 29.58904109589041
02 29.8972602739726
01 30.205479452054792
08 30.410958904109588
02 30.719178082191778
04 31.027397260273972
02 31.232876712328764
08 31.643835616438352
01 31.849315068493148
08 32.054794520547944
12 32.46575342465753
06 32.87671232876712
01 33.082191780821915
09 33.28767123287671
08 33.4931506849315
02 33.698630136986296
04 33.90410958904109
05 34.10958904109589
01 34.31506849315068
02 34.52054794520548
04 34.82876712328767
08 35.13698630136986
01 35.342465753424655
04 35.75342465753425
02 35.95890410958904
08 36.16438356164383
04 36.36986301369863
12 36.57534246575342
08 36.78082191780821
01 36.98630136986301
04 37.1917808219178
05 37.3972602739726
01 37.602739726027394
02 37.80821917808219
04 38.21917808219178
08 38.42465753424657
01 38.630136986301366
08 38.73287671232877
01 38.93835616438356
04 39.04109589041096
02 39.14383561643835
08 39.24657534246575
01 39.34931506849315
02 39.45205479452055
04 39.657534246575345
08 39.86301369863014
01 40.273972602739725
08 40.89041095890411
04 41.0958904109589
02 41.198630136986296
01 41.40410958904109
08 41.60958904109589
02 41.81506849315068
04 41.91780821917808
01 42.12328767123287
02 42.32876712328767
04 42.534246575342465
08 42.73972602739726
02 42.945205479452056
04 43.15068493150685
02 43.56164383561644
08 44.178082191780824
01 44.38356164383561
04 44.58904109589041
02 44.794520547945204
08 45.20547945205479
04 45.410958904109584
02 45.61643835616438
01 45.821917808219176
08 46.02739726027397
02 46.23287671232877
04 46.43835616438356
01 46.84931506849315
08 47.465753424657535
02 47.671232876712324
04 47.87671232876712
01 48.082191780821915
08 48.4931506849315
04 48.698630136986296
02 48.90410958904109
04 49.10958904109589
08 49.31506849315068
01 49.62328767123287
04 49.82876712328767
02 50.034246575342465
08 50.13698630136986
04 50.342465753424655
02 50.54794520547945
04 50.75342465753425
08 50.958904109589035
01 51.36986301369863
08 51.67808219178082
04 51.78082191780821
02 51.98630136986301
01 52.1917808219178
08 52.3972602739726
01 52.602739726027394
04 52.70547945205479
05 52.910958904109584
05 53.11643835616438
01 53.321917808219176
08 53.42465753424657
04 53.630136986301366
02 53.83561643835616
01 54.04109589041096
08 54.14383561643835
02 54.24657534246575
04 54.45205479452055
02 54.657534246575345
08 54.863013698630134
04 55.06849315068493
02 55.17123287671233
01 55.37671232876713
08 55.47945205479452
02 55.68493150684932
08 55.890410958904106
01 55.9931506849315
09 56.198630136986296
09 56.40410958904109
08 56.60958904109589
02 56.71232876712328
04 56.91780821917808
01 57.12328767123287
02 57.22602739726027
01 57.32876712328767
02 57.43150684931506
01 57.534246575342465
04 57.73972602739726
02 57.842465753424655
08 58.04794520547945
01 58.25342465753425
08 58.35616438356164
04 58.45890410958904
02 58.66438356164383
01 58.86986301369863
02 59.07534246575342
04 59.17808219178082
08 59.38356164383561
01 59.48630136986301
04 59.6917808219178
01 59.7945205479452
02 59.99999999999999
04 60.20547945205479
08 60.30821917808218
02 60.51369863013698
08 60.61643835616438
01 60.821917808219176
08 61.02739726027397
04 61.130136986301366
02 61.33561643835616
01 61.438356164383556
08 61.54109589041096
01 61.64383561643835
04 61.84931506849315
02 61.95205479452055
08 62.15753424657534
01 62.26027397260274
02 62.363013698630134
04 62.46575342465753
08 62.671232876712324
01 62.77397260273972
02 62.979452054794514
01 63.08219178082191
04 63.287671232876704
02 63.4931506849315
08 63.5958904109589
04 63.80136986301369
02 63.90410958904109
01 64.10958904109589
08 64.31506849315068
02 64.41780821917808
08 64.62328767123287
01 64.72602739726027
02 64.7945205479452
04 64.86301369863014
08 64.93150684931507
01 65.13698630136986
04 65.23972602739725
01 65.44520547945206
02 65.54794520547945
04 65.65068493150685
08 65.75342465753424
01 65.95890410958903
04 66.06164383561644
02 66.26712328767123
08 66.36986301369862
04 66.57534246575342
02 66.78082191780821
01 66.8835616438356
08 67.08904109589041
01 67.1917808219178
08 67.3972602739726
02 67.6027397260274
04 67.7054794520548
01 67.91095890410959
02 68.01369863013699
04 68.11643835616438
08 68.21917808219179
04 68.42465753424658
02 68.52739726027397
04 68.73287671232877
08 68.83561643835617
01 68.93835616438356
04 69.04109589041096
01 69.24657534246575
04 69.34931506849315
02 69.55479452054794
08 69.65753424657534
04 69.86301369863014
08 70.06849315068493
01 70.17123287671232
02 70.37671232876713
04 70.47945205479452
08 70.54794520547945
04 70.61643835616438
08 70.68493150684931
01 70.8904109589041
04 71.0958904109589
02 71.1986301369863
08 71.30136986301369
02 71.40410958904108
04 71.5068493150685
01 71.71232876712328
08 71.91780821917807
12 72.32876712328766
04 72.63698630136986
04 72.84246575342465
04 73.04794520547944
02 73.15068493150685
02 73.45890410958903
02 73.66438356164383
02 73.86986301369862
01 73.97260273972603
01 74.28082191780823
01 74.48630136986301
01 74.6917808219178
08 74.79452054794521
08 75.1027397260274
08 75.3082191780822
08 75.51369863013699
02 75.61643835616438
02 75.92465753424658
02 76.13013698630137
02 76.33561643835615
04 76.43835616438356
04 76.74657534246575
04 76.95205479452055
04 77.15753424657534
01 77.26027397260273
01 77.56849315068493
01 77.77397260273972
01 77.9794520547945
08 78.08219178082192
08 78.3904109589041
08 78.5958904109589
08 78.80136986301369
04 78.9041095890411
04 79.2123287671233
04 79.41780821917808
04 79.62328767123287
02 79.72602739726028
02 80.03424657534246
02 80.23972602739727
02 80.44520547945206
04 80.54794520547945
04 80.85616438356165
04 81.06164383561644
04 81.26712328767123
08 81.36986301369863
08 81.67808219178082
08 81.88356164383562
08 82.08904109589041
01 82.1917808219178
02 82.2945205479452
04 82.39726027397259
08 82.5
04 82.6027397260274
02 82.70547945205479
01 82.80821917808218
08 82.91095890410958
01 83.01369863013699
04 83.11643835616438
02 83.21917808219177
08 83.32191780821917
02 83.42465753424656
04 83.52739726027397
01 83.63013698630137
08 83.73287671232876
01 83.83561643835615
02 84.24657534246575
04 84.45205479452054
08 84.55479452054793
01 84.65753424657534
04 84.76027397260273
01 84.86301369863013
04 84.96575342465752
02 85.06849315068492
08 85.17123287671232
01 85.27397260273972
08 85.47945205479452
04 85.68493150684931
02 85.78767123287672
01 85.9931506849315
08 86.0958904109589
02 86.3013698630137
04 86.5068493150685
01 86.60958904109589
08 86.81506849315069
04 86.91780821917808
02 87.12328767123287
04 87.32876712328766
08 87.43150684931507
01 87.63698630136986
02 87.73972602739725
01 87.84246575342465
08 87.94520547945206
02 88.15068493150685
04 88.25342465753424
01 88.45890410958904
08 88.56164383561644
01 88.66438356164383
04 88.76712328767123
01 88.97260273972601
08 89.07534246575342
04 89.28082191780821
02 89.3835616438356
01 89.58904109589041
08 89.7945205479452
02 89.89726027397259
04 90.1027397260274
02 90.20547945205479
08 90.41095890410958
01 90.61643835616437
02 90.71917808219177
04 90.92465753424656
08 91.02739726027396
01 91.09589041095889
04 91.16438356164383
02 91.23287671232876
08 91.43835616438355
01 91.54109589041094
04 91.74657534246575
02 91.84931506849314
08 91.95205479452054
01 92.05479452054794
02 92.26027397260273
04 92.36301369863014
02 92.56849315068493
01 92.67123287671232
08 92.87671232876713
02 93.08219178082192
04 93.18493150684931
01 93.39041095890411
08 93.4931506849315
04 93.6986301369863
02 93.90410958904108
01 94.0068493150685
08 94.21232876712328
01 94.31506849315068
04 94.41780821917807
02 94.52054794520548
04 94.72602739726027
01 94.82876712328766
08 95.03424657534246
04 95.13698630136986
02 95.23972602739725
01 95.34246575342465
08 95.44520547945204
02 95.65068493150685
04 95.85616438356163
01 96.06164383561642
02 96.16438356164383
04 96.36986301369862
02 96.57534246575341
01 96.78082191780821
08 96.98630136986301
02 97.1917808219178
04 97.29452054794521
01 97.5
08 97.70547945205479
04 97.8082191780822
02 97.91095890410959
01 98.01369863013699
08 98.11643835616438
01 98.21917808219177
04 98.32191780821918
02 98.42465753424658
08 98.52739726027397
01 98.63013698630137
02 98.83561643835615
04 98.93835616438356
02 99.14383561643835
01 99.24657534246575
08 99.45205479452055
02 99.65753424657534
04 99.76027397260273
01 99.96575342465754
08 100.06849315068493
04 100.27397260273972
02 100.4794520547945
01 100.68493150684931
08 101.0958904109589
02 101.30136986301369
04 101.50684931506848
01 101.71232876712328
08 101.91780821917807
04 102.12328767123286
08 102.22602739726027
01 102.43150684931506
04 102.53424657534245
02 102.73972602739725
08 102.94520547945204
04 103.04794520547944
02 103.25342465753424
01 103.35616438356163
08 103.56164383561644
01 103.76712328767123
02 103.86986301369863
01 104.07534246575342
08 104.17808219178082
02 104.24657534246575
04 104.31506849315068
01 104.38356164383562
08 104.58904109589041
01 104.6917808219178
02 104.8972602739726
04 105.0
02 105.1027397260274
01 105.20547945205479
08 105.41095890410958
02 105.51369863013699
04 105.71917808219177
02 105.82191780821917
08 106.02739726027397
01 106.23287671232876
04 106.33561643835615
01 106.54109589041096
08 106.64383561643835
04 106.84931506849314
02 107.05479452054793
04 107.26027397260273
08 107.67123287671232
01 107.87671232876711
02 108.0821917808219
01 108.2876712328767
08 108.4931506849315
02 108.6986301369863
04 108.8013698630137
01 109.0068493150685
08 109.10958904109589
04 109.31506849315069
02 109.52054794520548
04 109.62328767123287
08 109.82876712328768
01 109.93150684931507
08 110.13698630136986
02 110.34246575342465
04 110.44520547945206
01 110.65068493150685
08 110.75342465753424
01 110.82191780821917
02 110.89041095890411
04 110.95890410958904
08 111.16438356164383
01 111.26712328767123
04 111.47260273972603
02 111.57534246575342
08 111.67808219178082
02 111.78082191780821
04 111.8835616438356
01 112.08904109589041
08 112.2945205479452
04 112.49999999999999
02 112.6027397260274
01 112.80821917808218
08 113.01369863013697
02 113.21917808219177
04 113.42465753424656
02 113.63013698630135
10 113.83561643835615
08 114.04109589041094
01 114.24657534246575
02 114.45205479452054
06 114.65753424657532
04 114.86301369863013
08 115.06849315068493
01 115.27397260273972
09 115.47945205479452
08 115.68493150684931
02 115.89041095890411
04 116.0958904109589
05 116.30136986301369
01 116.5068493150685
02 116.71232876712328
04 116.91780821917807
12 117.12328767123287
08 117.32876712328766
02 117.53424657534246
08 117.73972602739725
09 117.94520547945204
01 118.15068493150685
02 118.35616438356163
04 118.56164383561642
08 118.76712328767123
04 118.97260273972601
08 119.17808219178082
01 119.3835616438356
04 119.5890410958904
02 119.7945205479452
08 120.0
04 120.20547945205479
06 120.41095890410959
02 120.61643835616438
01 120.82191780821918
08 121.02739726027397
09 121.23287671232876
01 121.43835616438356
04 121.64383561643835
02 121.84931506849314
10 122.05479452054794
08 122.26027397260273
04 122.46575342465754
02 122.67123287671232
03 122.87671232876711
01 123.08219178082192
08 123.2876712328767
02 123.3904109589041
04 123.49315068493149
05 123.6986301369863
08 123.80136986301369
01 123.90410958904108
08 124.00684931506848
01 124.10958904109589
02 124.21232876712328
04 124.41780821917807
08 124.52054794520546
04 124.62328767123287
02 124.72602739726027
01 124.82876712328766
08 124.93150684931506
02 125.03424657534245
04 125.23972602739725
02 125.44520547945204
08 125.65068493150683
01 125.75342465753424
02 125.95890410958903
04 126.16438356164382
08 126.36986301369862
02 126.57534246575342
04 126.98630136986301
01 127.2945205479452
08 127.3972602739726
01 127.5
04 127.6027397260274
01 127.70547945205479
08 128.013698630137
04 128.21917808219177
02 128.63013698630135
01 128.93835616438355
08 129.04109589041096
02 129.14383561643834
04 129.24657534246575
01 129.34931506849315
08 129.65753424657532
04 129.86301369863014
02 130.27397260273972
04 130.58219178082192
08 130.68493150684932
04 130.7876712328767
08 130.8904109589041
01 130.99315068493152
04 131.3013698630137
02 131.50684931506848
08 131.71232876712327
02 131.91780821917806
04 132.12328767123287
01 132.32876712328766
02 132.53424657534245
04 132.73972602739724
08 132.94520547945203
01 133.15068493150685
04 133.56164383561642
01 133.86986301369862
02 133.97260273972603
04 134.0753424657534
08 134.17808219178082
04 134.28082191780823
08 134.5890410958904
01 134.7945205479452
04 135.2054794520548
02 135.513698630137
08 135.6164383561644
01 135.71917808219177
02 135.82191780821918
04 135.9246575342466
02 136.23287671232876
01 136.43835616438355
08 136.84931506849313
02 137.15753424657532
08 137.26027397260273
02 137.3630136986301
08 137.46575342465752
01 137.56849315068493
02 137.8767123287671
02 138.08219178082192
