TITLE Quick Pain Release
BPM   200.0
NOTES
09 9.15
08 9.3
01 9.375
08 9.45
01 9.525
08 9.6
01 9.9
02 10.2
04 10.275
02 10.35
01 10.5
08 10.649999999999999
04 10.725
02 10.799999999999999
04 10.95
08 11.024999999999999
01 11.1
08 11.174999999999999
01 11.249999999999998
02 11.399999999999999
04 11.475
08 11.549999999999999
04 11.624999999999998
08 11.7
01 11.849999999999998
09 12.0
01 14.399999999999999
08 14.7
01 14.999999999999998
04 15.075
02 15.149999999999999
08 15.299999999999999
04 15.45
02 15.524999999999999
01 15.6
08 15.75
02 15.825
08 15.9
02 15.975
04 16.05
01 16.2
04 16.275
01 16.349999999999998
04 16.425
02 16.5
08 16.65
09 16.8
02 16.875
01 16.95
02 17.025000000000002
04 17.1
02 17.175
04 17.25
08 17.400000000000002
01 17.55
02 17.7
01 17.85
08 18.0
01 18.15
02 18.3
04 18.375
08 18.45
01 18.525
08 18.6
04 18.75
08 18.9
02 18.975
04 19.05
01 19.2
08 19.5
01 19.8
04 19.875
02 19.95
04 20.099999999999998
01 20.25
08 20.325
04 20.4
02 20.549999999999997
01 20.625
04 20.7
01 20.775
08 20.849999999999998
04 21.0
02 21.075
01 21.15
02 21.224999999999998
01 21.299999999999997
08 21.45
09 21.599999999999998
01 21.674999999999997
02 21.749999999999996
02 21.825
01 21.9
01 21.974999999999998
08 22.124999999999996
10 22.2
02 22.275
08 22.499999999999996
08 22.575
04 22.65
04 22.724999999999998
02 22.8
02 22.875
01 22.95
01 23.025000000000002
02 23.1
02 23.175
04 23.25
04 23.325
08 23.400000000000002
08 23.475
02 23.55
02 23.625
04 23.7
02 23.775000000000002
08 23.85
01 23.925
02 24.0
04 24.15
08 24.225
01 24.3
08 24.45
04 24.525
02 24.6
01 24.75
08 24.9
02 25.05
04 25.125
01 25.2
04 25.275
01 25.349999999999998
08 25.5
02 25.575
08 25.65
01 25.8
02 25.95
04 26.025
08 26.099999999999998
04 26.175
08 26.25
01 26.325
08 26.4
04 26.474999999999998
08 26.549999999999997
04 26.625
08 26.7
04 26.775
02 26.849999999999998
03 27.45
01 27.599999999999998
12 27.749999999999996
12 27.9
08 28.049999999999997
01 28.2
04 28.275
01 28.349999999999998
08 28.499999999999996
04 28.575
02 28.65
01 28.724999999999998
02 28.799999999999997
01 29.099999999999998
08 29.4
04 29.474999999999998
08 29.549999999999997
02 29.699999999999996
04 29.849999999999998
01 29.924999999999997
08 30.0
04 30.15
02 30.225
01 30.3
02 30.375
01 30.45
08 30.6
01 30.675
08 30.75
01 30.825
04 30.9
01 31.05
09 31.2
08 31.275
04 31.349999999999998
04 31.425
08 31.5
08 31.575
01 31.724999999999998
09 31.8
08 31.875
01 32.1
01 32.175
04 32.25
04 32.324999999999996
02 32.4
02 32.475
04 32.55
04 32.625
01 32.699999999999996
01 32.775
08 32.85
08 32.925
04 33.0
04 33.074999999999996
02 33.15
02 33.225
04 33.3
08 33.375
01 33.449999999999996
08 33.525
01 33.6
08 33.75
01 33.825
08 33.9
04 34.050000000000004
02 34.125
01 34.2
08 34.35
01 34.5
04 34.65
02 34.725
08 34.8
01 34.875
08 34.949999999999996
04 35.099999999999994
02 35.175
04 35.25
02 35.4
01 35.55
08 35.625
04 35.699999999999996
02 35.775
01 35.849999999999994
08 35.925
01 36.0
08 36.15
04 36.225
08 36.3
01 36.45
08 36.6
01 36.75
04 36.825
01 36.9
08 37.05
01 37.199999999999996
04 37.65
01 37.724999999999994
08 37.8
01 37.87499999999999
04 37.949999999999996
01 38.025
08 38.099999999999994
04 38.175
02 38.24999999999999
01 38.324999999999996
08 38.4
02 38.699999999999996
08 39.0
01 39.074999999999996
04 39.15
02 39.3
08 39.449999999999996
04 39.525
02 39.6
01 39.75
02 39.825
01 39.9
08 39.975
01 40.050000000000004
08 40.2
02 40.275
08 40.35
01 40.425000000000004
08 40.5
02 40.65
04 40.8
01 40.9
04 41.0
04 41.099999999999994
01 41.199999999999996
03 41.3
04 41.599999999999994
04 41.699999999999996
08 41.8
08 41.9
01 42.0
01 42.075
08 42.15
08 42.225
02 42.3
02 42.375
08 42.45
08 42.525
01 42.6
01 42.675
04 42.75
04 42.825
02 42.9
08 42.975
04 43.05
08 43.125
01 43.199999999999996
02 43.349999999999994
04 43.425
02 43.49999999999999
01 43.65
08 43.724999999999994
02 43.8
04 43.949999999999996
01 44.099999999999994
08 44.24999999999999
01 44.324999999999996
04 44.4
01 44.475
08 44.55
04 44.699999999999996
02 44.775
01 44.85
08 45.0
01 45.15
04 45.225
01 45.3
04 45.375
02 45.449999999999996
08 45.525
01 45.6
08 45.675000000000004
01 45.75
02 45.825
04 45.9
08 45.975
01 46.050000000000004
09 46.65
08 46.8
05 46.949999999999996
05 47.099999999999994
01 47.25
04 47.4
01 47.474999999999994
08 47.55
02 47.699999999999996
04 47.775
02 47.849999999999994
08 47.925
01 48.0
09 50.4
12 52.8
01 57.599999999999994
01 57.675
08 58.49999999999999
08 58.574999999999996
02 58.8
02 58.875
04 60.0
04 60.3
01 61.199999999999996
01 61.49999999999999
09 61.949999999999996
08 62.099999999999994
01 62.175
08 62.24999999999999
01 62.324999999999996
08 62.4
04 62.475
02 62.55
01 62.625
08 62.699999999999996
02 62.775
08 62.85
09 63.449999999999996
01 63.599999999999994
10 63.74999999999999
10 63.89999999999999
08 64.05
02 64.19999999999999
04 64.27499999999999
01 64.35
08 64.5
04 64.57499999999999
02 64.64999999999999
01 64.725
08 64.8
12 65.1
06 65.39999999999999
02 65.475
01 65.7
09 66.0
09 66.3
01 66.375
04 66.6
06 66.9
02 66.975
08 67.05
08 67.125
01 67.2
04 67.275
02 67.35000000000001
04 67.425
01 67.5
08 67.575
04 67.65
02 67.8
01 67.95
08 68.10000000000001
02 68.25
08 68.39999999999999
01 68.55
02 68.69999999999999
04 68.77499999999999
08 68.85
01 68.925
08 68.99999999999999
02 69.14999999999999
08 69.3
04 69.37499999999999
08 69.44999999999999
01 69.6
08 69.75
01 69.82499999999999
08 69.89999999999999
02 70.05
04 70.19999999999999
01 70.35
08 70.425
01 70.5
08 70.64999999999999
01 70.8
02 71.25
04 71.325
08 71.39999999999999
04 71.475
02 71.55
04 71.625
08 71.7
02 71.77499999999999
04 71.85
01 71.925
08 72.0
04 72.075
08 72.15
01 72.225
02 72.3
01 72.375
08 72.45
04 72.6
02 72.75
01 72.9
02 73.05
04 73.2
02 73.35000000000001
01 73.5
08 73.575
01 73.65
02 73.72500000000001
04 73.8
08 73.95
01 74.10000000000001
04 74.175
01 74.25
08 74.39999999999999
04 74.475
02 74.55
04 74.62499999999999
02 74.69999999999999
03 74.99999999999999
09 75.44999999999999
08 75.75
09 75.89999999999999
01 76.05
08 76.19999999999999
04 76.27499999999999
08 76.35
04 76.425
02 76.5
01 76.57499999999999
02 76.64999999999999
04 76.725
08 76.8
01 77.1
02 77.39999999999999
04 77.475
08 77.55
04 77.7
02 77.85
01 77.925
08 78.0
01 78.15
08 78.225
04 78.3
08 78.375
02 78.45
08 78.6
01 78.675
02 78.75
04 78.825
08 78.9
01 79.05
09 79.2
02 79.275
08 79.35000000000001
02 79.425
08 79.5
04 79.575
08 79.65
01 79.8
08 79.95
02 80.10000000000001
04 80.25
01 80.39999999999999
08 80.55
01 80.69999999999999
04 80.77499999999999
02 80.85
08 80.925
02 80.99999999999999
08 81.14999999999999
01 81.3
02 81.37499999999999
04 81.44999999999999
08 81.52499999999999
01 81.6
02 81.75
01 81.82499999999999
08 81.89999999999999
01 82.05
08 82.125
01 82.19999999999999
08 82.35
02 82.5
08 82.64999999999999
04 82.725
02 82.8
01 82.875
02 82.95
04 83.1
08 83.175
01 83.25
08 83.39999999999999
02 83.55
08 83.625
04 83.7
02 83.77499999999999
01 83.85
08 83.925
02 84.0
04 84.075
02 84.15
04 84.225
02 84.3
04 84.375
01 84.45
05 85.05
01 85.2
10 85.35000000000001
10 85.5
02 85.65
08 85.8
01 85.875
02 85.95
01 86.10000000000001
08 86.175
01 86.25
04 86.325
01 86.39999999999999
08 86.69999999999999
04 86.99999999999999
02 87.07499999999999
01 87.14999999999999
08 87.3
02 87.44999999999999
08 87.52499999999999
01 87.6
04 87.75
01 87.82499999999999
02 87.89999999999999
04 87.975
02 88.05
01 88.19999999999999
08 88.27499999999999
02 88.35
08 88.425
01 88.5
02 88.64999999999999
06 88.8
08 88.875
04 88.95
02 89.02499999999999
01 89.1
08 89.175
01 89.25
09 89.85
08 90.0
03 90.15
03 90.3
01 90.45
02 90.6
04 90.675
08 90.75
04 90.9
02 90.975
01 91.05
08 91.125
01 91.2
08 91.35000000000001
02 91.425
08 91.5
01 91.65
02 91.72500000000001
01 91.8
08 91.95
04 92.10000000000001
02 92.25
04 92.325
08 92.39999999999999
01 92.475
04 92.55
01 92.69999999999999
08 92.77499999999999
04 92.85
02 92.99999999999999
01 93.14999999999999
08 93.225
02 93.3
04 93.37499999999999
01 93.44999999999999
08 93.6
04 93.75
02 93.82499999999999
01 93.89999999999999
08 94.05
01 94.19999999999999
08 94.35
04 94.425
02 94.5
01 94.64999999999999
08 94.8
01 95.25
08 95.325
02 95.39999999999999
08 95.475
01 95.55
04 95.625
02 95.7
08 95.77499999999999
02 95.85
04 95.925
01 96.0
01 96.3
