TITLE rainbow flyer
BPM   172.0
NOTES
01 5.5813953488372094
08 5.930232558139535
02 6.279069767441861
08 6.627906976744186
04 6.976744186046512
02 7.325581395348837
01 7.674418604651163
04 8.023255813953488
02 8.372093023255815
08 8.72093023255814
01 9.069767441860465
02 9.418604651162791
01 9.767441860465116
08 10.116279069767442
02 10.465116279069766
04 10.63953488372093
05 10.813953488372093
09 11.162790697674419
08 11.511627906976745
02 11.86046511627907
04 12.209302325581396
01 12.558139534883722
02 12.906976744186048
04 13.255813953488373
08 13.604651162790699
01 13.779069767441861
04 14.30232558139535
01 14.651162790697674
04 15.0
02 15.348837209302326
08 15.697674418604652
04 16.046511627906977
02 16.22093023255814
03 16.395348837209305
09 16.74418604651163
08 17.093023255813954
02 17.44186046511628
04 17.790697674418606
05 18.13953488372093
01 18.488372093023255
02 18.837209302325583
04 19.186046511627907
08 19.36046511627907
09 19.53488372093023
02 19.883720930232556
09 20.232558139534884
04 20.58139534883721
09 20.930232558139537
08 21.27906976744186
04 21.62790697674419
08 21.976744186046513
04 22.063953488372096
02 22.151162790697676
01 22.23837209302326
02 22.325581395348838
02 22.41279069767442
08 22.5
01 22.587209302325583
04 22.761627906976745
01 22.936046511627907
08 23.11046511627907
04 23.197674418604652
04 23.28488372093023
01 23.372093023255815
08 23.546511627906977
02 23.72093023255814
02 23.808139534883722
04 23.8953488372093
08 23.982558139534884
01 24.156976744186046
04 24.33139534883721
02 24.50581395348837
04 24.593023255813954
04 24.680232558139533
08 24.767441860465116
01 24.941860465116278
02 25.116279069767444
02 25.203488372093027
04 25.290697674418606
01 25.37790697674419
08 25.55232558139535
02 25.726744186046513
08 25.901162790697676
04 25.98837209302326
04 26.075581395348838
02 26.16279069767442
08 26.337209302325583
01 26.511627906976745
08 26.686046511627907
02 26.77325581395349
08 26.947674418604652
01 27.03488372093023
08 27.209302325581397
04 27.296511627906977
06 27.558139534883722
09 27.906976744186046
10 28.6046511627907
06 28.86627906976744
01 28.953488372093023
08 29.040697674418606
01 29.127906976744185
04 29.21511627906977
02 29.30232558139535
02 29.41860465116279
02 29.534883720930235
08 29.651162790697676
04 29.73837209302326
02 29.82558139534884
01 29.91279069767442
08 30.000000000000004
08 30.116279069767444
08 30.232558139534888
02 30.348837209302328
08 30.43604651162791
01 30.52325581395349
08 30.610465116279073
04 30.697674418604652
06 31.395348837209305
03 31.656976744186046
08 31.74418604651163
02 31.831395348837212
04 31.91860465116279
01 32.00581395348837
04 32.093023255813954
05 32.44186046511628
01 32.55813953488372
01 32.674418604651166
08 32.7906976744186
12 32.96511627906977
06 33.13953488372093
01 33.22674418604651
08 33.31395348837209
02 33.401162790697676
04 33.48837209302326
05 34.18604651162791
09 34.447674418604656
04 34.53488372093024
02 34.622093023255815
01 34.7093023255814
08 34.79651162790698
02 34.883720930232556
02 35.0
02 35.11627906976744
04 35.23255813953488
01 35.31976744186046
04 35.406976744186046
02 35.49418604651163
08 35.581395348837205
08 35.69767441860465
08 35.81395348837209
01 35.93023255813954
02 36.01744186046511
04 36.104651162790695
08 36.19186046511628
01 36.27906976744186
05 36.97674418604651
02 37.151162790697676
08 37.23837209302326
01 37.325581395348834
08 37.41279069767442
04 37.5
02 37.58720930232558
08 38.697674418604656
01 38.79069767441861
02 38.88372093023256
04 38.97674418604652
02 39.06976744186046
02 39.156976744186046
08 39.24418604651163
01 39.331395348837205
04 39.50581395348837
02 39.68023255813954
08 39.854651162790695
02 39.94186046511628
02 40.02906976744186
01 40.116279069767444
08 40.2906976744186
04 40.46511627906977
04 40.55232558139535
02 40.639534883720934
08 40.72674418604651
01 40.901162790697676
02 41.07558139534884
01 41.25
04 41.33720930232558
02 41.51162790697674
08 41.598837209302324
02 41.77325581395349
04 41.81686046511628
01 41.86046511627907
08 42.03488372093024
01 42.122093023255815
04 42.29651162790698
02 42.470930232558146
08 42.55813953488372
01 42.73255813953489
02 42.81976744186047
04 42.99418604651163
08 43.168604651162795
04 43.25581395348837
04 43.343023255813954
01 43.43023255813954
02 43.604651162790695
04 43.69186046511628
08 43.866279069767444
01 44.0406976744186
02 44.127906976744185
02 44.21511627906977
08 44.30232558139535
01 44.47674418604651
04 44.651162790697676
04 44.73837209302326
08 44.82558139534884
01 44.91279069767442
02 45.08720930232558
04 45.26162790697675
08 45.43604651162791
04 45.52325581395349
04 45.61046511627907
01 45.69767441860465
08 45.872093023255815
02 46.04651162790698
02 46.13372093023256
04 46.220930232558146
08 46.30813953488372
01 46.48255813953489
04 46.65697674418605
01 46.83139534883721
02 46.918604651162795
04 47.09302325581396
08 47.18023255813954
04 47.3546511627907
02 47.39825581395349
01 47.44186046511628
08 47.616279069767444
01 47.70348837209302
02 47.877906976744185
04 48.05232558139535
08 48.13953488372093
01 48.31395348837209
04 48.401162790697676
02 48.575581395348834
08 48.75
02 48.83720930232558
02 48.924418604651166
01 49.01162790697675
02 49.098837209302324
02 49.18604651162791
08 49.27325581395349
04 49.36046511627907
04 49.447674418604656
01 49.53488372093023
04 49.622093023255815
04 49.7093023255814
08 49.79651162790698
01 49.883720930232556
02 49.97093023255814
04 50.05813953488372
08 50.145348837209305
01 50.23255813953489
08 50.31976744186047
02 50.40697674418605
04 50.49418604651163
01 50.58139534883721
02 50.668604651162795
04 50.75581395348838
08 50.84302325581396
01 50.93023255813954
04 50.98837209302326
01 51.04651162790698
04 51.1046511627907
02 51.191860465116285
08 51.27906976744187
01 51.366279069767444
02 51.45348837209303
04 51.54069767441861
04 51.68728352300841
01 51.77634834240475
08 51.86541316180109
02 51.95447798119743
04 52.04354280059376
01 52.132607619990104
08 52.22167243938644
04 52.31073725878278
02 52.39980207817912
01 52.488866897575456
08 52.54824344383968
01 52.607619990103906
08 52.66699653636813
04 52.75606135576447
02 52.84512617516081
01 52.90450272142504
02 52.963879267689265
01 53.02325581395349
08 53.11046511627907
02 53.197674418604656
04 53.28488372093023
02 53.372093023255815
08 53.4593023255814
01 53.54651162790698
02 53.63372093023256
04 53.72093023255814
08 53.77906976744186
04 53.83720930232558
02 53.895348837209305
01 53.98255813953489
08 54.06976744186046
02 54.156976744186046
08 54.24418604651163
02 54.33139534883721
02 54.50581395348838
01 54.59302325581396
08 54.68023255813954
01 54.76744186046512
04 54.8546511627907
02 54.941860465116285
08 55.02906976744187
01 55.116279069767444
02 55.20348837209303
04 55.29069767441861
08 55.34883720930233
01 55.40697674418605
08 55.465116279069775
02 55.55232558139535
04 55.639534883720934
01 55.697674418604656
08 55.75581395348838
01 55.81395348837209
02 55.901162790697676
04 55.98837209302326
02 56.075581395348834
01 56.16279069767442
08 56.25
02 56.33720930232558
04 56.424418604651166
01 56.51162790697674
02 56.56976744186046
04 56.627906976744185
08 56.68604651162791
01 56.77325581395349
04 56.86046511627907
02 56.94767441860465
08 57.03488372093023
04 57.122093023255815
04 57.29651162790698
01 57.38372093023256
08 57.47093023255814
01 57.55813953488372
02 57.645348837209305
04 57.73255813953489
08 57.81976744186047
01 57.906976744186046
02 57.99418604651163
01 58.08139534883721
08 58.139534883720934
02 58.197674418604656
04 58.25581395348837
02 58.343023255813954
08 58.43023255813954
04 58.48837209302326
02 58.54651162790698
01 58.6046511627907
08 58.691860465116285
02 58.77906976744187
04 58.866279069767444
01 58.95348837209303
02 59.04069767441861
01 59.12790697674419
08 59.215116279069775
02 59.30232558139535
04 59.36046511627907
01 59.418604651162795
04 59.47674418604652
02 59.5639534883721
08 59.65116279069768
04 59.73837209302326
02 59.82558139534884
04 59.912790697674424
04 60.059376546264225
01 60.14844136566057
08 60.2375061850569
02 60.32657100445324
04 60.41563582384958
01 60.50470064324592
02 60.59376546264225
04 60.682830282038594
08 60.771895101434936
02 60.86095992083127
08 60.920336467095495
01 60.97971301335972
08 61.039089559623946
04 61.12815437902029
02 61.21721919841662
01 61.276595744680854
08 61.33597229094508
01 61.395348837209305
02 61.48255813953489
04 61.56976744186047
02 61.656976744186046
01 61.74418604651163
08 61.83139534883721
02 61.918604651162795
04 62.00581395348838
01 62.093023255813954
02 62.151162790697676
04 62.2093023255814
08 62.26744186046512
01 62.3546511627907
04 62.44186046511628
01 62.52906976744186
08 62.616279069767444
02 62.70348837209303
02 62.87790697674419
01 62.965116279069775
08 63.05232558139535
01 63.139534883720934
04 63.22674418604652
02 63.3139534883721
08 63.40116279069768
01 63.48837209302326
02 63.57558139534884
04 63.662790697674424
08 63.720930232558146
01 63.77906976744187
08 63.83720930232559
02 63.924418604651166
08 64.01162790697676
04 64.06976744186046
02 64.12790697674419
01 64.18604651162791
08 64.27325581395348
01 64.36046511627907
04 64.44767441860465
02 64.53488372093024
08 64.62209302325581
01 64.70930232558139
02 64.79651162790698
01 64.88372093023256
04 64.94186046511628
02 65.0
08 65.05813953488372
01 65.1453488372093
08 65.23255813953489
04 65.31976744186046
02 65.40697674418605
04 65.49418604651163
04 65.64077189510144
01 65.72983671449776
08 65.8189015338941
04 65.90796635329045
02 65.99703117268679
01 66.08609599208312
08 66.17516081147946
01 66.2642256308758
02 66.32360217714003
04 66.38297872340425
02 66.44235526966848
01 66.5017318159327
08 66.56110836219693
02 66.62048490846115
04 66.67986145472538
01 66.7392380009896
04 66.79861454725383
01 66.85799109351805
08 66.91736763978228
04 66.97674418604652
02 67.32558139534885
01 67.5
08 67.67441860465117
02 67.84883720930233
04 68.0232558139535
01 68.72093023255815
08 68.8953488372093
04 69.06976744186046
02 69.4186046511628
02 69.76744186046511
01 70.11627906976744
08 70.2906976744186
01 70.46511627906976
04 70.63953488372093
02 70.81395348837209
08 71.51162790697676
04 71.68604651162791
02 71.86046511627907
01 72.2093023255814
01 72.55813953488372
04 72.90697674418605
02 73.0813953488372
08 73.25581395348837
01 73.43023255813954
02 73.6046511627907
04 74.30232558139535
08 74.4767441860465
01 74.65116279069767
02 75.0
02 75.34883720930233
04 75.69767441860466
08 75.87209302325581
01 76.04651162790698
08 76.22093023255815
02 76.39534883720931
04 77.09302325581396
01 77.26744186046511
08 77.44186046511628
04 77.52906976744187
08 77.61627906976744
01 77.70348837209302
04 77.79069767441861
02 77.87790697674419
08 77.96511627906978
01 78.05232558139535
08 78.13953488372093
04 78.2267441860465
02 78.31395348837209
01 78.40116279069767
04 78.48837209302326
01 78.57558139534883
08 78.66279069767441
01 78.75
02 78.83720930232558
04 78.92441860465117
08 79.01162790697674
02 79.09883720930232
04 79.18604651162791
01 79.27325581395348
02 79.36046511627907
04 79.44767441860465
08 79.53488372093024
01 79.62209302325581
08 79.7093023255814
02 79.79651162790698
04 79.88372093023257
01 79.97093023255815
02 80.05813953488372
01 80.14534883720931
08 80.23255813953489
02 80.31976744186048
08 80.40697674418605
01 80.49418604651163
02 80.58139534883722
04 80.6686046511628
08 80.75581395348838
02 80.84302325581396
08 80.93023255813954
04 81.01744186046511
02 81.1046511627907
01 81.19186046511628
04 81.27906976744187
02 81.36627906976744
04 81.45348837209302
01 81.54069767441861
08 81.62790697674419
04 81.71511627906978
02 81.80232558139535
04 81.88953488372093
08 81.97674418604652
02 82.06395348837209
04 82.15116279069768
02 82.23837209302326
08 82.32558139534883
01 82.41279069767441
02 82.5
04 82.58720930232558
08 82.67441860465117
02 82.76162790697674
08 82.84883720930232
01 82.93604651162791
02 83.02325581395348
01 83.11046511627907
04 83.19767441860465
02 83.28488372093022
08 83.37209302325581
04 83.45930232558139
02 83.54651162790698
01 83.63372093023256
08 83.72093023255815
02 83.80813953488372
04 83.89534883720931
01 83.98255813953489
02 84.06976744186048
01 84.15697674418605
08 84.24418604651163
01 84.33139534883722
04 84.4186046511628
02 84.50581395348838
08 84.59302325581396
04 84.68023255813954
02 84.76744186046513
01 84.8546511627907
04 84.94186046511629
02 85.02906976744187
08 85.11627906976744
01 85.20348837209302
08 85.29069767441861
04 85.37790697674419
02 85.46511627906978
01 85.55232558139535
04 85.63953488372093
01 85.72674418604652
08 85.81395348837209
04 85.90116279069768
08 85.98837209302326
01 86.07558139534883
04 86.16279069767442
02 86.25
08 86.33720930232559
04 86.42441860465117
08 86.51162790697674
02 86.59883720930232
04 86.68604651162791
01 86.77325581395348
02 86.86046511627907
04 86.94767441860465
02 87.03488372093022
01 87.12209302325581
08 87.20930232558139
02 87.29651162790698
04 87.38372093023256
02 87.47093023255813
08 87.55813953488372
04 87.6453488372093
02 87.73255813953489
04 87.81976744186046
08 87.90697674418605
01 87.99418604651163
04 88.08139534883722
02 88.1686046511628
08 88.25581395348838
04 88.34302325581396
08 88.43023255813954
01 88.51744186046513
04 88.6046511627907
01 88.69186046511629
02 88.77906976744187
04 88.86627906976744
08 88.95348837209303
01 89.30232558139535
02 89.38953488372093
04 89.47674418604652
08 89.56395348837209
02 89.65116279069768
08 89.73837209302326
01 89.82558139534883
08 89.91279069767442
04 90.0
02 90.08720930232559
01 90.17441860465117
04 90.26162790697674
02 90.34883720930233
08 90.43604651162791
04 90.5232558139535
02 90.61046511627907
01 90.69767441860465
08 90.78488372093022
01 90.87209302325581
04 90.95930232558139
02 91.04651162790698
08 91.13372093023256
04 91.22093023255813
08 91.30813953488372
01 91.3953488372093
04 91.48255813953489
01 91.56976744186046
08 91.65697674418604
04 91.74418604651163
02 91.8313953488372
01 91.9186046511628
04 92.00581395348837
01 92.09302325581396
02 92.18023255813954
04 92.26744186046513
08 92.3546511627907
02 92.44186046511629
04 92.52906976744187
02 92.61627906976744
08 92.70348837209303
01 92.79069767441861
02 92.8779069767442
04 92.96511627906978
02 93.05232558139535
01 93.13953488372094
04 93.22674418604652
02 93.3139534883721
04 93.40116279069768
01 93.48837209302326
08 93.57558139534883
04 93.66279069767442
02 93.75
01 93.83720930232559
04 93.92441860465117
01 94.01162790697674
08 94.09883720930233
04 94.18604651162791
08 94.2732558139535
02 94.36046511627907
04 94.44767441860465
01 94.53488372093024
02 94.62209302325581
04 94.7093023255814
08 94.79651162790698
01 94.88372093023256
04 94.97093023255813
02 95.05813953488372
08 95.1453488372093
04 95.23255813953489
08 95.31976744186046
01 95.40697674418604
08 95.49418604651163
02 95.5813953488372
04 95.6686046511628
01 95.75581395348837
02 95.84302325581395
04 95.93023255813954
08 96.01744186046511
02 96.1046511627907
04 96.19186046511628
01 96.27906976744187
08 96.36627906976744
01 96.45348837209303
02 96.54069767441861
04 96.6279069767442
08 96.71511627906978
02 96.80232558139535
08 96.88953488372094
01 96.97674418604652
02 97.0639534883721
01 97.15116279069768
08 97.23837209302326
02 97.32558139534885
04 97.41279069767442
01 97.50000000000001
02 97.58720930232559
01 97.67441860465117
04 97.76162790697674
02 97.84883720930233
08 97.93604651162791
04 98.0232558139535
02 98.11046511627907
04 98.19767441860465
08 98.28488372093024
01 98.37209302325581
04 98.4593023255814
02 98.54651162790698
04 98.63372093023256
01 98.72093023255815
02 98.80813953488372
04 98.89534883720931
02 98.98255813953489
01 99.06976744186046
08 99.15697674418604
02 99.24418604651163
04 99.3313953488372
01 99.4186046511628
02 99.50581395348837
01 99.59302325581395
08 99.68023255813954
02 99.76744186046511
08 99.8546511627907
04 99.94186046511628
02 100.02906976744185
01 100.11627906976744
04 100.20348837209302
02 100.29069767441861
08 100.37790697674419
01 100.46511627906978
04 100.55232558139535
01 100.63953488372094
02 100.72674418604652
04 100.8139534883721
08 100.90116279069768
01 100.98837209302326
04 101.07558139534885
02 101.16279069767442
08 101.25000000000001
04 101.33720930232559
02 101.42441860465117
01 101.51162790697676
04 101.59883720930233
01 101.68604651162792
02 101.7732558139535
01 101.86046511627907
08 101.94767441860465
04 102.03488372093024
08 102.12209302325581
02 102.2093023255814
04 102.29651162790698
01 102.38372093023256
08 102.47093023255815
04 102.55813953488372
08 102.64534883720931
02 102.73255813953489
04 102.81976744186046
02 102.90697674418605
08 102.99418604651163
04 103.08139534883722
02 103.1686046511628
01 103.25581395348837
04 103.34302325581395
02 103.43023255813954
08 103.51744186046511
02 103.6046511627907
04 103.69186046511628
01 103.77906976744185
02 103.86627906976744
01 103.95348837209302
04 104.04069767441861
02 104.12790697674419
08 104.21511627906976
01 104.30232558139535
02 104.38953488372093
01 104.47674418604652
04 104.56395348837209
01 104.65116279069768
02 104.73837209302326
04 104.82558139534885
08 104.91279069767442
02 105.00000000000001
04 105.08720930232559
01 105.17441860465117
08 105.26162790697676
01 105.34883720930233
02 105.43604651162792
01 105.5232558139535
04 105.61046511627907
02 105.69767441860466
08 105.78488372093024
04 105.87209302325583
08 105.9593023255814
01 106.04651162790698
04 106.13372093023256
01 106.22093023255815
02 106.30813953488372
04 106.39534883720931
08 106.48255813953489
01 106.56976744186046
04 106.65697674418605
02 106.74418604651163
08 106.83139534883722
04 106.9186046511628
02 107.00581395348837
01 107.09302325581396
04 107.18023255813954
01 107.26744186046513
02 107.3546511627907
01 107.44186046511628
08 107.52906976744185
04 107.61627906976744
08 107.70348837209302
02 107.79069767441861
04 107.87790697674419
01 107.96511627906976
08 108.05232558139535
04 108.13953488372093
08 108.22674418604652
02 108.31395348837209
04 108.40116279069767
02 108.48837209302326
08 108.57558139534883
04 108.66279069767442
02 108.75
01 108.83720930232559
04 108.92441860465117
02 109.01162790697676
08 109.09883720930233
02 109.18604651162792
04 109.2732558139535
01 109.36046511627907
02 109.44767441860466
01 109.53488372093024
04 109.62209302325583
02 109.7093023255814
08 109.79651162790698
01 109.88372093023257
02 109.97093023255815
01 110.05813953488374
04 110.14534883720931
01 110.23255813953489
02 110.31976744186046
04 110.40697674418605
08 110.49418604651163
02 110.58139534883722
04 110.6686046511628
01 110.75581395348837
08 110.84302325581396
01 110.93023255813954
02 110.98837209302326
04 111.04651162790698
08 111.1046511627907
01 111.16279069767442
04 111.22093023255815
02 111.27906976744187
04 111.33720930232559
01 111.39534883720931
08 111.45348837209303
04 111.51162790697674
08 111.56976744186046
01 111.62790697674419
01 117.2093023255814
