TITLE Real Ultimate Power
BPM   220.065
NOTES
1000 8.79269497648422
1000 9.065341694499352
1000 9.201665053506918
0010 9.337988412514484
1000 9.47431177152205
0010 9.610635130529616
1000 9.746958489537182
0001 9.883281848544748
1000 10.019605207552313
0001 10.15592856655988
1000 10.292251925567445
0001 10.428575284575011
0010 10.564898643582577
0001 10.701222002590143
0100 10.837545361597709
0010 10.973868720605276
1000 11.110192079612842
0010 11.246515438620408
0100 11.382838797627974
0002 11.51916215663554
0013 11.791808874650672
0100 11.928132233658237
1000 12.064455592665803
0100 12.20077895167337
0020 12.337102310680935
0032 12.609749028696067
0103 13.15504246472633
0100 13.427689182741462
0100 13.564012541749028
0010 13.700335900756594
1000 13.83665925976416
0100 13.972982618771725
0010 14.109305977779291
0001 14.245629336786859
0100 14.381952695794425
0010 14.51827605480199
1000 14.654599413809557
0001 14.790922772817122
0010 14.927246131824688
0001 15.063569490832254
1000 15.19989284983982
0001 15.336216208847386
0010 15.472539567854952
0100 15.608862926862518
1000 15.745186285870084
0200 15.88150964487765
0310 16.154156362892785
0001 16.29047972190035
0100 16.426803080907916
0001 16.563126439915482
2000 16.699449798923048
3001 16.97209651693818
1003 17.517389952968443
1000 17.65371331197601
0100 17.721874991479794
0100 17.85819835048736
0010 17.92636002999114
0001 18.062683388998707
1000 18.199006748006273
0001 18.33533010701384
1000 18.471653466021404
0010 18.53981514552519
0100 18.60797682502897
0010 18.676138504532755
0100 18.744300184036536
0001 18.81246186354032
1000 18.880623543044102
0100 19.016946902051668
0010 19.085108581555453
0001 19.153270261059234
0010 19.22143194056302
0100 19.2895936200668
1000 19.357755299570584
0100 19.425916979074366
1100 19.56224033808193
1000 19.698563697089497
0001 19.834887056097063
1000 19.97121041510463
0001 20.107533774112195
0100 20.17569545361598
0010 20.24385713311976
0100 20.312018812623545
0001 20.380180492127327
1000 20.516503851134892
0010 20.65282721014246
0100 20.720988889646243
0010 20.789150569150028
1000 20.925473928157594
0001 20.99363560766138
1000 21.06179728716516
0100 21.129958966668944
0010 21.198120646172725
0001 21.26628232567651
1000 21.33444400518029
0001 21.402605684684076
0100 21.470767364187857
0010 21.607090723195423
1000 21.74341408220299
0001 21.834296321541366
1000 21.879737441210555
0100 22.01606080021812
0010 22.084222479721905
0010 22.22054583872947
0001 22.288707518233252
1000 22.42503087724082
0001 22.561354236248384
0100 22.69767759525595
0001 22.834000954263516
1000 22.9021626337673
0001 22.97032431327108
0100 23.038485992774866
0010 23.106647672278648
1000 23.242971031286213
0001 23.37929439029378
1000 23.515617749301345
0001 23.65194110830891
0100 23.720102787812696
0100 23.85642614682026
0010 23.924587826324043
1010 24.06091118533161
1000 24.197234544339175
0001 24.33355790334674
0010 24.469881262354306
0001 24.606204621361872
1000 24.742527980369438
0100 24.878851339377004
0010 25.01517469838457
0001 25.151498057392136
1000 25.2878214163997
0010 25.355983095903486
1000 25.424144775407267
0100 25.560468134414833
1000 25.6967914934224
3001 26.242084929452663
0001 26.37840828846023
1000 26.446569967964013
1000 26.58289332697158
0100 26.65105500647536
0010 26.787378365482926
0001 26.923701724490492
1000 27.060025083498058
0010 27.196348442505624
0100 27.26451012200941
0001 27.332671801513193
0100 27.400833481016978
0001 27.46899516052076
1000 27.605318519528325
0100 27.74164187853589
0010 27.809803558039675
0001 27.877965237543457
1000 28.014288596551022
0001 28.15061195555859
1000 28.218773635062373
0010 28.286935314566154
0100 28.42325867357372
0001 28.559582032581286
1000 28.695905391588852
0001 28.832228750596418
0010 28.900390430100202
0100 28.968552109603984
0010 29.03671378910777
0001 29.10487546861155
1000 29.241198827619115
0010 29.37752218662668
1000 29.445683866130466
0001 29.513845545634247
1000 29.650168904641813
0001 29.718330584145598
0010 29.78649226364938
0001 29.922815622656945
0010 29.99097730216073
0100 30.05913898166451
1000 30.127300661168295
0010 30.195462340672076
0100 30.331785699679642
0001 30.468109058687208
1000 30.558991298025585
0001 30.604432417694774
0010 30.74075577670234
0001 30.808917456206125
0001 30.94524081521369
1000 31.01340249471747
0100 31.149725853725037
0010 31.286049212732603
0100 31.42237257174017
1000 31.558695930747735
0100 31.62685761025152
0010 31.6950192897553
0001 31.763180969259086
1000 31.831342648762867
0001 31.967666007770433
0100 32.103989366777995
0010 32.172151046281776
0100 32.240312725785564
0001 32.37663608479313
0010 32.44479776429691
0010 32.58112112330448
0100 32.64928280280826
1000 32.78560616181583
1000 32.9219295208234
0001 33.05825287983096
0001 33.19457623883853
0010 33.33089959784609
0010 33.46722295685366
0001 33.60354631586122
0001 33.73986967486879
1000 33.876193033876355
1000 34.012516392883924
0010 34.14883975189149
0010 34.285163110899056
0100 34.42148646990662
0100 34.55780982891419
0202 34.69413318792175
0303 34.83045654692932
0001 34.96677990593688
1000 35.03494158544066
0001 35.10310326494445
0100 35.17126494444823
0001 35.23942662395201
0010 35.307588303455795
0100 35.37574998295958
1000 35.512073341967145
0001 35.648396700974715
0100 35.716558380478496
0010 35.78472005998228
1000 35.85288173948606
0001 35.921043418989846
0010 35.98920509849363
0100 36.05736677799741
1000 36.12552845750119
0001 36.19369013700498
1000 36.26185181650876
0001 36.33001349601254
1000 36.432256015268216
0100 36.53449853452389
0010 36.60266021402767
0001 36.67082189353145
0010 36.73898357303524
0001 36.80714525253902
0010 36.875306932042804
0100 36.943468611546585
1000 37.01163029105037
0001 37.079791970554155
1000 37.147953650057936
0100 37.21611532956172
0010 37.284277009065505
0002 37.42060036807307
1003 37.55692372708064
0010 37.62508540658442
0100 37.6932470860882
0002 37.82957044509577
0013 37.96589380410333
0100 38.1022171631109
1000 38.23854052211846
0100 38.37486388112603
0010 38.44302556062981
0001 38.511187240133594
1000 38.60206947947197
0001 38.647510599141164
1000 38.783833958148726
0100 38.920157317156296
0010 38.98831899666008
0001 39.05648067616386
1000 39.12464235566764
0001 39.19280403517143
1000 39.32912739417899
0010 39.46545075318656
0100 39.60177411219412
0001 39.73809747120169
1000 39.80625915070547
0001 39.87442083020925
1000 39.942582509713034
0100 40.01074418921682
0010 40.078905868720604
0001 40.147067548224385
1000 40.215229227728166
0001 40.283390907231954
1000 40.351552586735735
0010 40.41971426623952
0100 40.4878759457433
0001 40.556037625247086
1000 40.62419930475087
0001 40.69236098425465
0010 40.76052266375843
0100 40.82868434326222
1000 40.896846022766
0001 40.96500770226978
0100 41.10133106127735
0001 41.20357358053302
0100 41.23765442028491
0001 41.30581609978869
1000 41.37397777929248
0100 41.51030113830005
1000 41.57846281780383
0100 41.612543657555726
1000 41.7147861768114
0200 41.78294785631518
0310 41.91927121532275
0001 42.055594574330314
1000 42.123756253834095
0001 42.19191793333788
1000 42.260079612841665
0001 42.328241292345446
0010 42.41912353168382
0100 42.60088801036058
0010 42.66904968986436
0001 42.73721136936815
1000 42.80537304887193
0001 42.87353472837571
0100 42.94169640787949
0010 43.00985808738328
1000 43.07801976688706
0001 43.14618144639084
1003 43.691474882421105
0100 43.759636561924886
0010 43.827798241428674
0001 43.895959920932455
0010 43.964121600436236
0100 44.03228327994002
1000 44.100444959443806
0001 44.23676831845137
0100 44.30492999795515
0010 44.37309167745894
1000 44.463973916797315
0010 44.5094150364665
1000 44.57757671597028
0001 44.64573839547407
0100 44.71390007497785
0001 44.78206175448163
1000 44.85022343398541
0001 44.9183851134892
0010 44.98654679299298
0100 45.05470847249676
1000 45.122870152000544
0001 45.19103183150433
1000 45.327355190511895
0001 45.395516870015676
1000 45.463678549519464
0100 45.531840229023246
0010 45.60000190852703
0100 45.66816358803081
1000 45.736325267534596
0001 45.87264862654216
1000 46.00897198554973
0001 46.07713366505351
0100 46.14529534455729
0010 46.21345702406107
1000 46.34978038306864
0001 46.41794206257242
0010 46.5088243019108
0001 46.55426542157999
1000 46.690588780587554
0100 46.758750460091335
0010 46.82691213959512
0001 46.963235498602685
1003 47.099558857610255
0010 47.23588221661782
0100 47.37220557562539
0020 47.44036725512917
1030 47.50852893463295
0001 47.57669061413673
1000 47.64485229364052
0100 47.7130139731443
0020 47.78117565264808
0031 47.91749901165565
1000 48.05382237066321
0100 48.12198405016699
0010 48.19014572967078
0001 48.25830740917456
1000 48.326469088678344
0001 48.394630768182125
0100 48.46279244768591
0010 48.530954127189695
0100 48.599115806693476
0001 48.66727748619726
1000 48.735439165701045
0100 48.803600845204826
0010 48.87176252470861
0001 48.97400504396428
1000 49.07624756321996
0001 49.14440924272374
0010 49.28073260173131
0001 49.34889428123509
1000 49.41705596073887
0001 49.48521764024265
1000 49.55337931974644
0100 49.62154099925022
0010 49.689702678754
0001 49.757864358257784
1000 49.82602603776157
0001 49.89418771726535
0100 49.962349396769135
0310 50.098672755776704
1000 50.234996114784266
0010 50.30315779428805
0100 50.371319473791836
0001 50.43948115329562
1000 50.5076428327994
0010 50.57580451230318
0100 50.64396619180697
0001 50.71212787131075
1000 50.78028955081453
0001 50.84845123031831
1000 50.9166129098221
0010 50.98477458932588
2000 51.05293626882966
3100 51.18925962783723
0010 51.25742130734101
0001 51.32558298684479
0001 51.46190634585236
1000 51.530068025356144
1000 51.666391384363706
0001 51.734553063867494
0200 51.87087642287506
0310 52.007199781882626
0200 52.07536146138641
0310 52.21168482039397
0100 52.27984649989776
0301 52.41616985890532
1000 52.5070520982437
0001 52.55249321791289
1000 52.64337545725127
0001 52.68881657692045
0100 52.82513993592802
0010 52.961463294935584
1000 53.029624974439365
0001 53.09778665394315
1000 53.18866889328153
0100 53.234110012950715
0010 53.3022716924545
0100 53.370433371958285
0010 53.438595051462066
0001 53.506756730965854
1000 53.643080089973424
0001 53.779403448980986
0010 53.84756512848477
0100 53.915726807988555
1000 53.98388848749234
0002 54.05205016699612
1003 54.18837352600369
0010 54.25653520550747
0100 54.32469688501125
0001 54.46102024401882
0010 54.59734360302638
0100 54.66550528253016
0010 54.73366696203395
0001 54.80182864153773
2000 54.86999032104151
3010 55.00631368004908
0100 55.142637039056645
0001 55.210798718560426
1000 55.278960398064214
0001 55.347122077567995
2000 55.41528375707178
3001 55.551607116079346
0010 55.68793047508691
0100 55.75609215459069
1000 55.82425383409448
0100 55.89241551359826
0010 55.96057719310204
0001 56.02873887260582
0010 56.09690055210961
0100 56.16506223161339
1000 56.23322391111717
0001 56.30138559062095
1000 56.36954727012474
0010 56.43770894962852
0100 56.5058706291323
0001 56.574032308636085
1000 56.64219398813987
0001 56.710355667643654
0100 56.778517347147435
0100 56.914840706155005
0001 56.983002385658786
0001 57.11932574466635
1000 57.187487424170136
0010 57.3238107831777
0100 57.39197246268148
0001 57.46013414218527
1000 57.59645750119283
0002 57.7327808602004
0013 57.86910421920796
0100 58.00542757821553
1000 58.07358925771931
0100 58.141750937223094
0010 58.209912616726875
0001 58.27807429623066
1000 58.346235975734444
0001 58.414397655238226
0100 58.48255933474201
0010 58.550721014245795
2000 58.68704437325336
3010 58.82336773226093
1000 58.89152941176471
0001 58.95969109126849
0010 59.02785277077227
0001 59.09601445027606
0010 59.16417612977984
0001 59.23233780928362
1000 59.36866116829119
0001 59.50498452729875
0100 59.573146206802534
0010 59.64130788630632
0100 59.7321901256447
0001 59.777631245313884
1000 59.845792924817665
0001 59.913954604321454
0010 59.982116283825235
0100 60.050277963329016
1000 60.1184396428328
1000 60.25476300184037
0001 60.32292468134415
0100 60.45924804035172
0001 60.5274097198555
0100 60.59557139935928
0310 61.14086483538954
0010 61.413511553404675
0010 61.549834912412244
1000 61.68615827141981
0100 61.822481630427376
0010 61.95880498943494
0001 62.09512834844251
1000 62.23145170745007
0001 62.36777506645764
1000 62.5040984254652
0001 62.64042178447277
0100 62.77674514348033
0010 62.9130685024879
1000 63.049391861495465
0001 63.185715220503035
1000 63.3220385795106
0001 63.39020025901438
1000 63.458361938518166
0010 63.52652361802195
0100 63.59468529752573
0001 63.66284697702951
1000 63.7310086565333
0100 63.79917033603708
0010 63.86733201554086
0001 63.93549369504464
0010 64.00365537454843
0100 64.0718170540522
1000 64.13997873355599
0001 64.20814041305978
1000 64.27630209256355
0001 64.34446377206734
1000 64.41262545157113
0010 64.48078713107492
1000 64.5489488105787
0010 64.61711049008248
0100 64.68527216958627
0010 64.75343384909004
1000 64.82159552859383
0001 64.9124777679322
0010 64.9579188876014
0100 65.09424224660896
1000 65.16240392611275
0001 65.23056560561653
0010 65.3668889646241
0100 65.50321232363166
0100 65.7758590416468
0100 65.91218240065436
1000 66.04850575966192
0010 66.18482911866948
0100 66.32115247767706
0001 66.45747583668462
1000 66.59379919569218
0100 66.73012255469975
0010 66.86644591370732
0001 67.00276927271489
0010 67.13909263172245
0100 67.27541599073001
1000 67.41173934973759
0001 67.54806270874515
1000 67.68438606775271
0001 67.7525477472565
1000 67.91159166609866
0010 67.95703278576785
0100 68.09335614477541
0001 68.18423838411378
2000 68.22967950378298
3100 68.50232622179811
0010 68.63864958080568
0001 68.77497293981324
0010 68.84313461931703
0100 68.97945797832459
1000 69.08170049758026
0100 69.18394301683594
0010 69.25210469633971
0001 69.3202663758435
1003 69.86555981187377
0100 69.93372149137755
1000 70.00188317088133
0100 70.07004485038512
0010 70.1382065298889
0001 70.20636820939268
1000 70.27452988889647
0001 70.34269156840024
1000 70.41085324790403
0010 70.47901492740782
1000 70.54717660691159
0010 70.63805884624998
1000 70.68349996591917
0100 70.75166164542294
0010 70.81982332492673
0001 70.8879850044305
1000 70.95614668393429
0100 71.09247004294186
0010 71.22879340194943
0001 71.365116760957
1000 71.50144011996456
0010 71.63776347897212
0100 71.7059251584759
0001 71.7740868379797
0100 71.84224851748347
0001 71.91041019698726
1000 72.04673355599482
0100 72.18305691500238
0010 72.25121859450617
0100 72.31938027400996
1000 72.38754195351373
0100 72.45570363301752
0010 72.5238653125213
0001 72.59202699202508
1000 72.66018867152887
0001 72.72835035103265
2000 72.86467371004022
3010 73.00099706904778
0130 73.13732042805535
0001 73.27364378706291
1000 73.3418054665667
0001 73.40996714607049
0100 73.47812882557426
0010 73.54629050507805
1000 73.61445218458182
0001 73.68261386408561
1000 73.7507755435894
0010 73.81893722309317
0100 73.86437834276236
0010 73.95526058210075
1000 74.02342226160452
0001 74.09158394110831
1000 74.19382646036398
0001 74.22790730011587
0010 74.36423065912344
0100 74.45511289846182
1000 74.50055401813101
0001 74.63687737713857
1000 74.70503905664235
0010 74.77320073614614
1000 74.84136241564993
0002 74.9095240951537
0013 74.97768577465749
0100 75.04584745416128
2000 75.18217081316884
3100 75.25033249267261
0010 75.3184941721764
0001 75.38665585168019
1000 75.45481753118396
0001 75.52297921068775
1000 75.59114089019154
0010 75.7274642491991
0100 75.79562592870288
0001 75.86378760820666
0100 75.95466984754505
0010 76.00011096721423
1000 76.09099320655261
0001 76.1364343262218
1000 76.22731656556017
0001 76.27275768522937
1000 76.31819880489856
0001 76.40908104423693
0010 76.47724272374072
0100 76.54540440324449
1000 76.61356608274828
0001 76.68172776225207
0010 76.81805112125963
0100 76.8862128007634
0010 76.95437448026719
0001 77.02253615977098
1000 77.09069783927475
0001 77.15885951877854
1000 77.22702119828233
0010 77.36334455728989
0100 77.43150623679367
0001 77.49966791629745
1000 77.63599127530502
0001 77.7723146343126
0100 77.84047631381637
0001 77.90863799332016
0100 77.97679967282393
0001 78.04496135232772
2003 78.59025478835798
3100 78.72657814736554
0010 78.79473982686933
0001 78.86290150637312
1000 78.9310631858769
0001 78.99922486538068
0010 79.06738654488446
0100 79.13554822438824
1000 79.20370990389203
0001 79.27187158339581
1000 79.3400332628996
0001 79.40819494240338
0100 79.51043746165905
0010 79.61267998091472
0100 79.68084166041851
0001 79.81716501942607
1000 79.88532669892986
0001 79.95348837843365
0100 80.02165005793742
0010 80.08981173744121
0100 80.15797341694498
0001 80.22613509644877
1000 80.29429677595256
0001 80.36245845545633
1000 80.43062013496012
0100 80.49878181446391
0310 80.63510517347147
0001 80.77142853247904
0010 80.83959021198282
0001 80.9077518914866
0010 80.97591357099039
0200 81.04407525049417
1300 81.18039860950174
0001 81.3167219685093
0010 81.38488364801309
0001 81.45304532751686
1000 81.54392756685525
0001 81.58936868652444
0100 81.65753036602821
0010 81.725692045532
0100 81.79385372503577
0001 81.86201540453958
1000 81.93017708404336
0010 81.99833876354714
0100 82.06650044305093
0001 82.13466212255472
0010 82.27098548156228
0100 82.33914716106605
1000 82.40730884056984
0100 82.47547052007363
0010 82.5436321995774
0001 82.67995555858498
1000 82.81627891759254
0001 82.9526022766001
1000 83.08892563560767
3100 83.22524899461524
0010 83.3615723536228
0001 83.42973403312658
0010 83.49789571263037
0100 83.63421907163793
1000 83.70238075114172
0001 83.7705424306455
1000 83.83870411014928
0010 83.90686578965307
1000 84.04318914866063
0001 84.17951250766819
0100 84.24767418717198
0001 84.31583586667577
1000 84.45215922568333
0010 84.5884825846909
0010 84.72480594369846
0010 84.86112930270603
0010 84.9974526617136
0100 85.13377602072116
0001 85.16785686047305
1000 85.27009937972872
0001 85.33826105923251
1000 85.4064227387363
0001 85.54274609774386
0010 85.61090777724763
0100 85.67906945675142
1000 85.71315029650331
0100 85.81539281575898
0010 85.88355449526277
0001 85.95171617476656
1000 86.08803953377412
0001 86.1562012132779
0100 86.22436289278168
0001 86.36068625178925
0010 86.42884793129303
0001 86.49700961079682
1000 86.5310904505487
0100 86.63333296980439
0220 86.76965632881195
0330 87.17862640583465
0001 87.31494976484221
1000 87.41719228409788
0001 87.51943480335356
1000 87.58759648285735
0100 87.72391984186491
0010 87.7693609615341
0001 87.86024320087247
1000 87.92840488037626
0001 88.03064739963193
1000 88.13288991888761
0010 88.23513243814328
1000 88.40553663690274
0100 88.47369831640653
0010 88.5418599959103
0001 88.61002167541409
0010 88.67818335491788
0130 88.81450671392544
1000 88.88266839342921
0001 88.950830072933
0010 89.01899175243679
0001 89.08715343194056
2000 89.22347679094814
3100 89.3598001499557
0010 89.42796182945948
0001 89.49612350896327
1000 89.56428518846705
0001 89.63244686797083
0100 89.70060854747462
0001 89.7687702269784
1000 89.83693190648218
0100 89.90509358598597
0010 89.97325526548974
0001 90.04141694499353
1000 90.10957862449732
0001 90.17774030400109
0010 90.24590198350488
0200 90.31406366300867
1300 90.45038702201623
0001 90.51854870152
1000 90.58671038102379
1000 90.72303374003135
0010 90.79119541953514
0010 90.9275187785427
1000 90.9956804580465
0002 91.13200381705406
1003 91.26832717606162
0002 91.3364888555654
1003 91.47281221457297
0001 91.54097389407676
1003 91.67729725308432
0100 91.74545893258811
0010 91.81362061209188
0001 91.88178229159567
1000 91.94994397109946
0100 92.01810565060323
1000 92.08626733010702
0001 92.1544290096108
0100 92.22259068911458
0001 92.29075236861837
0100 92.35891404812214
0010 92.40435516779134
1000 92.49523740712972
0001 92.5633990866335
1000 92.63156076613728
0001 92.76788412514485
0010 92.90420748415241
0100 92.9723691636562
1000 93.04053084315998
0100 93.10869252266376
1000 93.17685420216755
0001 93.31317756117511
0001 93.44950092018267
0001 93.58582427919025
0001 93.72214763819781
1000 93.85847099720537
0100 93.92663267670916
0010 93.99479435621294
0001 94.06295603571672
1000 94.13111771522051
0001 94.19927939472429
0010 94.26744107422807
0100 94.40376443323564
1000 94.47192611273942
0001 94.5400877922432
1000 94.67641115125078
0010 94.74457283075455
0100 94.81273451025834
0001 94.88089618976211
1000 94.9490578692659
0100 95.08538122827346
0010 95.22170458728104
0001 95.28986626678481
0010 95.3580279462886
0001 95.49435130529616
0100 95.56251298479995
0010 95.63067466430373
1000 95.69883634380751
0010 95.7669980233113
0100 95.83515970281508
0001 95.90332138231886
0100 96.03964474132643
0001 96.17596810033399
0100 96.24412977983778
0001 96.38045313884534
1000 96.44861481834913
3200 96.58493817735669
0310 96.72126153636425
0002 96.85758489537183
1003 96.99390825437939
0010 97.13023161338695
0130 97.40287833140209
0001 97.53920169040966
0020 97.67552504941722
0230 97.81184840842478
1300 97.94817176743236
0001 98.08449512643992
1000 98.22081848544748
0100 98.28898016495127
0010 98.35714184445504
0001 98.42530352395883
1000 98.49346520346262
0001 98.62978856247018
0100 98.76611192147774
0010 98.83427360098153
1000 98.9024352804853
0001 98.99331751982369
0100 99.03875863949288
0010 99.17508199850045
1000 99.24324367800422
0001 99.31140535750801
0010 99.44772871651557
0100 99.51589039601936
1000 99.58405207552315
0001 99.65221375502692
1000 99.72037543453071
0100 99.78853711403448
0010 99.85669879353827
0031 100.40199222956853
1000 100.5383155885761
0100 100.60647726807989
1000 100.67463894758367
0100 100.81096230659124
0010 100.9472856655988
0001 101.08360902460636
1000 101.21993238361394
0010 101.3562557426215
1000 101.49257910162906
0001 101.62890246063662
0100 101.69706414014041
0010 101.7652258196442
1000 101.90154917865176
0001 101.94699029832096
1000 102.17419589666689
0001 102.21963701633608
1000 102.44684261468203
0001 102.49228373435122
0100 102.58316597368959
0301 102.99213605071229
1000 103.06029773021606
0001 103.12845940971985
0010 103.26478276872741
0100 103.40110612773499
1000 103.53742948674255
0100 103.67375284575012
0010 103.7419145252539
0001 103.81007620475768
1000 103.94639956376525
0001 104.08272292277282
0200 104.21904628178038
0300 104.28720796128417
0200 104.35536964078794
0300 104.42353132029173
0200 104.49169299979552
0300 104.55985467929929
0200 104.62801635880308
0301 104.76433971781064
0001 104.9006630768182
1000 104.968824756322
1000 105.10514811532956
0100 105.17330979483334
0010 105.3096331538409
0001 105.44595651284847
1000 105.58227987185604
0100 105.71860323086361
0010 105.78676491036738
0001 105.85492658987118
1000 105.92308826937497
0001 105.99124994887875
0100 106.05941162838253
0001 106.12757330788632
1000 106.26389666689388
0100 106.33205834639766
0010 106.40022002590145
0001 106.46838170540524
1000 106.53654338490901
0001 106.6047050644128
2000 106.67286674391659
3200 106.80919010292415
0310 106.94551346193171
0001 107.0136751414355
0010 107.08183682093927
0001 107.14999850044306
0010 107.21816017994685
0001 107.28632185945062
1000 107.35448353895441
0100 107.49080689796197
0010 107.55896857746576
0001 107.62713025696954
1000 107.71801249630792
0001 107.76345361597711
0100 107.89977697498468
0010 107.96793865448845
1000 108.03610033399224
0100 108.10426201349603
0010 108.1724236929998
0001 108.24058537250359
0010 108.30874705200738
0100 108.37690873151115
1000 108.44507041101494
0100 108.5813937700225
0310 108.71771712903006
0031 109.12668720605276
1000 109.26301056506033
0010 109.33117224456412
0100 109.3993339240679
0010 109.46749560357168
1000 109.53565728307547
0001 109.67198064208303
0010 109.7742231613387
0100 109.87646568059438
1000 109.97870819985005
0001 110.08095071910573
1000 110.1491123986095
0001 110.21727407811329
1000 110.28543575761708
0010 110.35359743712085
0100 110.48992079612843
0001 110.62624415513599
1000 110.69440583463977
0001 110.76256751414356
0100 110.83072919364734
0001 110.89889087315112
0100 110.9670525526549
0010 111.0352142321587
0100 111.12609647149706
0010 111.17153759116626
1000 111.26241983050463
0001 111.30786095017382
1000 111.3987431895122
0001 111.44418430918138
1000 111.53506654851977
0001 111.58050766818896
0010 111.64866934769273
0100 111.71683102719652
0010 111.7849927067003
0100 111.85315438620408
1000 111.92131606570787
0001 111.98947774521164
1000 112.12580110421922
0010 112.193962783723
0100 112.26212446322678
0001 112.33028614273056
0100 112.39844782223435
0001 112.46660950173813
0010 112.53477118124191
0100 112.6029328607457
1000 112.67109454024948
0100 112.73925621975326
0010 112.80741789925705
0001 112.87557957876082
1000 112.94374125826461
0100 113.08006461727217
0010 113.14822629677596
0001 113.21638797627975
0010 113.28454965578352
0001 113.35271133528731
1000 113.42087301479108
0100 113.48903469429487
0310 113.76168141231001
0001 113.82984309181379
0010 113.89800477131757
0100 113.96616645082135
1000 114.03432813032514
0001 114.1706514893327
1000 114.30697484834027
3100 114.44329820734784
0010 114.51145988685161
0001 114.5796215663554
1000 114.64778324585919
0001 114.71594492536296
1000 114.78410660486675
0001 114.85226828437054
0100 114.9885916433781
0010 115.05675332288187
2000 115.12491500238566
3200 115.26123836139323
0320 115.3975617204008
0032 115.53388507940836
1003 115.67020843841593
0100 115.73837011791971
1000 115.80653179742349
3100 115.94285515643107
0010 116.07917851543863
0001 116.21550187444619
0100 116.28366355394998
0010 116.35182523345375
1000 116.44270747279214
0010 116.48814859246133
1000 116.5563102719651
0001 116.62447195146889
0100 116.69263363097267
0001 116.76079531047645
1000 116.89711866948402
0001 117.03344202849159
0010 117.10160370799537
0100 117.16976538749915
0010 117.23792706700293
0002 117.30608874650672
1003 117.44241210551428
0010 117.53329434485266
0100 117.57873546452186
0100 117.71505882352942
0001 117.85138218253698
1000 117.91954386204077
1000 118.05586722104833
0100 118.12402890055212
0010 118.26035225955968
0001 118.32851393906346
0010 118.39667561856724
0001 118.46483729807103
0001 118.6011606570786
1000 118.66932233658238
0100 118.80564569558994
0010 118.94196905459751
0001 119.0101307341013
0001 119.14645409310886
0100 119.21461577261265
0010 119.35093913162021
1000 119.41910081112398
0010 119.48726249062777
1000 119.55542417013156
1000 119.69174752913912
0100 119.75990920864291
0010 119.89623256765047
0001 120.03255592665803
0010 120.1688792856656
0001 120.30520264467317
0100 120.44152600368074
0010 120.5778493626883
1000 120.85049608070344
0100 121.12314279871856
0210 121.3957895167337
0330 122.21372967077909
