TITLE Re-BIRTH
BPM   133.0
NOTES
7.2180451127819545
7.443609022556391
7.669172932330826
7.894736842105263
8.00751879699248
8.120300751879698
8.233082706766917
8.345864661654135
8.571428571428571
8.796992481203008
9.022556390977442
9.248120300751879
9.473684210526315
9.69924812030075
9.812030075187968
9.924812030075186
10.037593984962404
10.150375939849622
10.375939849624059
10.488721804511277
10.601503759398495
10.714285714285712
10.827067669172932
11.052631578947368
11.278195488721805
11.50375939849624
11.616541353383457
11.729323308270676
11.842105263157894
11.954887218045112
12.180451127819548
12.406015037593985
12.631578947368421
12.74436090225564
12.857142857142858
13.082706766917294
13.308270676691729
13.533834586466165
13.87218045112782
13.984962406015038
14.210526315789474
14.436090225563909
14.661654135338345
14.887218045112782
15.112781954887216
15.225563909774435
15.338345864661653
15.451127819548871
15.56390977443609
15.789473684210526
16.01503759398496
16.240601503759397
16.466165413533833
16.69172932330827
16.917293233082706
17.030075187969924
17.142857142857142
17.25563909774436
17.368421052631575
17.59398496240601
17.70676691729323
17.819548872180448
17.932330827067666
18.045112781954884
18.27067669172932
18.496240601503757
18.721804511278194
18.834586466165412
18.94736842105263
19.06015037593985
19.172932330827066
19.3984962406015
19.624060150375936
19.849624060150376
19.962406015037594
20.075187969924812
20.30075187969925
20.413533834586467
20.639097744360903
20.75187969924812
20.86466165413534
20.977443609022558
21.090225563909776
21.20300751879699
21.31578947368421
21.428571428571427
21.541353383458645
21.654135338345863
21.8796992481203
22.105263157894736
22.330827067669173
22.44360902255639
22.55639097744361
22.669172932330827
22.781954887218042
23.00751879699248
23.233082706766915
23.57894736842105
23.819548872180448
24.06015037593985
24.180451127819545
24.300751879699245
24.421052631578945
24.541353383458645
24.781954887218042
24.902255639097742
25.022556390977442
25.14285714285714
25.383458646616543
25.62406015037594
25.86466165413534
25.984962406015036
26.105263157894736
26.225563909774436
26.345864661654137
26.586466165413533
26.827067669172934
27.06766917293233
27.18796992481203
27.308270676691727
27.548872180451127
27.669172932330827
27.909774436090224
28.030075187969924
28.150375939849624
28.27067669172932
28.39097744360902
28.51127819548872
28.63157894736842
28.75187969924812
28.872180451127818
29.097744360902254
29.32330827067669
29.548872180451127
29.661654135338345
29.774436090225564
29.887218045112782
30.0
30.225563909774433
30.45112781954887
30.676691729323306
30.902255639097742
31.12781954887218
31.353383458646615
31.466165413533833
31.57894736842105
31.69172932330827
31.804511278195484
32.03007518796992
32.14285714285714
32.25563909774436
32.368421052631575
32.48120300751879
32.70676691729323
32.932330827067666
33.1578947368421
33.27067669172932
33.38345864661654
33.49624060150376
33.609022556390975
33.83458646616541
34.06015037593985
34.285714285714285
34.3984962406015
34.51127819548872
34.62406015037594
34.73684210526316
34.849624060150376
35.07518796992481
35.18796992481203
35.30075187969925
35.41353383458647
35.526315789473685
35.6390977443609
35.75187969924812
35.86466165413534
35.97744360902256
36.09022556390977
36.315789473684205
36.54135338345864
36.76691729323308
36.879699248120296
36.992481203007515
37.10526315789473
37.21804511278195
37.44360902255639
37.669172932330824
37.89473684210526
38.1203007518797
38.34586466165413
38.57142857142857
38.68421052631579
38.796992481203006
38.909774436090224
39.02255639097744
39.24812030075188
39.3609022556391
39.473684210526315
39.58646616541353
39.69924812030075
39.92481203007519
40.150375939849624
40.37593984962406
40.48872180451128
40.6015037593985
40.714285714285715
40.82706766917293
41.05263157894737
41.278195488721806
41.503759398496236
41.616541353383454
41.72932330827067
41.95488721804511
42.06766917293233
42.29323308270676
42.40601503759398
42.5187969924812
42.63157894736842
42.744360902255636
42.857142857142854
42.96992481203007
43.08270676691729
43.19548872180451
43.30827067669173
43.54887218045113
43.669172932330824
43.909774436090224
44.03007518796992
44.150375939849624
44.27067669172932
44.39097744360902
44.63157894736842
44.87218045112782
45.11278195488722
45.35338345864662
45.473684210526315
45.714285714285715
45.83458646616541
45.954887218045116
46.07518796992481
46.19548872180451
46.43609022556391
46.55639097744361
46.67669172932331
46.796992481203006
46.9172932330827
47.1578947368421
47.2781954887218
47.5187969924812
47.639097744360896
47.7593984962406
47.879699248120296
47.99999999999999
48.24060150375939
48.48120300751879
48.721804511278194
48.83458646616541
48.94736842105263
49.17293233082707
49.285714285714285
49.51127819548872
49.62406015037594
49.73684210526316
49.849624060150376
49.962406015037594
50.07518796992481
50.18796992481203
50.30075187969925
50.41353383458647
50.526315789473685
50.766917293233085
50.88721804511278
51.12781954887218
51.24812030075188
51.36842105263158
51.48872180451128
51.609022556390975
51.849624060150376
52.090225563909776
52.33082706766917
52.57142857142857
52.691729323308266
52.932330827067666
53.05263157894736
53.17293233082707
53.29323308270676
53.41353383458646
53.65413533834586
53.774436090225564
53.89473684210526
54.01503759398496
54.13533834586466
54.37593984962406
54.49624060150376
54.73684210526316
54.857142857142854
54.97744360902256
55.097744360902254
55.21804511278195
55.45864661654135
55.69924812030075
55.939849624060145
56.05263157894736
56.16541353383458
56.39097744360902
56.503759398496236
56.72932330827067
56.84210526315789
56.95488721804511
57.06766917293233
57.180451127819545
57.29323308270676
57.40601503759398
57.5187969924812
57.63157894736842
57.744360902255636
57.96992481203007
58.19548872180451
58.421052631578945
58.64661654135338
58.7593984962406
58.984962406015036
59.32330827067669
59.54887218045113
59.774436090225564
60.0
60.225563909774436
60.45112781954887
60.56390977443609
60.78947368421053
60.902255639097746
61.12781954887218
61.35338345864661
61.57894736842105
61.804511278195484
62.03007518796992
62.25563909774436
62.368421052631575
62.59398496240601
62.932330827067666
63.1578947368421
63.38345864661654
63.609022556390975
63.83458646616541
64.06015037593984
64.17293233082707
64.28571428571428
64.3984962406015
64.51127819548871
64.73684210526315
64.96240601503759
65.18796992481202
65.41353383458646
65.6390977443609
65.86466165413533
65.97744360902254
66.20300751879698
66.54135338345864
66.76691729323308
66.99248120300751
67.21804511278195
67.44360902255639
67.66917293233082
67.78195488721803
68.00751879699247
68.1203007518797
68.34586466165413
68.57142857142857
68.796992481203
69.02255639097744
69.24812030075188
69.47368421052632
69.58646616541353
69.81203007518796
70.15037593984962
70.37593984962406
70.6015037593985
70.82706766917293
71.05263157894737
71.2781954887218
71.39097744360902
71.61654135338345
71.95488721804512
72.18045112781954
72.29323308270675
72.40601503759397
72.51879699248119
72.63157894736841
72.74436090225562
72.85714285714285
72.96992481203006
73.08270676691728
73.1954887218045
73.30827067669172
73.42105263157893
73.53383458646616
73.64661654135337
73.75939849624059
73.8721804511278
73.98496240601503
74.24274973147153
74.37164339419978
74.62943071965627
74.75832438238453
74.88721804511277
75.01611170784102
75.14500537056927
75.40279269602577
75.53168635875402
75.78947368421052
76.03007518796991
76.15037593984962
76.39097744360902
76.51127819548871
76.63157894736841
76.75187969924812
76.87218045112782
77.11278195488721
77.23308270676691
77.3533834586466
77.47368421052632
77.59398496240601
77.8345864661654
77.95488721804512
78.19548872180451
78.3157894736842
78.4360902255639
78.55639097744361
78.67669172932331
78.9172932330827
79.1578947368421
79.3984962406015
79.51127819548871
79.62406015037594
79.73684210526315
79.84962406015038
79.96240601503759
80.18796992481202
80.30075187969925
80.41353383458646
80.52631578947368
80.6390977443609
80.75187969924812
80.86466165413533
80.97744360902256
81.09022556390977
81.203007518797
81.4607948442535
81.58968850698174
81.84747583243823
81.9763694951665
82.10526315789474
82.23415682062299
82.36305048335123
82.62083780880774
82.74973147153598
83.00751879699247
83.24812030075186
83.36842105263158
83.60902255639097
83.72932330827066
83.84962406015036
83.96992481203006
84.09022556390977
84.33082706766916
84.45112781954886
84.57142857142856
84.69172932330827
84.81203007518796
85.0375939849624
85.26315789473684
85.48872180451127
85.60150375939848
85.71428571428571
85.82706766917292
85.93984962406014
86.16541353383458
86.39097744360902
86.61654135338345
86.72932330827066
86.84210526315789
86.9548872180451
87.06766917293233
87.18045112781954
87.40601503759397
87.5187969924812
87.63157894736841
87.74436090225564
87.85714285714285
87.96992481203007
88.08270676691728
88.19548872180451
88.30827067669172
88.42105263157895
88.64661654135338
88.87218045112782
88.98496240601503
89.09774436090225
89.21052631578947
89.32330827067669
89.4360902255639
89.54887218045113
89.77443609022556
90.0
90.22556390977444
90.45112781954887
90.67669172932331
90.90225563909775
91.01503759398496
91.12781954887218
91.2406015037594
91.35338345864662
91.57894736842105
91.69172932330827
91.80451127819549
91.9172932330827
92.03007518796991
92.25563909774435
92.48120300751879
92.70676691729322
92.81954887218043
92.93233082706766
93.04511278195487
93.1578947368421
93.2706766917293
93.38345864661653
93.49624060150374
93.60902255639097
93.8345864661654
93.94736842105262
94.06015037593984
94.17293233082705
94.28571428571428
94.39849624060149
94.62406015037593
94.73684210526315
94.84962406015036
94.96240601503759
95.0751879699248
95.18796992481202
95.30075187969923
95.41353383458646
95.52631578947367
95.6390977443609
95.87969924812029
96.0
96.2406015037594
96.36090225563909
96.48120300751879
96.6015037593985
96.7218045112782
96.84210526315789
96.96240601503759
97.08270676691728
97.20300751879698
97.44360902255639
97.68421052631578
97.80451127819549
98.04511278195488
98.16541353383458
98.28571428571428
98.40601503759399
98.52631578947368
98.64661654135338
98.76691729323308
98.88721804511277
99.00751879699247
99.12781954887218
99.24812030075188
99.47368421052632
99.69924812030075
99.92481203007519
100.0375939849624
100.15037593984962
100.26315789473684
100.37593984962406
100.6015037593985
100.82706766917293
101.05263157894737
101.16541353383458
101.2781954887218
101.39097744360902
101.50375939849624
101.61654135338345
101.84210526315789
101.95488721804512
102.06766917293233
102.18045112781955
102.29323308270676
102.40601503759399
102.5187969924812
102.63157894736842
102.74436090225564
102.85714285714285
103.08270676691728
103.30827067669172
103.53383458646616
103.64661654135337
103.75939849624059
103.8721804511278
103.98496240601503
104.21052631578947
104.4360902255639
104.66165413533834
104.88721804511277
105.11278195488721
105.33834586466165
105.45112781954886
105.56390977443608
105.6766917293233
105.78947368421052
106.01503759398496
106.12781954887217
106.2406015037594
106.3533834586466
106.46616541353383
106.69172932330827
106.9172932330827
107.14285714285714
107.25563909774435
107.36842105263158
107.48120300751879
107.59398496240601
107.81954887218045
108.04511278195488
108.27067669172932
108.38345864661653
108.49624060150376
108.7218045112782
108.8345864661654
109.06015037593984
109.17293233082707
109.28571428571428
109.3984962406015
109.51127819548871
109.62406015037594
109.73684210526315
109.84962406015038
109.96240601503759
110.07518796992481
110.30075187969925
110.52631578947368
110.75187969924812
110.86466165413533
110.97744360902256
111.09022556390977
111.203007518797
111.42857142857143
111.65413533834587
111.87969924812029
112.10526315789473
112.33082706766916
112.5563909774436
112.66917293233081
112.78195488721803
112.89473684210525
113.00751879699247
113.23308270676691
113.34586466165412
113.45864661654134
113.57142857142856
113.68421052631578
113.90977443609022
114.13533834586465
114.36090225563909
114.4736842105263
114.58646616541353
114.69924812030074
114.81203007518796
115.0375939849624
115.26315789473684
115.48872180451127
115.60150375939848
115.71428571428571
115.93984962406014
116.05263157894736
116.27819548872179
116.39097744360902
116.50375939849623
116.61654135338345
116.72932330827066
116.84210526315789
116.9548872180451
117.06766917293233
117.18045112781954
117.29323308270676
117.5187969924812
117.74436090225564
117.96992481203007
118.08270676691728
118.19548872180451
118.30827067669172
118.42105263157895
118.64661654135338
118.87218045112782
119.09774436090225
119.32330827067669
119.4360902255639
119.66165413533834
119.88721804511277
120.0
120.11278195488721
120.22556390977444
120.33834586466165
120.45112781954887
120.56390977443608
120.67669172932331
