TITLE Redial
BPM   132.0
NOTES
9.09090909090909
9.545454545454545
10.0
10.454545454545453
10.68181818181818
10.909090909090908
11.136363636363635
11.363636363636363
11.59090909090909
11.818181818181817
12.272727272727272
12.5
12.954545454545453
13.181818181818182
13.522727272727272
13.636363636363637
13.863636363636363
14.09090909090909
14.318181818181817
14.545454545454545
14.772727272727272
15.0
15.227272727272727
15.454545454545453
15.681818181818182
15.795454545454545
15.909090909090908
16.022727272727273
16.136363636363637
16.25
16.59090909090909
16.818181818181817
16.93181818181818
17.15909090909091
17.272727272727273
17.613636363636363
17.84090909090909
18.068181818181817
18.409090909090907
18.52272727272727
18.636363636363633
18.749999999999996
18.977272727272727
19.09090909090909
19.318181818181817
19.545454545454543
19.77272727272727
19.886363636363633
20.227272727272727
20.454545454545453
20.568181818181817
20.681818181818183
20.795454545454547
20.90909090909091
21.136363636363637
21.363636363636363
21.477272727272727
21.59090909090909
21.818181818181817
22.045454545454543
22.27272727272727
22.386363636363633
22.5
22.613636363636363
22.727272727272727
22.84090909090909
22.954545454545453
23.068181818181817
23.18181818181818
23.295454545454543
23.52272727272727
23.863636363636363
24.09090909090909
24.204545454545453
24.431818181818183
24.545454545454547
24.65909090909091
24.886363636363637
25.113636363636363
25.34090909090909
25.68181818181818
25.909090909090907
26.02272727272727
26.25
26.363636363636363
26.59090909090909
26.818181818181817
27.045454545454543
27.159090909090907
27.5
27.727272727272727
27.84090909090909
28.06818181818182
28.181818181818183
28.40909090909091
28.636363636363637
28.75
28.863636363636363
28.977272727272727
29.318181818181817
29.545454545454543
29.772727272727273
30.454545454545453
30.909090909090907
31.136363636363633
31.36363636363636
31.59090909090909
31.818181818181817
32.04545454545454
32.27272727272727
32.5
32.72727272727273
32.95454545454545
33.18181818181818
33.40909090909091
33.63636363636363
33.86363636363636
34.09090909090909
34.31818181818182
34.54545454545455
34.77272727272727
35.0
35.22727272727273
35.45454545454545
35.68181818181818
35.909090909090914
36.13636363636364
36.36363636363636
36.590909090909086
36.81818181818181
37.04545454545454
37.272727272727266
37.49999999999999
37.72727272727273
37.95454545454545
38.18181818181818
38.40909090909091
38.63636363636363
38.86363636363636
39.090909090909086
39.31818181818181
39.54545454545455
39.77272727272727
40.0
40.22727272727273
40.45454545454545
40.68181818181818
40.90909090909091
41.13636363636363
41.36363636363637
41.59090909090909
41.81818181818182
42.04545454545455
42.27272727272727
42.5
42.72727272727273
42.95454545454545
43.18181818181819
43.409090909090914
43.63636363636363
43.86363636363636
44.090909090909086
44.31818181818181
44.54545454545454
44.772727272727266
45.0
45.22727272727273
45.340909090909086
45.68181818181818
45.90909090909091
46.13636363636363
46.36363636363636
46.47727272727273
46.70454545454545
46.93181818181818
47.15909090909091
47.5
47.72727272727273
47.95454545454545
48.18181818181818
48.40909090909091
48.63636363636364
48.86363636363637
48.97727272727273
49.31818181818181
49.54545454545454
49.772727272727266
49.99999999999999
50.22727272727272
50.45454545454545
50.68181818181818
50.79545454545454
51.13636363636363
51.36363636363636
51.590909090909086
51.81818181818181
52.04545454545454
52.27272727272727
52.5
52.61363636363636
52.95454545454545
53.18181818181818
53.40909090909091
53.63636363636363
53.75
53.97727272727273
54.20454545454545
54.43181818181818
54.77272727272727
55.0
55.22727272727273
55.45454545454545
55.68181818181818
55.909090909090914
56.13636363636364
56.25
56.590909090909086
56.81818181818181
57.04545454545454
57.272727272727266
57.49999999999999
57.72727272727273
57.95454545454545
58.06818181818181
58.40909090909091
58.63636363636363
58.86363636363636
59.090909090909086
59.31818181818181
59.54545454545455
59.77272727272727
60.22727272727273
60.45454545454545
60.68181818181818
60.90909090909091
61.13636363636363
61.36363636363637
61.59090909090909
61.81818181818181
62.04545454545454
62.272727272727266
62.49999999999999
62.72727272727272
62.954545454545446
63.18181818181818
63.40909090909091
63.86363636363636
64.0909090909091
64.31818181818181
64.54545454545455
64.77272727272727
65.0
65.22727272727272
65.68181818181819
66.13636363636364
66.36363636363636
66.5909090909091
66.81818181818181
67.04545454545455
67.5
67.72727272727272
67.95454545454545
68.18181818181817
68.4090909090909
68.63636363636363
68.86363636363636
69.31818181818183
69.54545454545455
69.77272727272728
70.0
70.22727272727273
70.45454545454545
70.68181818181819
71.13636363636364
71.36363636363636
71.5909090909091
71.81818181818181
72.04545454545455
72.27272727272727
72.5
72.95454545454545
73.18181818181817
73.4090909090909
73.63636363636363
74.09090909090908
74.31818181818181
74.54545454545455
75.0
75.22727272727273
75.45454545454545
75.9090909090909
76.13636363636364
76.5909090909091
76.81818181818181
77.04545454545455
77.27272727272727
77.5
77.72727272727272
77.95454545454545
78.06818181818181
78.18181818181817
78.63636363636363
78.86363636363636
79.09090909090908
79.54545454545453
79.77272727272727
80.22727272727273
80.45454545454545
80.68181818181819
80.9090909090909
81.36363636363636
81.5909090909091
81.81818181818181
82.27272727272727
82.72727272727272
83.18181818181817
83.4090909090909
83.63636363636364
83.86363636363637
84.0909090909091
84.31818181818183
84.54545454545455
85.0
85.22727272727273
85.68181818181819
85.9090909090909
86.13636363636364
86.36363636363636
86.5909090909091
86.81818181818181
87.04545454545455
87.5
87.72727272727272
87.95454545454545
88.06818181818181
88.18181818181817
88.29545454545453
88.4090909090909
88.52272727272727
88.63636363636363
89.0909090909091
89.54545454545455
89.77272727272728
90.0
90.45454545454545
90.68181818181819
90.9090909090909
91.13636363636364
91.36363636363636
91.5909090909091
91.81818181818181
92.27272727272727
92.5
92.61363636363636
92.72727272727272
93.18181818181817
93.4090909090909
93.63636363636363
94.09090909090908
94.31818181818181
94.77272727272728
95.0
95.22727272727273
95.45454545454545
95.9090909090909
96.13636363636364
96.25
96.36363636363636
96.81818181818181
97.27272727272727
97.72727272727272
97.95454545454545
98.18181818181817
98.4090909090909
98.63636363636363
98.86363636363636
99.09090909090908
99.54545454545453
99.77272727272727
100.22727272727273
100.45454545454545
100.68181818181819
101.13636363636364
101.36363636363636
101.5909090909091
101.81818181818181
102.04545454545455
102.27272727272727
102.5
102.72727272727272
102.84090909090908
102.95454545454545
103.18181818181817
103.4090909090909
103.52272727272727
103.86363636363636
104.09090909090908
104.20454545454544
104.43181818181817
104.54545454545453
104.88636363636363
105.11363636363636
105.34090909090908
105.68181818181819
105.79545454545455
105.9090909090909
106.02272727272727
106.25
106.36363636363636
106.5909090909091
106.81818181818181
107.04545454545455
107.1590909090909
107.5
107.72727272727272
107.84090909090908
107.95454545454545
108.06818181818181
108.18181818181817
108.4090909090909
108.63636363636363
108.75
108.86363636363636
109.0909090909091
109.31818181818183
109.54545454545455
109.6590909090909
109.77272727272728
109.88636363636364
110.0
110.11363636363636
110.22727272727273
110.3409090909091
110.45454545454545
110.56818181818183
110.79545454545455
111.13636363636364
111.36363636363636
111.47727272727272
111.70454545454545
111.81818181818181
111.93181818181817
112.1590909090909
112.38636363636364
112.61363636363636
112.95454545454545
113.18181818181817
113.29545454545453
113.4090909090909
113.52272727272727
113.63636363636363
113.86363636363636
114.09090909090908
114.31818181818181
114.43181818181817
114.77272727272728
115.0
115.11363636363636
115.22727272727273
115.3409090909091
115.45454545454545
115.68181818181819
115.79545454545455
116.02272727272728
116.13636363636364
116.5909090909091
116.81818181818181
117.04545454545455
117.27272727272727
117.38636363636363
117.5
117.61363636363636
117.72727272727272
117.8409090909091
117.95454545454545
118.06818181818181
