TITLE Reverse Rainbow
BPM   133.0
NOTES
08 8.571428571428571
01 8.796992481203008
08 9.022556390977442
12 9.473684210526315
06 9.924812030075186
06 10.375939849624059
12 10.827067669172932
01 11.052631578947368
04 11.278195488721805
02 11.50375939849624
08 12.631578947368421
01 13.082706766917294
04 13.533834586466165
01 13.984962406015038
04 14.436090225563909
02 14.661654135338345
08 14.887218045112782
04 15.338345864661653
08 15.789473684210526
01 16.01503759398496
03 16.69172932330827
04 16.917293233082706
12 17.59398496240601
01 17.819548872180448
03 18.496240601503757
04 18.721804511278194
08 19.849624060150376
02 20.30075187969925
01 20.75187969924812
08 21.20300751879699
02 21.654135338345863
04 21.8796992481203
08 22.105263157894736
01 22.55639097744361
02 23.00751879699248
04 23.233082706766915
02 23.45864661654135
03 23.909774436090224
09 24.360902255639097
09 24.812030075187966
05 25.263157894736842
02 25.48872180451128
10 25.93984962406015
01 27.06766917293233
04 27.518796992481203
01 27.969924812030076
02 28.421052631578945
04 28.872180451127818
08 29.097744360902254
01 29.32330827067669
02 29.774436090225564
04 30.225563909774433
08 30.45112781954887
02 30.676691729323306
04 30.902255639097742
02 31.043233082706763
04 31.12781954887218
01 31.353383458646615
08 31.804511278195484
04 31.94548872180451
02 32.03007518796992
01 32.25563909774436
04 32.70676691729323
02 32.847744360902254
08 32.932330827067666
01 33.1578947368421
08 33.29887218045113
01 33.38345864661654
02 33.45864661654135
01 33.53383458646616
02 33.609022556390975
01 33.68421052631579
02 33.7593984962406
01 33.83458646616541
02 34.06015037593985
04 34.201127819548866
08 34.285714285714285
04 34.51127819548872
02 34.73684210526316
01 34.87781954887218
08 34.962406015037594
04 35.18796992481203
02 35.328947368421055
04 35.41353383458647
08 35.6390977443609
01 35.86466165413534
08 36.00563909774436
04 36.09022556390977
02 36.315789473684205
01 36.45676691729323
08 36.54135338345864
04 36.76691729323308
02 36.992481203007515
01 37.13345864661654
08 37.21804511278195
01 37.35902255639097
08 37.44360902255639
01 37.584586466165405
04 37.669172932330824
01 37.81015037593984
04 37.89473684210526
02 38.1203007518797
08 38.26127819548872
02 38.34586466165413
04 38.57142857142857
02 38.796992481203006
08 38.93796992481203
01 39.02255639097744
08 39.16353383458646
02 39.24812030075188
04 39.473684210526315
02 39.69924812030075
08 39.92481203007519
04 40.06578947368421
02 40.150375939849624
01 40.37593984962406
08 40.6015037593985
01 40.74248120300752
08 40.82706766917293
04 40.96804511278195
08 41.05263157894737
04 41.19360902255639
02 41.278195488721806
01 41.419172932330824
08 41.503759398496236
01 41.72932330827067
02 41.8703007518797
04 41.95488721804511
02 42.180451127819545
01 42.40601503759398
08 42.546992481203006
04 42.63157894736842
02 42.77255639097744
01 42.857142857142854
08 43.08270676691729
02 43.22368421052631
04 43.30827067669173
02 43.53383458646616
08 43.67481203007519
01 43.7593984962406
02 43.900375939849624
04 43.984962406015036
08 44.21052631578947
01 44.3515037593985
04 44.43609022556391
02 44.57706766917293
04 44.661654135338345
01 44.80263157894736
08 44.88721804511278
04 45.0281954887218
02 45.11278195488722
01 45.338345864661655
08 45.47932330827068
04 45.56390977443609
08 45.704887218045116
04 45.78947368421053
02 45.93045112781955
01 46.015037593984964
08 46.15601503759399
01 46.2406015037594
08 46.381578947368425
04 46.46616541353384
02 46.69172932330827
04 46.9172932330827
08 47.14285714285714
04 47.28383458646616
02 47.368421052631575
01 47.59398496240601
08 47.81954887218045
02 47.96052631578947
04 48.045112781954884
02 48.1860902255639
04 48.27067669172932
02 48.41165413533834
08 48.49624060150376
01 48.637218045112775
08 48.721804511278194
04 48.86278195488722
02 48.94736842105263
01 49.088345864661655
08 49.17293233082707
02 49.3984962406015
08 49.62406015037594
02 49.765037593984964
04 49.849624060150376
01 49.99060150375939
08 50.07518796992481
01 50.30075187969925
08 50.441729323308266
01 50.526315789473685
08 50.75187969924812
04 50.892857142857146
08 50.97744360902256
04 51.11842105263158
08 51.203007518796994
01 51.42857142857143
04 51.569548872180455
02 51.65413533834587
08 51.795112781954884
01 51.8796992481203
08 52.02067669172932
04 52.10526315789474
02 52.24624060150376
01 52.33082706766917
04 52.556390977443606
01 52.69736842105263
08 52.78195488721804
04 53.00751879699248
02 53.233082706766915
04 53.37406015037594
08 53.45864661654135
01 53.599624060150376
02 53.68421052631579
04 53.909774436090224
08 54.13533834586466
04 54.3609022556391
02 54.50187969924812
01 54.58646616541353
04 54.81203007518797
02 55.037593984962406
08 55.17857142857143
02 55.26315789473684
04 55.40413533834587
01 55.48872180451128
04 55.629699248120296
02 55.714285714285715
08 55.85526315789473
02 55.939849624060145
08 56.16541353383458
01 56.306390977443606
02 56.39097744360902
04 56.616541353383454
02 56.84210526315789
01 56.983082706766915
08 57.06766917293233
01 57.208646616541344
08 57.29323308270676
01 57.5187969924812
04 57.65977443609022
01 57.744360902255636
04 57.96992481203007
02 58.1109022556391
08 58.19548872180451
02 58.33646616541353
08 58.421052631578945
01 58.64661654135338
02 58.787593984962406
01 58.87218045112782
02 59.013157894736835
04 59.097744360902254
08 59.23872180451127
01 59.32330827067669
02 59.46428571428571
04 59.54887218045113
02 59.774436090225564
01 59.91541353383459
08 60.0
01 60.140977443609025
04 60.225563909774436
01 60.36654135338346
08 60.45112781954887
04 60.5921052631579
02 60.67669172932331
04 60.81766917293233
08 60.902255639097746
04 61.12781954887218
02 61.35338345864661
01 61.57894736842105
08 61.71992481203007
04 61.804511278195484
02 62.03007518796992
04 62.25563909774436
08 62.39661654135338
01 62.48120300751879
04 62.62218045112782
02 62.70676691729323
04 62.84774436090225
02 62.932330827067666
04 63.073308270676684
02 63.1578947368421
08 63.29887218045113
01 63.38345864661654
08 63.524436090225564
04 63.609022556390975
02 63.83458646616541
04 64.06015037593984
08 64.20112781954887
01 64.28571428571428
08 64.42669172932331
04 64.51127819548871
02 64.73684210526315
01 64.87781954887218
08 64.96240601503759
04 65.18796992481202
02 65.32894736842104
01 65.41353383458646
02 65.55451127819548
01 65.6390977443609
08 65.86466165413533
01 66.00563909774435
02 66.09022556390977
04 66.23120300751879
08 66.3157894736842
01 66.45676691729322
04 66.54135338345864
02 66.68233082706766
08 66.76691729323308
12 67.21804511278195
02 67.44360902255639
01 67.66917293233082
09 68.1203007518797
02 68.34586466165413
04 68.57142857142857
05 69.02255639097744
02 69.24812030075188
04 69.47368421052632
08 69.69924812030075
04 69.92481203007519
02 70.15037593984962
01 70.37593984962406
09 70.82706766917293
12 71.2781954887218
12 71.72932330827068
09 72.18045112781954
04 72.40601503759397
02 72.63157894736841
08 72.85714285714285
01 73.08270676691728
08 73.53383458646616
09 73.98496240601503
12 74.4360902255639
02 74.66165413533834
04 74.88721804511277
12 75.33834586466165
01 75.56390977443608
08 75.78947368421052
10 76.2406015037594
04 76.46616541353383
02 76.69172932330827
08 76.9172932330827
01 77.14285714285714
04 77.36842105263158
02 77.59398496240601
10 78.04511278195488
09 78.49624060150376
03 78.94736842105263
06 79.3984962406015
08 79.62406015037594
04 79.84962406015038
01 80.07518796992481
09 80.30075187969925
05 80.52631578947368
05 80.75187969924812
04 80.97744360902256
06 81.203007518797
06 81.54135338345864
10 81.65413533834587
10 81.99248120300751
08 82.10526315789474
02 82.33082706766918
04 82.55639097744361
04 82.89473684210526
05 83.00751879699247
05 83.34586466165412
10 83.45864661654134
10 83.79699248120299
02 83.90977443609022
08 84.13533834586465
01 84.36090225563909
03 84.81203007518796
04 85.0375939849624
08 85.26315789473684
01 85.48872180451127
09 85.93984962406014
04 86.16541353383458
08 87.06766917293233
12 88.30827067669172
08 88.42105263157895
09 88.87218045112782
01 90.0
08 90.22556390977444
04 90.45112781954887
02 90.67669172932331
01 90.90225563909775
08 91.12781954887218
02 91.35338345864662
04 91.57894736842105
01 91.80451127819549
08 92.03007518796991
09 92.48120300751879
05 92.93233082706766
06 93.38345864661653
08 94.5563909774436
10 94.9172932330827
12 95.27819548872179
12 95.6390977443609
04 95.86466165413533
02 96.00563909774435
04 96.09022556390977
08 96.3157894736842
01 96.54135338345864
08 96.68233082706766
01 96.76691729323308
02 96.9078947368421
01 96.99248120300751
04 97.21804511278195
01 97.44360902255639
02 97.66917293233082
01 97.81015037593984
02 97.89473684210526
04 98.1203007518797
08 98.34586466165413
04 98.48684210526315
02 98.57142857142857
04 98.71240601503759
08 98.796992481203
04 98.93796992481202
02 99.02255639097744
04 99.16353383458646
08 99.24812030075188
01 99.47368421052632
08 99.61466165413533
01 99.69924812030075
08 99.92481203007519
01 100.15037593984962
08 100.29135338345864
02 100.37593984962406
08 100.51691729323308
02 100.6015037593985
04 100.82706766917293
01 100.96804511278195
08 101.05263157894737
04 101.2781954887218
02 101.41917293233082
04 101.50375939849624
02 101.64473684210526
01 101.72932330827068
08 101.95488721804512
01 102.09586466165413
02 102.18045112781955
04 102.32142857142857
08 102.40601503759399
04 102.546992481203
02 102.63157894736842
01 102.77255639097744
08 102.85714285714285
01 103.08270676691728
08 103.2236842105263
02 103.30827067669172
08 103.44924812030074
01 103.53383458646616
04 103.67481203007517
02 103.75939849624059
08 103.90037593984961
01 103.98496240601503
08 104.12593984962405
01 104.21052631578947
08 104.4360902255639
01 104.66165413533834
04 104.88721804511277
01 105.02819548872179
04 105.11278195488721
01 105.33834586466165
08 105.56390977443608
04 105.7048872180451
02 105.78947368421052
04 105.93045112781954
02 106.01503759398496
01 106.15601503759397
02 106.2406015037594
01 106.38157894736841
02 106.46616541353383
01 106.60714285714285
08 106.69172932330827
01 106.83270676691728
08 106.9172932330827
04 107.14285714285714
02 107.36842105263158
01 107.50939849624059
08 107.59398496240601
01 107.73496240601503
04 107.81954887218045
02 108.04511278195488
08 108.1860902255639
01 108.27067669172932
08 108.49624060150376
04 108.63721804511277
02 108.7218045112782
01 108.86278195488721
08 108.94736842105263
02 109.17293233082707
04 109.31390977443608
02 109.3984962406015
08 109.53947368421052
01 109.62406015037594
02 109.76503759398496
04 109.84962406015038
02 109.9906015037594
01 110.07518796992481
08 110.30075187969925
02 110.44172932330827
04 110.52631578947368
01 110.75187969924812
08 110.97744360902256
01 111.11842105263158
08 111.203007518797
02 111.34398496240601
04 111.42857142857143
01 111.65413533834587
02 111.87969924812029
04 112.10526315789473
08 112.24624060150374
01 112.33082706766916
04 112.5563909774436
02 112.78195488721803
04 112.92293233082705
01 113.00751879699247
08 113.14849624060149
04 113.23308270676691
02 113.37406015037593
04 113.45864661654134
02 113.59962406015036
01 113.68421052631578
02 113.90977443609022
01 114.05075187969923
08 114.13533834586465
04 114.36090225563909
02 114.58646616541353
04 114.72744360902254
08 114.81203007518796
04 114.95300751879698
08 115.0375939849624
01 115.26315789473684
04 115.40413533834585
01 115.48872180451127
04 115.71428571428571
01 115.85526315789473
08 115.93984962406014
01 116.08082706766916
02 116.16541353383458
01 116.39097744360902
02 116.53195488721803
01 116.61654135338345
08 116.75751879699247
04 116.84210526315789
02 116.98308270676691
04 117.06766917293233
08 117.20864661654134
04 117.29323308270676
02 117.5187969924812
01 117.65977443609022
08 117.74436090225564
02 117.88533834586465
04 117.96992481203007
02 118.11090225563909
08 118.19548872180451
01 118.33646616541353
04 118.42105263157895
02 118.56203007518796
08 118.64661654135338
01 118.87218045112782
08 119.09774436090225
04 119.32330827067669
02 119.46428571428571
01 119.54887218045113
02 119.77443609022556
04 120.0
08 120.14097744360902
01 120.22556390977444
02 120.36654135338345
01 120.45112781954887
08 120.59210526315789
02 120.67669172932331
08 120.81766917293233
01 120.90225563909773
08 121.04323308270675
04 121.12781954887217
02 121.26879699248119
01 121.3533834586466
08 121.57894736842104
01 121.80451127819548
04 121.9454887218045
02 122.03007518796991
04 122.17105263157893
01 122.25563909774435
08 122.48120300751879
02 122.6221804511278
04 122.70676691729322
01 122.93233082706766
08 123.07330827067668
04 123.1578947368421
02 123.29887218045111
01 123.38345864661653
08 123.60902255639097
01 123.74999999999999
02 123.8345864661654
04 123.97556390977442
08 124.06015037593984
04 124.20112781954886
02 124.28571428571428
01 124.4266917293233
02 124.51127819548871
06 124.96240601503759
12 125.41353383458646
01 125.6390977443609
08 125.78007518796991
04 125.86466165413533
02 126.09022556390977
01 126.23120300751879
08 126.3157894736842
10 126.76691729323308
06 127.21804511278195
01 127.44360902255639
08 127.5845864661654
01 127.66917293233082
02 127.89473684210526
04 128.03571428571428
08 128.12030075187968
12 128.57142857142856
06 129.02255639097743
03 129.4736842105263
09 129.92481203007517
08 130.26315789473682
08 130.37593984962405
08 130.7142857142857
08 130.82706766917292
01 131.05263157894734
08 131.1936090225564
01 131.2781954887218
08 131.4191729323308
01 131.50375939849621
09 131.72932330827066
