TITLE Russian Roulette
BPM   130.0
NOTES
0001 -0.001
0001 0.6913076923076923
0001 1.152846153846154
0100 1.6143846153846158
0010 2.306692307692308
1000 2.5374615384615384
1000 2.999
0100 3.460538461538462
0010 3.806692307692308
0001 3.9220769230769235
0010 4.037461538461538
0001 4.152846153846154
0010 4.268230769230769
0001 4.383615384615385
0010 4.845153846153846
0010 5.306692307692308
0001 5.768230769230769
0100 5.999
0001 6.2297692307692305
0001 6.691307692307692
1000 6.806692307692307
0010 7.037461538461538
0030 7.268230769230769
1000 7.383615384615385
0100 7.499
0010 7.6143846153846155
0001 7.7297692307692305
1000 7.845153846153846
1000 8.075923076923077
1000 8.537461538461539
0001 8.999
1000 9.229769230769232
0010 9.345153846153847
0100 9.460538461538462
0001 9.575923076923079
0100 9.691307692307694
0100 9.922076923076924
0100 10.383615384615386
0010 10.845153846153847
1000 11.191307692307692
0001 11.306692307692307
1000 11.422076923076924
0001 11.537461538461539
1000 11.652846153846154
0001 11.768230769230769
1000 12.22976923076923
1000 12.691307692307692
0001 13.152846153846154
1000 13.26823076923077
0001 13.383615384615386
0100 13.499
0001 13.614384615384616
1000 13.729769230769232
0010 13.845153846153847
0030 13.902846153846154
0100 14.075923076923077
0010 14.306692307692309
1000 14.537461538461539
0001 14.76823076923077
0001 14.999
1000 15.229769230769232
0001 15.460538461538462
1000 15.691307692307694
0100 16.152846153846152
0100 16.383615384615386
1000 16.614384615384616
0001 16.845153846153845
0010 17.075923076923075
0001 17.30669230769231
0100 17.76823076923077
0100 17.999
0010 18.229769230769232
1000 18.460538461538462
0001 18.691307692307692
0100 18.922076923076922
0100 19.152846153846156
0100 19.383615384615386
0010 19.845153846153845
0100 20.07592307692308
0001 20.30669230769231
1000 20.53746153846154
0010 20.76823076923077
1000 20.999000000000002
0001 21.460538461538462
2000 21.691307692307692
3000 21.80669230769231
0200 21.922076923076926
0300 22.152846153846152
0020 22.614384615384612
0030 22.845153846153845
0002 23.075923076923075
0003 23.306692307692305
0100 23.537461538461535
0001 23.999
0010 24.22976923076923
0100 24.46053846153846
1000 24.691307692307692
0010 25.152846153846152
1000 25.383615384615382
0010 25.614384615384616
0100 25.845153846153845
0001 26.075923076923075
0001 26.306692307692305
0010 26.53746153846154
0100 26.76823076923077
0100 26.999
1000 27.22976923076923
0010 27.460538461538462
2000 28.383615384615386
3000 28.614384615384616
0001 28.845153846153845
1000 29.075923076923075
0001 29.30669230769231
0200 29.53746153846154
0300 29.652846153846156
0010 30.229769230769232
2000 30.460538461538462
3000 30.57592307692308
0001 31.152846153846156
0010 31.383615384615386
0100 31.614384615384616
1000 31.845153846153845
0002 32.07592307692308
0003 32.53746153846154
0200 33.229769230769236
0320 33.46053846153847
2030 33.691307692307696
3200 33.92207692307693
2300 34.152846153846156
3002 34.38361538461539
0023 34.61438461538462
0032 34.84515384615385
0003 35.53746153846154
1000 36.229769230769236
0010 36.46053846153847
0100 36.691307692307696
0010 36.92207692307693
1000 37.61438461538462
0001 37.84515384615385
0010 38.53746153846154
0100 38.768230769230776
0010 38.99900000000001
0001 39.229769230769236
1000 39.46053846153847
0010 40.15284615384616
0100 40.38361538461539
0110 40.61438461538462
0010 40.845153846153856
1010 41.07592307692308
1000 41.306692307692316
1001 41.53746153846154
1000 41.768230769230776
0100 41.99900000000001
2000 42.229769230769236
0010 42.46053846153847
3000 42.92207692307693
0001 43.61438461538462
1000 43.845153846153856
0001 44.07592307692308
0010 44.30669230769231
0100 44.76823076923077
0100 44.999
0100 45.22976923076923
1000 45.691307692307696
0010 46.152846153846156
0100 46.38361538461539
0001 46.614384615384616
0010 46.84515384615385
0001 47.30669230769231
0010 47.53746153846154
0100 47.76823076923077
1000 47.999
0001 48.229769230769236
0010 48.46053846153846
0100 48.691307692307696
0100 48.92207692307692
0100 49.152846153846156
0010 49.38361538461539
0100 49.614384615384616
1000 49.84515384615385
0001 50.07592307692308
0100 50.30669230769231
0010 50.53746153846154
0100 50.999
0001 51.229769230769236
0100 51.46053846153846
0010 51.691307692307696
0010 51.92207692307693
0100 52.152846153846156
0001 52.38361538461539
0010 52.614384615384616
0100 52.84515384615385
1000 53.07592307692308
1000 53.30669230769231
0010 53.53746153846154
0010 53.768230769230776
0100 53.999
0001 54.229769230769236
0100 54.46053846153846
0001 54.691307692307696
1000 54.92207692307693
0010 55.152846153846156
1000 55.38361538461539
0010 55.61438461538462
0100 55.84515384615385
0010 56.07592307692308
1000 56.30669230769231
0001 56.53746153846154
0010 56.768230769230776
0100 56.999
0100 57.46053846153847
0100 57.92207692307693
1000 58.38361538461539
0010 58.61438461538462
1000 59.07592307692308
1000 59.768230769230776
1000 60.229769230769236
0010 60.691307692307696
0010 61.38361538461539
0010 61.61438461538462
0010 62.07592307692308
0100 62.53746153846154
0001 62.88361538461539
1000 62.99900000000001
0001 63.11438461538462
1000 63.229769230769236
0001 63.345153846153856
1000 63.46053846153847
0001 63.92207692307693
0010 64.38361538461538
0010 64.84515384615383
0010 65.07592307692308
0010 65.3066923076923
0010 65.76823076923077
0001 65.999
0010 66.22976923076922
0100 66.46053846153846
0100 66.69130769230769
1000 66.92207692307693
1000 67.15284615384616
0010 67.38361538461538
0010 67.61438461538462
0100 67.84515384615385
0100 68.07592307692308
0001 68.3066923076923
0001 68.53746153846153
1000 68.76823076923077
1000 68.999
0100 69.22976923076922
0100 69.46053846153846
0010 69.69130769230769
0010 69.92207692307692
0100 70.15284615384616
0010 70.38361538461538
0001 70.61438461538462
0001 70.84515384615385
1000 71.07592307692308
0010 71.30669230769232
0100 71.53746153846154
0100 71.76823076923077
0100 72.22976923076922
0001 73.03746153846153
0003 73.499
0100 73.84515384615385
0001 74.30669230769232
1000 74.76823076923077
0010 74.99900000000001
0200 75.46053846153846
0300 76.15284615384616
0020 76.38361538461538
0030 76.61438461538461
1000 76.84515384615385
0010 76.96053846153846
1000 77.07592307692308
0100 77.53746153846154
0010 77.76823076923077
0100 77.99900000000001
0010 78.22976923076924
0001 78.46053846153846
1000 78.6913076923077
0100 79.15284615384616
1000 79.61438461538461
0010 80.07592307692308
1000 80.3066923076923
0001 80.53746153846154
1000 80.76823076923077
0001 80.999
0010 81.22976923076924
0100 81.6913076923077
0100 81.92207692307693
0100 82.15284615384616
1000 82.61438461538462
0010 83.07592307692308
0100 83.3066923076923
0001 83.53746153846154
0010 83.76823076923077
0001 83.999
0010 84.22976923076924
0001 84.46053846153846
0012 84.69130769230769
0003 85.3836153846154
2001 85.61438461538462
3000 86.1913076923077
1020 86.53746153846154
0030 86.88361538461538
0100 86.999
0010 87.22976923076924
0200 87.46053846153846
0300 88.499
0001 88.61438461538461
0001 89.3066923076923
0001 89.76823076923077
0100 90.22976923076922
0010 90.92207692307693
1000 91.15284615384616
1000 91.61438461538462
0100 92.07592307692308
0010 92.42207692307692
0001 92.53746153846153
0010 92.65284615384614
0001 92.76823076923077
0010 92.88361538461538
0001 92.999
0001 93.46053846153846
0001 93.92207692307692
0100 94.38361538461538
0010 94.61438461538462
1000 94.84515384615385
0001 95.30669230769232
1000 95.53746153846154
0001 95.76823076923077
0100 95.999
0010 96.46053846153846
0010 96.69130769230769
0010 96.92207692307692
1000 97.38361538461538
0100 97.84515384615385
0010 98.07592307692308
0001 98.30669230769232
1000 98.53746153846154
0001 98.99900000000001
0100 99.46053846153846
0001 99.8066923076923
0010 99.92207692307692
0001 100.03746153846153
0010 100.15284615384616
0001 100.26823076923077
0010 100.38361538461538
0001 100.84515384615385
0020 101.3066923076923
0030 101.53746153846154
0100 101.76823076923077
0100 101.99900000000001
0100 102.22976923076924
0200 102.6913076923077
0300 102.74900000000001
