TITLE Scrap Shortage
BPM   170.0
NOTES
01 11.294117647058824
08 11.470588235294118
02 11.647058823529413
08 11.823529411764707
01 12.0
04 12.176470588235295
02 12.352941176470589
08 12.441176470588236
02 12.529411764705884
08 12.61764705882353
01 12.705882352941178
02 12.882352941176471
04 13.058823529411766
08 13.23529411764706
02 13.411764705882353
04 13.588235294117649
01 13.764705882352942
08 13.852941176470589
01 13.941176470588236
08 14.029411764705884
02 14.11764705882353
04 14.294117647058824
01 14.47058823529412
08 14.647058823529413
04 14.823529411764707
08 15.000000000000002
04 15.176470588235295
02 15.264705882352942
04 15.35294117647059
02 15.441176470588237
01 15.529411764705884
08 15.705882352941178
02 15.882352941176473
08 16.058823529411768
01 16.23529411764706
04 16.323529411764707
01 16.411764705882355
08 16.5
02 16.58823529411765
04 16.676470588235297
01 16.764705882352942
08 16.85294117647059
01 16.941176470588236
02 17.11764705882353
04 17.294117647058822
02 17.47058823529412
01 17.647058823529413
08 17.823529411764707
02 18.0
08 18.08823529411765
02 18.176470588235293
08 18.264705882352942
01 18.35294117647059
08 18.529411764705884
04 18.705882352941178
02 18.882352941176475
01 19.058823529411768
08 19.23529411764706
01 19.411764705882355
02 19.500000000000004
01 19.58823529411765
08 19.676470588235297
02 19.764705882352942
08 19.85294117647059
02 19.941176470588236
04 20.029411764705884
01 20.11764705882353
08 20.205882352941178
04 20.294117647058826
02 20.38235294117647
01 20.47058823529412
02 20.558823529411764
04 20.647058823529413
08 20.735294117647058
01 20.823529411764707
04 20.911764705882355
02 21.0
08 21.08823529411765
01 21.176470588235297
01 21.529411764705884
08 21.70588235294118
04 21.764705882352946
08 21.82352941176471
04 21.882352941176475
02 21.97058823529412
01 22.147058823529413
08 22.32352941176471
02 22.411764705882355
08 22.58823529411765
04 22.764705882352942
08 22.941176470588236
04 23.117647058823533
02 23.294117647058826
04 23.47058823529412
02 23.647058823529413
04 23.823529411764707
02 24.0
01 24.176470588235293
02 24.352941176470587
01 24.529411764705884
08 24.705882352941178
01 24.88235294117647
08 25.058823529411764
01 25.235294117647058
04 25.411764705882355
02 25.58823529411765
04 25.764705882352942
02 25.94117647058824
08 26.117647058823533
02 26.294117647058826
08 26.47058823529412
02 26.647058823529413
04 26.823529411764707
01 27.0
04 27.176470588235293
01 27.35294117647059
08 27.529411764705884
04 27.705882352941178
08 27.88235294117647
04 28.058823529411764
02 28.23529411764706
01 28.411764705882355
02 28.58823529411765
01 28.764705882352946
08 28.94117647058824
02 29.117647058823533
08 29.294117647058826
02 29.47058823529412
04 29.647058823529413
01 29.823529411764707
04 30.0
01 30.176470588235297
08 30.35294117647059
04 30.529411764705884
08 30.705882352941178
04 30.88235294117647
02 31.058823529411768
01 31.23529411764706
02 31.411764705882355
01 31.588235294117652
02 31.764705882352946
04 31.94117647058824
02 32.117647058823536
04 32.294117647058826
08 32.47058823529412
01 32.64705882352942
08 32.82352941176471
01 33.00000000000001
04 33.1764705882353
01 33.352941176470594
04 33.52941176470589
01 33.70588235294118
08 33.88235294117647
02 34.05882352941177
08 34.23529411764706
02 34.411764705882355
08 34.588235294117645
04 34.76470588235294
08 34.94117647058824
04 35.11764705882353
02 35.294117647058826
01 35.47058823529412
02 35.64705882352941
01 35.82352941176471
08 36.0
02 36.1764705882353
08 36.352941176470594
02 36.529411764705884
04 36.70588235294118
08 36.88235294117648
04 37.05882352941177
08 37.235294117647065
04 37.411764705882355
01 37.58823529411765
04 37.76470588235295
01 37.94117647058824
02 38.11764705882353
08 38.294117647058826
02 38.470588235294116
08 38.64705882352941
02 38.8235294117647
01 39.0
02 39.1764705882353
01 39.35294117647059
08 39.44117647058823
01 39.529411764705884
08 39.70588235294118
02 39.88235294117647
04 40.05882352941177
01 40.23529411764706
08 40.411764705882355
04 40.58823529411765
02 40.76470588235294
01 40.94117647058824
04 41.117647058823536
02 41.294117647058826
04 41.47058823529412
01 41.64705882352941
08 41.82352941176471
04 42.00000000000001
02 42.1764705882353
01 42.352941176470594
08 42.44117647058824
02 42.52941176470589
04 42.617647058823536
01 42.70588235294118
08 42.794117647058826
04 42.88235294117648
08 42.97058823529412
01 43.05882352941177
04 43.14705882352942
01 43.235294117647065
08 43.32352941176471
04 43.41176470588236
02 43.50000000000001
04 43.58823529411765
08 43.6764705882353
01 43.76470588235294
04 43.94117647058824
01 44.11764705882353
04 44.294117647058826
04 44.64705882352941
04 45.0
01 45.1764705882353
08 45.352941176470594
02 45.529411764705884
08 45.70588235294118
04 45.88235294117647
02 46.05882352941177
01 46.235294117647065
08 46.32352941176471
02 46.411764705882355
04 46.5
01 46.58823529411765
08 46.76470588235295
04 46.94117647058824
08 47.117647058823536
01 47.294117647058826
02 47.47058823529412
04 47.64705882352942
02 47.735294117647065
01 47.82352941176471
08 47.911764705882355
02 48.0
08 48.1764705882353
01 48.35294117647059
04 48.529411764705884
02 48.705882352941174
08 48.88235294117647
02 49.05882352941177
08 49.14705882352941
02 49.23529411764706
04 49.3235294117647
01 49.411764705882355
08 49.58823529411765
04 49.76470588235294
08 49.94117647058824
02 50.11764705882353
04 50.20588235294118
02 50.294117647058826
08 50.38235294117647
01 50.47058823529412
02 50.55882352941177
04 50.64705882352941
02 50.73529411764706
01 50.82352941176471
08 51.00000000000001
04 51.1764705882353
02 51.352941176470594
04 51.529411764705884
08 51.70588235294118
01 51.88235294117648
04 51.97058823529412
02 52.05882352941177
04 52.14705882352941
02 52.235294117647065
08 52.41176470588236
01 52.58823529411765
04 52.76470588235295
02 52.94117647058824
08 53.117647058823536
01 53.29411764705883
02 53.38235294117648
04 53.47058823529412
08 53.55882352941177
01 53.64705882352941
04 53.82352941176471
02 54.0
08 54.1764705882353
01 54.35294117647059
04 54.529411764705884
02 54.70588235294118
08 54.794117647058826
02 54.88235294117647
04 54.970588235294116
01 55.05882352941177
08 55.235294117647065
02 55.411764705882355
04 55.5
01 55.58823529411765
04 55.6764705882353
02 55.76470588235294
08 55.852941176470594
01 55.94117647058824
02 56.029411764705884
04 56.117647058823536
08 56.294117647058826
01 56.47058823529412
08 56.64705882352942
02 56.82352941176471
04 57.00000000000001
02 57.1764705882353
08 57.352941176470594
01 57.52941176470589
02 57.617647058823536
04 57.70588235294118
08 57.794117647058826
04 57.88235294117647
08 58.05882352941177
01 58.23529411764706
04 58.411764705882355
02 58.588235294117645
04 58.76470588235294
01 58.94117647058824
08 59.029411764705884
01 59.11764705882353
04 59.205882352941174
01 59.294117647058826
02 59.47058823529412
04 59.64705882352941
02 59.82352941176471
01 60.0
08 60.1764705882353
02 60.352941176470594
04 60.44117647058824
02 60.529411764705884
08 60.61764705882353
02 60.70588235294118
04 60.88235294117648
01 61.05882352941177
08 61.235294117647065
02 61.411764705882355
04 61.50000000000001
01 61.58823529411765
04 61.6764705882353
02 61.76470588235295
08 61.852941176470594
01 61.94117647058824
08 62.029411764705884
04 62.117647058823536
02 62.29411764705883
04 62.47058823529412
08 62.64705882352942
01 62.82352941176471
04 63.00000000000001
01 63.176470588235304
04 63.26470588235295
02 63.352941176470594
04 63.44117647058824
01 63.529411764705884
08 63.70588235294118
01 63.88235294117647
02 64.05882352941177
04 64.23529411764706
08 64.41176470588235
04 64.58823529411765
02 64.67647058823529
01 64.76470588235294
08 64.8529411764706
02 64.94117647058825
04 65.0294117647059
01 65.11764705882354
08 65.20588235294119
01 65.29411764705884
02 65.38235294117648
04 65.47058823529413
08 65.55882352941178
01 65.64705882352942
04 65.73529411764707
02 65.82352941176471
04 65.91176470588236
01 66.00000000000001
08 66.08823529411765
04 66.1764705882353
02 66.26470588235296
04 66.3529411764706
04 66.70588235294119
08 67.76470588235294
08 68.11764705882354
08 68.47058823529412
01 69.1764705882353
01 69.5294117647059
01 69.88235294117648
04 70.58823529411765
04 70.94117647058825
04 71.29411764705883
01 73.41176470588236
01 73.76470588235296
01 74.11764705882354
08 74.82352941176471
08 75.1764705882353
08 75.52941176470588
04 76.23529411764706
04 76.58823529411765
04 76.94117647058823
12 79.05882352941177
12 79.41176470588236
12 79.76470588235294
12 80.11764705882354
05 80.47058823529412
05 80.82352941176471
05 81.17647058823529
05 81.52941176470588
09 81.88235294117648
09 82.23529411764707
09 82.58823529411765
09 82.94117647058825
10 83.29411764705883
10 83.64705882352942
10 84.0
10 84.3529411764706
02 84.52941176470588
08 84.61764705882354
01 84.70588235294119
02 84.88235294117648
04 85.05882352941178
02 85.23529411764707
01 85.41176470588236
08 85.58823529411765
01 85.76470588235296
04 85.94117647058825
02 86.11764705882354
08 86.29411764705883
01 86.47058823529413
02 86.64705882352942
04 86.82352941176471
02 87.0
04 87.1764705882353
08 87.3529411764706
01 87.52941176470588
02 87.61764705882354
01 87.70588235294117
02 87.79411764705883
04 87.88235294117648
08 87.97058823529412
01 88.05882352941177
04 88.14705882352942
01 88.23529411764706
04 88.32352941176471
02 88.41176470588235
08 88.5
01 88.58823529411765
02 88.67647058823529
01 88.76470588235294
08 88.8529411764706
01 88.94117647058825
09 90.3529411764706
02 90.44117647058825
04 90.70588235294119
01 90.97058823529413
08 91.14705882352942
04 91.41176470588236
02 91.6764705882353
01 91.8529411764706
08 92.11764705882354
02 92.38235294117648
08 92.55882352941177
01 92.82352941176471
02 93.08823529411765
04 93.26470588235296
08 93.5294117647059
01 93.79411764705884
04 93.97058823529413
02 94.23529411764707
08 94.50000000000001
04 94.6764705882353
02 94.94117647058825
01 95.20588235294119
08 95.38235294117648
02 95.64705882352942
08 95.91176470588236
01 96.08823529411765
02 96.3529411764706
04 96.61764705882354
02 96.79411764705883
01 97.05882352941177
08 97.32352941176471
02 97.50000000000001
04 97.76470588235296
01 98.0294117647059
02 98.20588235294119
04 98.47058823529413
08 98.73529411764707
01 98.91176470588236
04 99.1764705882353
01 99.44117647058825
08 99.61764705882354
04 99.88235294117648
02 100.14705882352942
01 100.32352941176472
08 100.58823529411767
02 100.85294117647061
04 101.0294117647059
02 101.29411764705884
08 101.55882352941178
01 101.64705882352942
04 101.73529411764707
02 101.91176470588236
08 102.00000000000001
01 102.26470588235296
08 102.44117647058825
02 102.61764705882354
08 102.70588235294119
04 102.97058823529413
02 103.14705882352942
01 103.32352941176471
08 103.41176470588236
02 103.6764705882353
04 103.8529411764706
02 104.02941176470588
08 104.11764705882354
01 104.38235294117648
02 104.55882352941178
04 104.73529411764707
08 104.82352941176472
01 105.08823529411767
04 105.26470588235296
01 105.44117647058825
04 105.5294117647059
02 105.79411764705884
08 105.97058823529413
01 106.14705882352942
02 106.23529411764707
01 106.50000000000001
04 106.6764705882353
02 106.8529411764706
04 106.94117647058825
01 107.20588235294119
08 107.38235294117648
04 107.55882352941177
02 107.64705882352942
01 107.91176470588236
08 108.08823529411765
01 108.26470588235294
08 108.3529411764706
02 108.61764705882354
04 108.79411764705884
01 108.97058823529413
08 109.05882352941178
04 109.32352941176472
02 109.50000000000001
01 109.6764705882353
08 109.76470588235296
02 110.0294117647059
04 110.20588235294119
01 110.38235294117648
08 110.47058823529413
04 110.73529411764707
02 110.91176470588236
01 111.08823529411765
08 111.1764705882353
02 111.44117647058825
04 111.61764705882354
01 111.79411764705883
08 111.88235294117648
02 112.14705882352942
08 112.32352941176471
01 112.5
08 112.58823529411765
02 112.8529411764706
04 112.94117647058825
01 113.0294117647059
08 113.20588235294119
02 113.29411764705884
04 113.47058823529413
01 113.55882352941178
08 113.73529411764707
02 113.91176470588236
08 114.00000000000001
01 114.1764705882353
02 114.26470588235296
04 114.44117647058825
02 114.61764705882354
01 114.70588235294119
08 114.88235294117648
02 114.97058823529413
04 115.14705882352942
01 115.32352941176471
08 115.41176470588236
01 115.58823529411765
02 115.6764705882353
04 115.8529411764706
08 116.02941176470588
01 116.11764705882354
04 116.29411764705883
02 116.38235294117648
08 116.55882352941177
01 116.73529411764706
08 116.82352941176471
04 117.0
02 117.08823529411765
01 117.26470588235296
08 117.44117647058825
01 117.5294117647059
04 117.70588235294119
02 117.79411764705884
08 117.97058823529413
01 118.14705882352942
08 118.23529411764707
04 118.41176470588236
02 118.50000000000001
01 118.6764705882353
08 118.8529411764706
01 118.94117647058825
04 119.11764705882354
02 119.20588235294119
08 119.38235294117648
01 119.55882352941177
02 119.64705882352942
04 119.82352941176471
02 119.91176470588236
01 120.08823529411767
08 120.26470588235296
02 120.35294117647061
04 120.5294117647059
01 120.61764705882355
08 120.79411764705884
01 120.97058823529413
02 121.05882352941178
04 121.23529411764707
08 121.32352941176472
01 121.50000000000001
08 121.6764705882353
02 121.76470588235296
04 121.94117647058825
02 122.0294117647059
08 122.20588235294119
01 122.38235294117648
02 122.47058823529413
04 122.64705882352942
02 122.73529411764707
01 122.91176470588236
08 123.08823529411765
01 123.1764705882353
04 123.3529411764706
02 123.44117647058825
08 123.61764705882354
01 123.79411764705883
02 123.88235294117648
04 124.05882352941177
08 124.14705882352942
01 124.23529411764707
08 124.32352941176472
02 124.50000000000001
08 124.58823529411767
01 124.76470588235296
04 124.85294117647061
02 124.94117647058825
08 125.0294117647059
01 125.20588235294119
02 125.29411764705884
04 125.47058823529413
02 125.55882352941178
01 125.64705882352942
08 125.73529411764707
01 125.91176470588236
04 126.00000000000001
02 126.1764705882353
08 126.26470588235296
01 126.3529411764706
08 126.44117647058825
04 126.61764705882354
08 126.70588235294119
04 126.88235294117648
02 126.97058823529413
01 127.05882352941177
08 127.14705882352942
01 127.32352941176471
04 127.41176470588236
01 127.58823529411765
04 127.6764705882353
02 127.76470588235294
08 127.8529411764706
01 128.02941176470588
02 128.11764705882354
04 128.29411764705884
02 128.38235294117646
01 128.47058823529412
08 128.55882352941177
01 128.73529411764704
04 128.8235294117647
02 129.0
08 129.08823529411765
04 129.1764705882353
02 129.26470588235293
01 129.44117647058823
02 129.52941176470588
01 129.7058823529412
04 129.7941176470588
01 129.8823529411765
08 129.97058823529414
02 130.14705882352942
04 130.23529411764707
01 130.41176470588238
08 130.50000000000003
01 130.58823529411768
08 130.6764705882353
04 130.8529411764706
02 130.94117647058826
01 131.11764705882356
04 131.2058823529412
01 131.29411764705884
04 131.3823529411765
02 131.55882352941177
08 131.64705882352942
01 131.82352941176472
02 131.91176470588238
04 132.00000000000003
08 132.08823529411765
02 132.26470588235296
04 132.3529411764706
01 132.5294117647059
08 132.61764705882354
01 132.7058823529412
04 132.79411764705884
02 132.8823529411765
08 132.97058823529412
01 133.05882352941177
08 133.14705882352942
01 133.23529411764707
02 133.32352941176472
04 133.41176470588238
08 133.5
01 133.58823529411765
08 133.6764705882353
01 133.76470588235296
04 133.8529411764706
02 133.94117647058826
08 134.02941176470588
01 134.11764705882354
04 134.2058823529412
01 134.38235294117646
04 134.47058823529412
01 134.64705882352942
04 134.73529411764707
01 134.82352941176472
08 134.91176470588235
01 135.08823529411765
08 135.1764705882353
01 135.3529411764706
08 135.44117647058823
01 135.52941176470588
01 138.5294117647059
