TITLE Second Heaven
BPM   183.0
NOTES
0001 1.3114754098360655
0010 1.4754098360655736
0100 1.6393442622950818
0010 1.80327868852459
0001 1.9672131147540983
1000 2.1311475409836063
0010 2.2131147540983607
1000 2.2950819672131146
0001 2.4590163934426226
0100 2.540983606557377
0001 2.622950819672131
1000 2.7868852459016393
0010 2.9508196721311473
0010 3.1147540983606556
0100 3.2786885245901636
0001 3.442622950819672
1000 3.524590163934426
0001 3.60655737704918
1000 3.7704918032786883
0100 3.9344262295081966
1000 4.098360655737705
0010 4.262295081967213
1000 4.426229508196721
0001 4.590163934426229
0100 4.754098360655737
0010 4.836065573770492
0100 4.918032786885246
0001 5.081967213114754
1000 5.163934426229508
0100 5.245901639344262
0010 5.40983606557377
0001 5.573770491803279
0001 5.737704918032787
1000 5.9016393442622945
0010 6.0655737704918025
0100 6.147540983606557
0010 6.229508196721311
1000 6.393442622950819
1000 6.557377049180327
0001 6.721311475409835
0100 6.885245901639344
0001 7.049180327868852
0010 7.21311475409836
0100 7.377049180327868
1000 7.459016393442623
0100 7.5409836065573765
0010 7.7049180327868845
0001 7.786885245901638
1000 7.868852459016393
0010 8.032786885245901
0100 8.19672131147541
0100 8.360655737704917
0001 8.524590163934427
1000 8.688524590163935
0100 8.770491803278688
1000 8.852459016393443
0010 9.01639344262295
1000 9.180327868852459
0001 9.344262295081966
0100 9.508196721311474
0010 9.672131147540982
0100 9.836065573770492
0001 10.0
1000 10.081967213114753
0001 10.163934426229508
1000 10.327868852459016
0100 10.40983606557377
1000 10.491803278688524
0001 10.655737704918032
0100 10.81967213114754
0100 10.983606557377048
0010 11.147540983606557
1000 11.311475409836065
0001 11.393442622950818
1000 11.475409836065573
0100 11.557377049180328
1000 11.639344262295081
0100 11.721311475409836
0010 11.803278688524589
0001 11.967213114754097
0100 12.131147540983605
0001 12.295081967213113
1000 12.459016393442623
0010 12.62295081967213
0100 12.704918032786884
0001 12.786885245901638
0010 12.950819672131146
0100 13.032786885245901
1000 13.114754098360654
0001 13.278688524590162
1000 13.44262295081967
1000 13.606557377049178
0100 13.770491803278688
0010 13.934426229508196
0001 14.016393442622949
1000 14.098360655737704
0001 14.262295081967212
0100 14.42622950819672
0010 14.590163934426227
0100 14.754098360655735
0001 14.918032786885243
1000 15.081967213114753
0100 15.245901639344261
0010 15.327868852459014
0100 15.409836065573769
1000 15.573770491803277
0001 15.655737704918032
0100 15.737704918032787
0001 15.901639344262295
0010 16.065573770491802
0010 16.229508196721312
0100 16.39344262295082
1000 16.557377049180328
0010 16.639344262295083
0100 16.721311475409834
0001 16.885245901639344
1001 17.04918032786885
1000 17.21311475409836
0100 17.377049180327866
0010 17.45901639344262
0100 17.540983606557376
0010 17.622950819672127
0001 17.704918032786882
1000 17.786885245901637
0001 17.86885245901639
0100 17.950819672131146
0010 18.032786885245898
0100 18.114754098360653
0001 18.196721311475407
1000 18.278688524590162
0010 18.360655737704917
0010 18.524590163934427
0100 18.688524590163933
0001 18.770491803278688
1000 18.852459016393443
0100 18.934426229508198
0010 19.01639344262295
0100 19.098360655737704
1000 19.18032786885246
0001 19.262295081967213
0100 19.344262295081965
0010 19.42622950819672
0100 19.508196721311474
0001 19.59016393442623
1000 19.67213114754098
1000 19.83606557377049
0100 19.999999999999996
0010 20.08196721311475
0100 20.163934426229506
1000 20.24590163934426
0001 20.327868852459012
0001 20.491803278688522
0100 20.655737704918028
0010 20.737704918032783
0100 20.819672131147538
0001 20.901639344262293
1000 20.983606557377048
0010 21.065573770491802
0100 21.147540983606557
0010 21.22950819672131
0100 21.311475409836063
0001 21.39344262295082
1000 21.475409836065573
0100 21.557377049180324
0010 21.63934426229508
0031 21.80327868852459
1000 21.885245901639344
3001 22.04918032786885
0010 22.131147540983605
0031 22.295081967213115
1000 22.37704918032787
0001 22.459016393442624
1000 22.540983606557376
0010 22.62295081967213
1000 22.704918032786885
0010 22.78688524590164
1000 22.868852459016395
0001 22.950819672131146
0100 23.0327868852459
0001 23.114754098360656
0100 23.19672131147541
0010 23.278688524590162
1000 23.360655737704917
0010 23.442622950819672
1000 23.524590163934427
0001 23.606557377049178
1000 23.688524590163933
0001 23.770491803278688
1000 23.85245901639344
0001 23.934426229508194
0010 24.01639344262295
0001 24.098360655737704
0010 24.18032786885246
0100 24.26229508196721
0010 24.344262295081965
0100 24.42622950819672
0010 24.508196721311474
0100 24.590163934426226
1000 24.67213114754098
0100 24.754098360655735
1000 24.83606557377049
0001 24.918032786885245
0100 25.0
0010 25.081967213114755
0100 25.163934426229506
0001 25.24590163934426
1000 25.327868852459016
0010 25.40983606557377
0100 25.491803278688522
0001 25.573770491803277
0100 25.65573770491803
0010 25.737704918032787
0100 25.81967213114754
0001 25.901639344262293
0100 25.983606557377048
0010 26.065573770491802
0100 26.147540983606557
0001 26.22950819672131
1000 26.311475409836063
0100 26.39344262295082
0010 26.47540983606557
0100 26.557377049180324
1000 26.63934426229508
0100 26.721311475409834
0010 26.803278688524586
0001 26.88524590163934
0010 26.967213114754095
0100 27.04918032786885
1000 27.131147540983605
0001 27.213114754098356
0010 27.29508196721311
0100 27.377049180327866
1000 27.45901639344262
0001 27.540983606557376
0100 27.62295081967213
0010 27.704918032786885
0100 27.786885245901637
0001 27.86885245901639
0100 27.950819672131146
0010 28.0327868852459
1000 28.114754098360656
0010 28.196721311475407
0100 28.278688524590162
0001 28.360655737704917
1000 28.442622950819672
0010 28.524590163934423
0100 28.606557377049178
0001 28.688524590163933
1000 28.770491803278688
0001 28.85245901639344
0010 28.934426229508194
0100 29.01639344262295
1000 29.0983606557377
0100 29.180327868852455
0010 29.26229508196721
0100 29.344262295081965
1000 29.42622950819672
0001 29.50819672131147
0010 29.590163934426226
0100 29.67213114754098
1000 29.754098360655735
0100 29.836065573770487
0010 29.91803278688524
0001 29.999999999999996
1000 30.08196721311475
0001 30.163934426229506
0100 30.24590163934426
0010 30.327868852459016
0100 30.409836065573767
0001 30.491803278688522
0100 30.573770491803277
0010 30.65573770491803
1000 30.737704918032783
0001 30.819672131147538
0100 30.901639344262293
0001 30.983606557377048
0100 31.065573770491802
0010 31.147540983606554
1000 31.22950819672131
0010 31.311475409836063
0100 31.39344262295082
0001 31.475409836065573
1000 31.557377049180328
0100 31.639344262295083
1000 31.721311475409834
0001 31.80327868852459
0010 31.885245901639344
0001 31.9672131147541
1000 32.049180327868854
0100 32.131147540983605
0010 32.21311475409836
0100 32.295081967213115
1000 32.377049180327866
0001 32.459016393442624
0010 32.540983606557376
0100 32.62295081967213
0010 32.704918032786885
0001 32.78688524590164
2000 32.950819672131146
3020 33.114754098360656
0230 33.27868852459016
0301 33.44262295081967
2000 33.60655737704918
3020 33.77049180327869
0230 33.93442622950819
0301 34.0983606557377
2000 34.26229508196721
3020 34.42622950819672
0230 34.59016393442622
0302 34.75409836065573
0203 34.91803278688524
0320 35.08196721311475
2030 35.245901639344254
3001 35.40983606557377
0020 35.57377049180328
0230 35.73770491803279
2300 35.90163934426229
3001 36.0655737704918
0020 36.22950819672131
0230 36.39344262295082
2300 36.55737704918033
3002 36.721311475409834
0023 36.885245901639344
0230 37.049180327868854
0320 37.213114754098356
0032 37.377049180327866
0013 37.540983606557376
0100 37.62295081967213
2000 37.704918032786885
3002 37.868852459016395
1003 38.0327868852459
1000 38.19672131147541
0001 38.36065573770492
0100 38.44262295081967
0010 38.52459016393442
0100 38.60655737704918
0001 38.68852459016393
1000 38.77049180327869
0100 38.85245901639344
0010 38.93442622950819
0100 39.01639344262295
1000 39.0983606557377
0001 39.18032786885246
0010 39.26229508196721
0100 39.34426229508196
0100 39.50819672131147
0010 39.67213114754098
0001 39.75409836065573
1000 39.83606557377048
0010 39.91803278688524
0100 39.99999999999999
0001 40.08196721311475
0100 40.1639344262295
0010 40.245901639344254
1000 40.32786885245901
0001 40.409836065573764
0010 40.49180327868852
0100 40.57377049180327
1000 40.65573770491803
1000 40.81967213114754
0100 40.98360655737705
0010 41.0655737704918
0100 41.147540983606554
0010 41.22950819672131
0001 41.31147540983606
0001 41.47540983606557
0100 41.63934426229508
0010 41.721311475409834
0100 41.803278688524586
0010 41.885245901639344
1000 41.967213114754095
0001 42.04918032786885
1000 42.131147540983605
0001 42.213114754098356
0100 42.295081967213115
0010 42.377049180327866
1000 42.45901639344262
0010 42.540983606557376
0100 42.62295081967213
0301 42.78688524590164
1000 42.86885245901639
3001 43.0327868852459
0100 43.11475409836065
0302 43.27868852459016
2003 44.59016393442623
3200 44.91803278688525
0302 45.24590163934426
0203 45.57377049180328
1300 45.90163934426229
0001 46.22950819672131
1001 46.557377049180324
1000 46.885245901639344
0010 47.540983606557376
0110 47.86885245901639
0100 48.19672131147541
0001 48.52459016393442
1000 48.85245901639344
1100 49.18032786885245
0100 49.50819672131147
0010 50.16393442622951
0110 50.49180327868852
0100 50.81967213114754
1000 51.147540983606554
0001 51.47540983606557
1001 51.803278688524586
1000 52.131147540983605
0010 52.78688524590164
0110 53.11475409836065
0100 53.44262295081967
0010 53.77049180327869
1000 54.09836065573771
1001 54.42622950819672
0001 54.75409836065574
1000 55.40983606557377
1010 55.73770491803278
0010 56.0655737704918
1000 56.393442622950815
0001 56.557377049180324
0100 56.721311475409834
0001 56.88524590163934
1000 57.04918032786885
0001 57.213114754098356
0100 57.377049180327866
0001 57.540983606557376
1000 57.70491803278688
0100 57.86885245901639
0010 58.0327868852459
0100 58.1967213114754
1000 58.36065573770491
0100 58.52459016393442
0010 58.68852459016393
0100 58.85245901639344
1000 59.01639344262295
0001 59.18032786885246
0010 59.34426229508197
0001 59.50819672131147
1000 59.67213114754098
0001 59.83606557377049
0010 60.0
0001 60.1639344262295
1000 60.32786885245901
0010 60.49180327868852
0100 60.65573770491803
0010 60.819672131147534
1000 60.983606557377044
0010 61.147540983606554
0100 61.31147540983606
0010 61.475409836065566
1000 61.639344262295076
0001 61.803278688524586
0010 61.967213114754095
0100 62.1311475409836
1000 62.29508196721311
0100 62.45901639344262
0010 62.62295081967213
0001 62.78688524590163
1000 62.950819672131146
0001 63.114754098360656
0100 63.278688524590166
0010 63.44262295081967
1000 63.60655737704918
0010 63.77049180327869
0100 63.9344262295082
0001 64.09836065573771
1000 64.26229508196721
0001 64.34426229508196
0100 64.42622950819671
0010 64.50819672131148
0100 64.59016393442623
0001 64.67213114754098
1000 64.75409836065573
0100 64.83606557377048
0010 64.91803278688525
0100 65.0
1000 65.08196721311475
0001 65.1639344262295
0100 65.24590163934425
0010 65.32786885245902
0100 65.40983606557377
0001 65.49180327868852
2000 65.57377049180327
3002 65.73770491803278
2003 65.90163934426229
3020 66.0655737704918
0230 66.22950819672131
0301 66.88524590163934
2000 67.04918032786884
3200 67.21311475409836
0320 67.37704918032786
0031 67.54098360655738
2000 67.70491803278688
3200 67.86885245901638
0320 68.0327868852459
0031 68.1967213114754
2000 68.3606557377049
3200 68.52459016393442
0320 68.68852459016392
0032 68.85245901639344
0023 69.01639344262294
0230 69.18032786885244
2300 69.34426229508196
3001 69.50819672131146
0200 69.67213114754097
0320 69.83606557377048
2030 69.99999999999999
3001 70.1639344262295
0200 70.327868852459
0320 70.49180327868851
2030 70.65573770491802
3020 70.81967213114754
0230 70.98360655737704
0320 71.14754098360656
2030 71.31147540983606
3002 71.47540983606558
2003 71.80327868852459
3020 71.9672131147541
1030 72.1311475409836
0001 72.21311475409836
1000 72.29508196721311
0001 72.37704918032787
1000 72.45901639344262
0001 72.54098360655738
1000 72.62295081967213
0001 72.70491803278688
1000 72.78688524590164
0001 72.8688524590164
1000 72.95081967213115
0001 73.0327868852459
1000 73.11475409836065
0001 73.19672131147541
1000 73.27868852459017
0001 73.36065573770492
1000 73.44262295081967
0010 73.52459016393442
1000 73.60655737704917
0010 73.68852459016394
1000 73.77049180327869
0010 73.85245901639344
1000 73.93442622950819
0010 74.01639344262294
1000 74.09836065573771
0010 74.18032786885246
1000 74.26229508196721
0010 74.34426229508196
1000 74.42622950819671
0010 74.50819672131148
1000 74.59016393442623
0010 74.67213114754098
1000 74.75409836065573
0001 74.8087431693989
1000 74.86338797814207
0001 74.91803278688523
0100 75.0
0010 75.08196721311475
0100 75.1639344262295
0001 75.24590163934425
1000 75.327868852459
0100 75.40983606557377
1000 75.46448087431693
0100 75.51912568306011
1000 75.57377049180327
0100 75.65573770491802
0010 75.73770491803278
0001 75.81967213114754
1000 75.90163934426229
0001 75.98360655737704
1000 76.0655737704918
3100 76.2295081967213
1000 76.39344262295081
3010 76.55737704918032
1000 76.72131147540983
3001 76.88524590163934
1000 77.04918032786884
3001 77.37704918032786
0001 78.68852459016392
1000 78.85245901639342
0020 79.01639344262294
0230 79.34426229508196
0302 79.67213114754097
1003 80.0
0100 80.1639344262295
0010 80.24590163934427
0100 80.32786885245902
0010 80.40983606557377
0001 80.49180327868852
1000 80.57377049180327
0001 80.65573770491804
0100 80.81967213114754
0010 80.98360655737704
1000 81.14754098360656
0001 81.22950819672131
0100 81.31147540983606
0010 81.47540983606557
1000 81.55737704918033
0001 81.63934426229508
0010 81.72131147540983
0100 81.80327868852459
1000 81.88524590163934
0001 81.9672131147541
0100 82.1311475409836
0001 82.29508196721311
0010 82.45901639344262
0100 82.62295081967213
1000 82.78688524590163
0001 82.8688524590164
0100 82.95081967213115
0010 83.0327868852459
1000 83.11475409836065
0001 83.1967213114754
1000 83.27868852459017
0010 83.44262295081967
0100 83.60655737704917
0001 83.77049180327869
0010 83.85245901639344
0100 83.93442622950819
1000 84.0983606557377
0100 84.26229508196721
0010 84.42622950819671
0100 84.59016393442623
1000 84.75409836065573
0001 84.83606557377048
1000 84.91803278688523
0001 85.0
1000 85.08196721311475
0010 85.1639344262295
1000 85.24590163934425
0001 85.40983606557376
0010 85.49180327868852
0100 85.57377049180327
1000 85.65573770491802
0100 85.73770491803278
1000 85.81967213114753
0001 85.90163934426229
0100 86.0655737704918
0010 86.2295081967213
0100 86.39344262295081
0001 86.47540983606557
1000 86.55737704918032
0001 86.72131147540982
0100 86.80327868852459
0010 86.88524590163934
0100 86.96721311475409
0001 87.04918032786884
1000 87.13114754098359
0100 87.21311475409836
0010 87.37704918032786
0100 87.54098360655736
1000 87.70491803278688
0001 87.86885245901638
0100 88.03278688524588
0010 88.11475409836065
0100 88.1967213114754
0001 88.27868852459015
1000 88.3606557377049
0100 88.44262295081965
0010 88.52459016393442
0001 88.68852459016392
0010 88.85245901639342
0001 89.01639344262294
1000 89.0983606557377
0010 89.18032786885246
0100 89.34426229508196
0010 89.50819672131148
1000 89.67213114754098
0002 89.8360655737705
1003 90.1639344262295
0010 90.24590163934427
1000 90.32786885245902
0010 90.40983606557377
0100 90.49180327868852
0001 90.65573770491802
1000 90.73770491803279
0010 90.81967213114754
0100 90.90163934426229
0001 90.98360655737704
0010 91.0655737704918
0100 91.14754098360656
1000 91.31147540983606
0001 91.47540983606557
0100 91.63934426229508
0010 91.72131147540983
0100 91.80327868852459
0001 91.96721311475409
0010 92.04918032786885
0100 92.1311475409836
1000 92.21311475409836
0001 92.29508196721311
1000 92.37704918032786
0010 92.45901639344262
1000 92.62295081967213
0100 92.78688524590163
0010 92.95081967213115
0001 93.11475409836065
0100 93.27868852459015
0010 93.36065573770492
1000 93.44262295081967
0100 93.52459016393442
0010 93.60655737704917
0001 93.68852459016392
1000 93.77049180327869
0001 93.93442622950819
0100 94.0983606557377
0010 94.26229508196721
0100 94.34426229508196
0001 94.42622950819671
1000 94.59016393442622
0100 94.75409836065573
0010 94.91803278688523
0100 95.08196721311475
1000 95.24590163934425
0100 95.327868852459
0010 95.40983606557376
0001 95.49180327868852
0100 95.57377049180327
0001 95.65573770491802
1000 95.73770491803278
0010 95.90163934426228
0100 95.98360655737704
0001 96.0655737704918
1000 96.14754098360655
0100 96.2295081967213
1000 96.31147540983605
0001 96.39344262295081
0100 96.55737704918032
0010 96.72131147540982
1000 96.88524590163934
0001 96.96721311475409
0010 97.04918032786884
0100 97.21311475409834
0010 97.29508196721311
0001 97.37704918032786
0010 97.45901639344261
0001 97.54098360655736
1000 97.62295081967211
0100 97.70491803278688
1000 97.86885245901638
0010 98.03278688524588
0100 98.1967213114754
0001 98.36065573770492
1003 98.68852459016394
0010 98.77049180327869
1000 98.85245901639344
0010 98.93442622950819
1000 99.01639344262296
3001 99.34426229508196
0010 99.42622950819673
0001 99.50819672131148
0010 99.59016393442623
0001 99.67213114754098
1000 99.83606557377048
0001 100.0
1000 100.1639344262295
0020 100.32786885245902
0130 100.65573770491802
0001 100.73770491803279
1000 100.81967213114754
0001 100.90163934426229
0010 100.98360655737704
0100 101.14754098360655
1000 101.22950819672131
0001 101.31147540983606
1000 101.47540983606557
0010 101.55737704918032
0010 101.72131147540983
0100 101.80327868852459
0001 101.96721311475409
1000 102.1311475409836
0010 102.29508196721311
0100 102.45901639344261
0001 102.54098360655738
0100 102.62295081967213
0010 102.78688524590163
1000 102.86885245901638
1000 103.0327868852459
0010 103.11475409836065
0100 103.27868852459015
0001 103.44262295081967
1000 103.60655737704917
0001 103.77049180327867
0010 103.85245901639344
0100 103.93442622950819
0010 104.0983606557377
0001 104.18032786885244
0001 104.34426229508196
1000 104.42622950819671
0001 104.59016393442622
0100 104.75409836065573
0010 104.91803278688523
1000 105.08196721311474
0010 105.24590163934425
1000 105.40983606557376
0010 105.57377049180327
1000 105.73770491803278
0010 105.90163934426228
0100 106.0655737704918
0001 106.2295081967213
0010 106.3934426229508
0100 106.47540983606557
1000 106.55737704918032
0001 106.72131147540982
0100 106.80327868852457
0100 106.96721311475409
0010 107.04918032786884
1000 107.21311475409834
0001 107.37704918032786
1000 107.54098360655738
0010 107.70491803278688
0100 107.78688524590164
0010 107.8688524590164
1000 108.0327868852459
0001 108.11475409836065
0001 108.27868852459017
0100 108.36065573770492
0001 108.52459016393442
1000 108.68852459016394
0100 108.85245901639344
0010 109.01639344262294
0001 109.09836065573771
0010 109.18032786885246
0100 109.34426229508196
1000 109.42622950819671
1000 109.59016393442623
0001 109.67213114754098
1000 109.83606557377048
0100 110.0
0010 110.1639344262295
0001 110.327868852459
0010 110.49180327868852
0001 110.65573770491802
0010 110.81967213114754
0001 110.98360655737704
0010 111.14754098360655
0100 111.22950819672131
1000 111.31147540983606
0001 111.39344262295081
1000 111.47540983606557
0010 111.63934426229507
0100 111.72131147540983
0001 111.80327868852459
0100 111.88524590163934
0010 111.96721311475409
1000 112.04918032786884
0002 112.1311475409836
0013 112.45901639344261
0100 112.62295081967213
1000 112.78688524590163
0001 112.95081967213113
0100 113.0327868852459
0010 113.11475409836065
1000 113.1967213114754
0001 113.27868852459015
0010 113.44262295081967
0100 113.60655737704917
0010 113.77049180327867
0001 113.93442622950819
1000 114.0983606557377
0100 114.2622950819672
0010 114.34426229508196
0100 114.42622950819671
1000 114.50819672131146
0001 114.59016393442622
0100 114.67213114754097
0020 114.75409836065573
0130 115.08196721311474
0010 115.24590163934425
1000 115.40983606557376
0001 115.57377049180326
1000 115.73770491803278
0001 115.90163934426228
1000 116.0655737704918
0100 116.2295081967213
0010 116.31147540983605
0001 116.3934426229508
0010 116.55737704918032
0100 116.63934426229507
1000 116.72131147540983
0001 116.88524590163934
0100 117.04918032786885
0010 117.21311475409836
2000 117.37704918032787
3001 117.70491803278688
0100 117.8688524590164
0001 118.0327868852459
1000 118.11475409836065
0010 118.1967213114754
0100 118.27868852459017
0001 118.36065573770492
1000 118.44262295081967
0001 118.52459016393442
0100 118.60655737704917
0001 118.68852459016394
1000 118.77049180327869
0100 118.85245901639344
0010 118.93442622950819
0001 119.01639344262294
0010 119.09836065573771
0100 119.18032786885246
0010 119.26229508196721
0001 119.34426229508196
0001 119.50819672131146
1000 119.67213114754098
0100 119.75409836065573
0010 119.83606557377048
0100 119.91803278688523
1000 120.0
1000 120.1639344262295
0001 120.327868852459
0100 120.40983606557377
0010 120.49180327868852
0100 120.57377049180327
0001 120.65573770491802
1000 120.81967213114753
0001 120.98360655737704
0010 121.14754098360655
0200 121.31147540983606
0310 121.63934426229507
0030 121.9467213114754
2002 121.96721311475409
3003 123.27868852459015
