TITLE SEE THE LIGHTS
BPM   174.0
NOTES
09 11.03448275862069
10 11.551724137931036
04 11.724137931034484
02 11.896551724137932
08 12.06896551724138
01 12.24137931034483
02 12.413793103448278
01 12.758620689655174
03 13.448275862068968
08 13.793103448275863
12 14.310344827586208
02 14.482758620689657
06 14.827586206896553
08 15.000000000000002
02 15.172413793103448
03 15.517241379310345
03 15.862068965517242
10 16.20689655172414
01 16.379310344827587
02 16.551724137931036
06 16.896551724137932
12 17.24137931034483
09 17.586206896551726
04 17.931034482758623
09 18.27586206896552
12 18.620689655172416
06 18.965517241379313
06 19.310344827586206
12 19.655172413793103
10 20.0
04 20.344827586206897
06 21.03448275862069
09 22.06896551724138
03 22.586206896551726
04 22.758620689655174
08 22.931034482758623
02 23.10344827586207
04 23.27586206896552
01 23.448275862068968
08 23.620689655172416
01 23.793103448275865
01 24.13793103448276
08 24.827586206896555
09 25.3448275862069
02 25.51724137931035
01 25.689655172413797
04 25.862068965517246
02 26.034482758620694
08 26.20689655172414
12 26.551724137931036
05 26.896551724137932
05 27.24137931034483
02 27.413793103448278
01 27.586206896551726
05 27.931034482758623
06 28.27586206896552
08 28.620689655172416
10 29.655172413793107
02 30.000000000000004
10 30.344827586206897
09 30.689655172413794
09 31.03448275862069
04 31.379310344827587
12 32.758620689655174
07 35.862068965517246
01 36.37931034482759
04 36.55172413793104
02 36.724137931034484
08 36.896551724137936
04 37.06896551724138
02 37.24137931034483
03 37.58620689655173
08 37.931034482758626
09 38.27586206896552
08 38.62068965517241
04 39.137931034482754
01 39.6551724137931
13 41.37931034482759
08 41.89655172413793
01 42.06896551724138
02 42.241379310344826
04 42.41379310344828
08 42.58620689655172
02 42.758620689655174
10 43.10344827586207
01 43.44827586206897
09 43.793103448275865
08 44.13793103448276
01 44.48275862068966
08 44.6551724137931
01 44.827586206896555
08 45.17241379310345
02 45.51724137931035
04 45.862068965517246
01 46.20689655172414
02 46.55172413793104
04 46.896551724137936
02 47.24137931034483
01 47.58620689655173
08 47.931034482758626
02 48.27586206896552
08 48.62068965517242
04 48.96551724137932
08 49.31034482758621
01 49.65517241379311
02 49.827586206896555
04 50.00000000000001
08 50.17241379310345
04 50.344827586206904
02 50.51724137931035
01 50.6896551724138
08 50.862068965517246
01 51.03448275862069
04 51.206896551724135
02 51.37931034482759
08 51.55172413793103
02 51.724137931034484
04 51.89655172413793
01 52.06896551724138
08 52.241379310344826
01 52.41379310344828
08 52.5
01 52.58620689655172
08 52.67241379310345
01 52.758620689655174
08 52.8448275862069
01 52.93103448275862
08 53.01724137931035
01 53.10344827586207
02 53.189655172413794
01 53.275862068965516
02 53.362068965517246
01 53.44827586206897
02 53.53448275862069
01 53.62068965517241
02 53.70689655172414
01 53.793103448275865
02 53.87931034482759
04 53.96551724137931
08 54.05172413793104
01 54.13793103448276
08 54.224137931034484
02 54.310344827586206
08 54.396551724137936
01 54.48275862068966
02 54.6551724137931
02 54.91379310344828
06 55.17241379310345
04 55.3448275862069
08 55.51724137931035
01 55.689655172413794
04 55.862068965517246
01 56.03448275862069
08 56.20689655172414
04 56.37931034482759
02 56.46551724137932
01 56.55172413793104
04 56.724137931034484
01 56.896551724137936
02 57.06896551724138
04 57.24137931034483
08 57.41379310344828
01 57.58620689655173
04 57.758620689655174
02 57.844827586206904
08 57.931034482758626
04 58.10344827586207
01 58.27586206896552
04 58.44827586206897
08 58.62068965517242
02 58.793103448275865
01 58.96551724137932
03 59.31034482758621
04 59.65517241379311
10 60.17241379310345
09 60.344827586206904
08 60.60344827586208
01 60.689655172413794
05 60.86206896551724
02 61.03448275862069
06 61.206896551724135
01 61.37931034482759
09 61.55172413793103
04 61.724137931034484
06 61.89655172413793
01 61.98275862068966
08 62.06896551724138
02 62.241379310344826
04 62.41379310344828
02 62.58620689655172
08 62.758620689655174
01 62.93103448275862
01 63.10344827586207
08 63.275862068965516
02 63.362068965517246
04 63.44827586206897
05 63.62068965517241
02 63.793103448275865
03 63.96551724137931
08 64.13793103448276
10 64.3103448275862
04 64.48275862068965
05 64.65517241379311
08 64.74137931034483
01 64.82758620689656
02 65.0
04 65.17241379310344
08 65.3448275862069
01 65.51724137931035
04 65.6896551724138
04 65.86206896551724
02 66.0344827586207
08 66.12068965517241
01 66.20689655172414
04 66.37931034482759
02 66.55172413793103
08 66.72413793103449
02 66.89655172413794
04 67.06896551724138
01 67.24137931034483
08 67.41379310344828
01 67.5
02 67.58620689655173
01 67.75862068965517
08 67.93103448275862
04 68.10344827586208
02 68.27586206896552
01 68.44827586206897
08 68.62068965517241
01 68.79310344827587
01 69.13793103448276
04 69.3103448275862
08 69.48275862068967
04 69.65517241379311
01 69.82758620689656
02 70.0
06 70.3448275862069
08 70.6896551724138
06 71.20689655172414
03 71.37931034482759
02 71.63793103448276
01 71.72413793103449
09 71.89655172413794
04 72.06896551724138
12 72.24137931034484
02 72.41379310344828
06 72.58620689655173
01 72.75862068965517
09 72.93103448275863
04 73.01724137931035
08 73.10344827586208
01 73.27586206896552
04 73.44827586206897
01 73.62068965517243
08 73.79310344827587
04 73.96551724137932
04 74.13793103448276
02 74.31034482758622
01 74.39655172413794
08 74.48275862068967
10 74.65517241379311
04 74.82758620689656
05 75.00000000000001
02 75.17241379310346
06 75.3448275862069
08 75.51724137931035
09 75.68965517241381
02 75.77586206896552
04 75.86206896551725
02 76.0344827586207
01 76.20689655172414
08 76.3793103448276
01 76.72413793103449
01 76.98275862068967
09 77.24137931034483
08 77.58620689655172
04 77.75862068965517
01 77.93103448275862
04 78.10344827586206
02 78.27586206896551
01 78.44827586206897
08 78.53448275862068
01 78.62068965517241
04 78.79310344827586
02 78.9655172413793
10 79.3103448275862
01 79.48275862068965
02 79.6551724137931
04 79.82758620689656
08 79.91379310344827
01 80.0
04 80.17241379310344
08 80.34482758620689
04 80.51724137931035
01 80.6896551724138
02 80.86206896551724
04 81.03448275862068
08 81.20689655172414
01 81.29310344827586
08 81.37931034482759
04 81.55172413793103
08 81.72413793103448
10 82.06896551724138
04 82.24137931034483
01 82.41379310344827
04 82.58620689655173
02 82.67241379310344
08 82.75862068965517
09 83.10344827586206
02 83.27586206896552
08 83.44827586206897
10 83.79310344827586
01 83.96551724137932
08 84.05172413793103
01 84.13793103448276
04 84.3103448275862
02 84.48275862068965
10 84.82758620689656
01 85.17241379310344
02 85.3448275862069
01 85.43103448275862
08 85.51724137931035
02 85.6896551724138
08 85.86206896551724
01 86.0344827586207
09 86.37931034482759
04 86.55172413793103
02 86.72413793103449
01 86.8103448275862
08 86.89655172413794
02 87.06896551724138
04 87.24137931034483
05 87.58620689655173
08 87.93103448275862
04 88.10344827586208
08 88.1896551724138
01 88.27586206896552
04 88.44827586206897
02 88.62068965517241
04 88.79310344827587
05 89.13793103448276
02 89.3103448275862
04 89.48275862068967
02 89.56896551724138
01 89.65517241379311
08 89.82758620689656
02 90.0
06 90.3448275862069
01 90.6896551724138
08 90.86206896551725
04 90.94827586206897
08 91.0344827586207
04 91.20689655172414
02 91.37931034482759
01 91.55172413793105
05 91.89655172413794
02 92.06896551724138
08 92.24137931034484
01 92.32758620689656
08 92.41379310344828
02 92.58620689655173
04 92.75862068965517
05 93.10344827586208
03 93.44827586206897
04 93.62068965517243
08 93.70689655172414
01 93.79310344827587
08 93.96551724137932
02 94.13793103448276
08 94.31034482758622
09 94.65517241379311
02 94.82758620689656
01 95.00000000000001
04 95.08620689655173
02 95.17241379310346
08 95.3448275862069
01 95.51724137931035
03 95.86206896551725
06 96.20689655172414
02 96.3793103448276
01 96.46551724137932
04 96.55172413793105
02 96.72413793103449
08 96.89655172413794
01 97.0689655172414
09 97.41379310344828
04 97.58620689655173
02 97.75862068965519
01 97.8448275862069
08 97.93103448275863
02 98.10344827586208
04 98.27586206896552
05 98.62068965517243
08 98.79310344827587
08 99.05172413793105
12 99.31034482758622
04 99.65517241379311
06 100.00000000000001
04 100.17241379310346
08 100.3448275862069
01 100.51724137931036
04 100.60344827586208
02 100.6896551724138
08 101.03448275862068
01 101.20689655172414
02 101.37931034482759
01 101.55172413793103
04 101.72413793103448
02 101.89655172413794
08 101.98275862068965
01 102.06896551724138
08 102.41379310344827
04 102.75862068965517
08 102.93103448275862
02 103.10344827586206
04 103.27586206896552
01 103.36206896551724
08 103.44827586206897
04 103.79310344827586
02 103.96551724137932
01 104.13793103448276
02 104.48275862068965
04 104.65517241379311
08 104.74137931034483
02 104.82758620689656
04 105.0
01 105.17241379310344
08 105.3448275862069
01 105.51724137931035
04 105.6896551724138
02 105.86206896551724
08 106.0344827586207
01 106.12068965517241
02 106.20689655172414
04 106.55172413793103
02 106.89655172413794
01 107.06896551724138
04 107.24137931034483
02 107.41379310344828
08 107.5
01 107.58620689655173
08 107.93103448275862
12 108.27586206896552
01 108.62068965517241
04 108.87931034482759
01 108.96551724137932
09 109.3103448275862
08 109.65517241379311
04 109.82758620689656
02 110.0
01 110.25862068965517
08 110.3448275862069
02 110.6896551724138
08 110.86206896551725
04 111.0344827586207
02 111.37931034482759
01 111.55172413793105
04 111.63793103448276
02 111.72413793103449
04 112.06896551724138
01 112.24137931034484
08 112.41379310344828
09 112.75862068965517
08 113.01724137931035
01 113.10344827586208
04 113.27586206896552
06 113.62068965517243
06 113.96551724137932
01 114.13793103448276
02 114.31034482758622
04 114.39655172413794
08 114.48275862068967
01 114.82758620689656
09 115.17241379310346
10 115.51724137931035
08 115.68965517241381
01 115.77586206896552
02 115.86206896551725
04 116.0344827586207
12 116.3793103448276
09 116.72413793103449
04 116.89655172413794
06 117.15517241379311
08 117.24137931034484
10 117.58620689655173
04 117.75862068965519
05 118.10344827586208
08 118.27586206896552
01 118.44827586206898
02 118.5344827586207
04 118.62068965517243
02 118.79310344827587
03 119.13793103448278
09 119.48275862068967
02 119.65517241379311
04 119.91379310344828
01 120.00000000000001
09 120.3448275862069
04 120.51724137931036
02 120.86206896551725
02 121.12068965517243
03 121.37931034482759
01 121.72413793103448
02 121.89655172413794
08 122.06896551724138
02 122.24137931034483
04 122.41379310344827
08 122.58620689655173
01 122.67241379310344
04 122.75862068965517
02 122.93103448275862
08 123.10344827586206
09 123.44827586206897
02 123.62068965517241
01 123.79310344827586
08 123.96551724137932
01 124.05172413793103
08 124.13793103448276
04 124.3103448275862
01 124.48275862068965
04 124.65517241379311
02 124.82758620689656
01 125.0
04 125.17241379310344
02 125.3448275862069
08 125.43103448275862
01 125.51724137931035
02 125.6896551724138
04 125.86206896551724
06 126.20689655172414
01 126.37931034482759
08 126.55172413793103
02 126.72413793103449
08 126.8103448275862
01 126.89655172413794
09 127.24137931034483
02 127.41379310344828
01 127.58620689655173
03 127.93103448275862
08 128.10344827586206
01 128.1896551724138
08 128.27586206896552
04 128.44827586206898
02 128.6206896551724
06 128.9655172413793
08 129.31034482758622
02 129.48275862068965
04 129.5689655172414
01 129.6551724137931
02 129.82758620689657
01 130.0
04 130.17241379310346
06 130.51724137931035
08 130.6896551724138
04 130.86206896551724
02 130.94827586206898
01 131.0344827586207
08 131.20689655172416
01 131.3793103448276
05 131.72413793103448
01 132.0689655172414
08 132.24137931034483
04 132.32758620689657
02 132.41379310344828
01 132.58620689655174
08 132.75862068965517
02 132.93103448275863
06 133.27586206896552
05 133.6206896551724
08 133.70689655172416
04 133.79310344827587
02 133.96551724137933
01 134.13793103448276
09 134.48275862068965
02 134.82758620689657
08 135.0
01 135.08620689655174
02 135.17241379310346
01 135.34482758620692
04 135.51724137931035
02 135.6896551724138
10 136.0344827586207
04 136.20689655172416
02 136.3793103448276
01 136.46551724137933
04 136.55172413793105
02 136.7241379310345
04 136.89655172413794
05 137.24137931034483
08 137.58620689655174
01 137.75862068965517
02 137.84482758620692
04 137.93103448275863
08 138.1034482758621
04 138.27586206896552
01 138.44827586206898
05 138.79310344827587
08 138.96551724137933
02 139.13793103448276
04 139.2241379310345
01 139.31034482758622
04 139.48275862068968
02 139.6551724137931
10 140.0
09 140.34482758620692
02 140.51724137931035
01 140.6034482758621
08 140.6896551724138
01 140.86206896551727
02 141.0344827586207
08 141.20689655172416
10 141.55172413793105
04 141.7241379310345
08 141.89655172413794
01 141.98275862068968
04 142.0689655172414
02 142.24137931034485
08 142.41379310344828
09 142.75862068965517
05 142.93103448275863
12 143.1896551724138
