TITLE See You Tomorrow
BPM   173.0
NOTES
0001 12.129549132947977
0100 12.302959537572255
0001 12.476369942196532
1000 12.64978034682081
0010 12.823190751445086
0100 12.996601156069364
0001 13.083306358381503
0100 13.170011560693641
0001 13.34342196531792
1000 13.516832369942197
0100 13.690242774566475
0010 13.863653179190752
0001 14.03706358381503
1000 14.210473988439306
0001 14.383884393063584
0100 14.470589595375722
0010 14.557294797687861
0100 14.730705202312139
0001 14.904115606936417
1000 15.077526011560694
0100 15.250936416184972
1000 15.42434682080925
0001 15.597757225433526
0010 15.771167630057805
0100 15.857872832369944
1000 15.944578034682083
0001 16.11798843930636
0100 16.291398843930633
0100 16.33614991609174
1000 16.425652060413945
0001 16.60465634905836
0100 16.783660637702777
0010 16.96266492634719
1000 17.141669214991605
0001 17.231171359313812
0100 17.320673503636023
0001 17.41017564795823
0010 17.499677792280437
0001 17.589179936602644
1000 17.678682080924855
0001 17.852092485549132
1000 18.02550289017341
0010 18.198913294797688
0100 18.372323699421965
0001 18.545734104046243
1000 18.632439306358382
0001 18.71914450867052
0010 18.892554913294795
0100 19.065965317919073
1000 19.23937572254335
0001 19.412786127167628
0100 19.586196531791906
0010 19.759606936416183
0100 19.93301734104046
0001 20.0197225433526
1000 20.10642774566474
0100 20.279838150289017
0010 20.453248554913294
0001 20.626658959537572
1000 20.80006936416185
0010 20.973479768786127
0100 21.146890173410405
0001 21.320300578034683
1000 21.40700578034682
0100 21.49371098265896
0010 21.667121387283238
0100 21.840531791907512
1000 22.10064739884393
0001 22.187352601156068
0100 22.360763005780345
0010 22.534173410404623
1000 22.620878612716762
0010 22.7075838150289
1000 22.88099421965318
0001 23.054404624277453
0001 23.22781502890173
1000 23.425998348472334
0010 23.624181668042937
0100 23.82236498761354
0001 24.020548307184143
0010 24.218731626754746
0100 24.41691494632535
1000 24.78850867052023
0010 24.961919075144507
0100 25.135329479768785
0001 25.308739884393063
1000 25.48215028901734
0100 25.65556069364162
0010 25.828971098265896
0100 26.175791907514448
0010 26.349202312138726
0100 26.522612716763003
1000 26.69602312138728
0001 26.86943352601156
0100 27.042843930635836
0010 27.21625433526011
1000 27.56307514450867
0001 27.736485549132947
1000 27.909895953757225
0100 28.083306358381503
0010 28.25671676300578
0100 28.430127167630058
1000 28.603537572254332
0010 28.950358381502888
0100 29.123768786127165
0010 29.297179190751443
1000 29.47058959537572
0001 29.644
0010 29.817410404624276
0001 29.990820809248554
0100 30.33764161849711
0001 30.511052023121387
0010 30.684462427745665
0100 30.857872832369942
1000 31.03128323699422
0100 31.204693641618498
1000 31.378104046242775
0010 31.724924855491324
0100 31.8983352601156
0001 32.07174566473988
1000 32.24515606936416
0100 32.418566473988434
0010 32.59197687861271
0001 32.76538728323699
0100 33.112208092485545
0010 33.28561849710982
0100 33.4590289017341
0001 33.63243930635838
1000 33.805849710982656
0100 33.979260115606934
0010 34.06596531791907
0100 34.15267052023121
0010 34.23937572254335
0001 34.32608092485549
1000 34.49949132947977
0010 34.672901734104045
0100 34.84631213872832
0010 35.0197225433526
1000 35.19313294797688
0001 35.366543352601155
0010 35.53995375722543
1000 35.88677456647399
0100 36.060184971098266
1000 36.233595375722544
0001 36.40700578034682
0100 36.5804161849711
0001 36.75382658959538
1000 36.927236994219655
0100 37.100647398843925
0001 37.29883071841453
0010 37.49701403798513
0001 37.695197357555735
1000 37.89338067712634
0100 38.09156399669694
0010 38.289747316267544
1000 38.661341040462425
0001 38.8347514450867
1000 39.00816184971098
0100 39.18157225433526
1000 39.354982658959536
0001 39.52839306358381
0100 39.70180346820809
0010 40.048624277456646
0001 40.222034682080924
1000 40.3954450867052
0100 40.56885549132948
0010 40.74226589595376
0001 40.915676300578035
0010 41.08908670520231
1000 41.43590751445087
0001 41.609317919075146
0100 41.78272832369942
0010 41.9561387283237
0100 42.12954913294798
0001 42.30295953757226
1000 42.476369942196534
0001 42.649780346820805
0001 42.82319075144508
0100 42.99660115606936
0100 43.17001156069364
0010 43.343421965317916
0010 43.51683236994219
1000 43.69024277456647
1000 43.86365317919075
0001 44.037063583815026
0010 44.210473988439304
0100 44.38388439306358
1000 44.55729479768786
0100 44.73070520231214
1000 44.904115606936415
0001 45.07752601156069
0100 45.19313294797688
0001 45.25093641618497
0100 45.366543352601155
1000 45.42434682080925
0100 45.88677456647399
1000 46.34920231213873
0001 46.81163005780346
0100 47.15845086705202
0010 47.50527167630057
1000 47.85209248554913
0100 48.198913294797684
0010 48.54573410404624
0100 48.892554913294795
1000 49.23937572254335
0001 49.586196531791906
1000 49.93301734104046
0010 50.27983815028902
0100 50.62665895953757
0001 50.97347976878613
1000 51.32030057803468
0100 51.66712138728324
0010 52.013942196531794
0100 52.36076300578034
1000 52.7075838150289
0001 53.05440462427745
0100 53.40122543352601
0010 53.74804624277456
1000 54.09486705202312
0001 54.441687861271674
1000 54.78850867052023
0001 55.135329479768785
0100 55.48215028901734
0001 55.828971098265896
0010 56.17579190751445
0001 56.522612716763
1000 56.69602312138728
1010 56.869433526011555
0010 57.21625433526011
0100 57.38966473988439
0101 57.563075144508666
0001 57.90989595375722
0010 58.0833063583815
0110 58.25671676300578
0100 58.60353757225433
1000 58.77694797687861
1001 58.95035838150289
0001 59.29717919075144
1000 59.47058959537572
1100 59.644
0100 59.990820809248554
0010 60.16423121387283
0011 60.33764161849711
0001 60.684462427745665
1000 60.85787283236994
1010 61.03128323699422
0010 61.378104046242775
0100 61.55151445086705
0101 61.72492485549133
0001 62.07174566473988
0010 62.24515606936416
0110 62.418566473988434
0100 62.76538728323699
1000 62.93879768786127
1001 63.112208092485545
0001 63.4590289017341
1000 63.63243930635838
1010 63.80584971098265
0010 64.15267052023121
0100 64.32608092485549
0101 64.49949132947977
0001 64.84631213872832
0010 65.0197225433526
0110 65.19313294797688
0100 65.53995375722543
1000 65.71336416184971
1001 65.88677456647399
0001 66.23359537572254
0100 66.40700578034682
0100 66.75382658959538
0100 67.10064739884393
0010 67.27405780346821
1000 67.38243930635838
0001 67.44746820809249
1000 67.55584971098266
0001 67.62087861271677
0010 67.79428901734104
0100 67.96769942196532
0010 68.1411098265896
0001 68.31452023121388
1000 68.48793063583815
0010 68.66134104046243
0100 68.83475144508671
0001 69.00816184971099
1000 69.18157225433526
0100 69.35498265895954
0010 69.52839306358382
0001 69.7018034682081
1000 69.87521387283238
0010 70.04862427745665
0100 70.22203468208093
0010 70.39544508670521
1000 70.56885549132949
0001 70.74226589595376
0010 70.91567630057804
0100 71.08908670520232
0010 71.2624971098266
0001 71.43590751445088
1000 71.60931791907515
0010 71.78272832369943
1000 71.95613872832371
0001 72.12954913294799
0100 72.30295953757226
0001 72.47636994219654
1000 72.64978034682082
0100 72.8231907514451
1000 72.99660115606937
0001 73.17001156069365
0010 73.34342196531793
0100 73.51683236994221
1000 73.69024277456649
0010 73.86365317919076
0100 74.03706358381504
0010 74.21047398843932
1000 74.3838843930636
0100 74.55729479768786
0010 74.73070520231214
0100 74.90411560693641
1000 75.07752601156069
0001 75.25093641618497
0100 75.42434682080925
0010 75.59775722543353
0010 75.7711676300578
1000 75.94457803468208
0001 76.03128323699421
1000 76.11798843930636
0001 76.20469364161849
0010 76.29139884393064
0100 76.37810404624277
0010 76.46480924855491
0001 76.55151445086705
1000 76.63821965317919
0010 76.72492485549132
0100 76.81163005780347
0010 76.8983352601156
1000 76.98504046242775
0001 77.07174566473988
0010 77.15845086705203
0100 77.24515606936416
1000 77.3318612716763
0001 77.41856647398843
0100 77.50527167630058
0010 77.59197687861271
0100 77.67868208092486
0001 77.76538728323699
1000 77.85209248554914
0001 77.93879768786127
1000 78.02550289017341
0100 78.11220809248555
0010 78.19891329479769
0001 78.28561849710982
1000 78.37232369942197
0001 78.4590289017341
1000 78.54573410404625
0100 78.63243930635838
0010 78.71914450867052
0100 78.80584971098266
1000 78.8925549132948
0001 78.97926011560693
0100 79.06596531791908
0010 79.15267052023121
0100 79.23937572254336
0010 79.32608092485549
0100 79.41278612716764
0001 79.49949132947977
1000 79.58619653179191
0100 79.67290173410404
0010 79.75960693641619
0001 79.84631213872832
0010 79.93301734104047
0001 80.0197225433526
0010 80.10642774566475
0011 80.80006936416186
0101 81.14689017341041
1001 81.49371098265897
1100 81.84053179190752
0100 82.18735260115608
0010 82.36076300578036
0011 82.70758381502891
1010 83.05440462427747
1100 83.40122543352602
0100 83.74804624277458
0010 83.92145664739886
0001 84.09486705202313
0010 84.2682774566474
0011 84.61509826589595
1001 84.96191907514451
1000 85.30873988439306
0010 85.48215028901734
0110 85.8289710982659
0101 86.17579190751445
1001 86.522612716763
1000 86.86943352601156
0010 87.04284393063584
0101 87.3896647398844
0001 87.73648554913295
1000 87.90989595375723
0110 88.25671676300578
1001 88.60353757225434
1100 88.9503583815029
0100 89.29717919075145
0010 89.47058959537573
0001 89.644
0010 89.81741040462428
0110 90.16423121387284
1100 90.5110520231214
0101 90.85787283236995
1010 91.2046936416185
1000 91.55151445086706
0001 91.72492485549134
0101 92.0717456647399
0100 92.41856647398845
0010 92.59197687861273
1010 92.93879768786128
1000 93.28561849710984
0001 93.45902890173411
1001 93.80584971098267
1100 94.15267052023121
0101 94.49949132947977
0001 94.84631213872832
0010 95.0197225433526
0100 95.19313294797688
1000 95.36654335260116
1100 95.71336416184971
0101 96.06018497109827
0001 96.40700578034682
1000 96.5804161849711
0110 96.92723699421965
1001 97.27405780346821
1100 97.62087861271677
0100 97.96769942196532
0010 98.1411098265896
0010 98.31452023121388
0001 98.48793063583815
0001 98.66134104046243
1000 98.83475144508671
1000 99.00816184971099
0010 99.18157225433526
0010 99.35498265895954
0100 99.52839306358382
0100 99.7018034682081
0001 99.87521387283238
0001 100.04862427745665
1000 100.22203468208093
1000 100.39544508670521
0100 100.56885549132949
0100 100.74226589595376
0010 100.91567630057804
0001 101.00238150289017
0010 101.08908670520232
0001 101.17579190751445
1000 101.2624971098266
0010 101.34920231213873
0100 101.43590751445088
0001 101.522612716763
1000 101.60931791907515
0001 101.69602312138728
0010 101.78272832369943
0100 101.86943352601156
0010 101.95613872832371
0001 102.04284393063584
1000 102.12954913294799
0001 102.21625433526012
1000 102.30295953757226
0100 102.47636994219654
0010 102.64978034682082
0001 102.73648554913295
0010 102.8231907514451
0100 102.90989595375723
1000 103.0833063583815
0001 103.17001156069365
0100 103.25671676300578
0010 103.34342196531793
1000 103.43012716763006
0001 103.51683236994221
0100 103.5746358381503
0001 103.63243930635839
0010 103.69024277456647
1000 103.88842609413707
0100 104.08660941370768
0010 104.28479273327828
0001 104.48297605284888
1000 104.68115937241949
0001 104.87934269199009
1000 105.25093641618497
0010 105.42434682080925
0100 105.59775722543353
0001 105.7711676300578
0010 105.94457803468208
0100 106.11798843930636
1000 106.29139884393064
0001 106.63821965317919
0100 106.81163005780347
0010 106.98504046242775
0100 107.15845086705203
0001 107.3318612716763
1000 107.50527167630058
0001 107.67868208092486
0010 108.02550289017341
0100 108.19891329479769
0010 108.37232369942197
0001 108.54573410404625
1000 108.71914450867052
0010 108.8925549132948
1000 109.06596531791908
0001 109.41278612716764
0100 109.58619653179191
0010 109.75960693641619
0100 109.93301734104047
0001 110.10642774566475
1000 110.27983815028902
0001 110.4532485549133
0010 110.80006936416186
0100 110.97347976878613
1000 111.14689017341041
0100 111.32030057803469
0010 111.49371098265897
0100 111.66712138728325
1000 111.84053179190752
0001 112.18735260115608
0100 112.36076300578036
0010 112.53417341040463
0100 112.70758381502891
0001 112.88099421965319
1000 113.05440462427747
0001 113.22781502890174
0010 113.57463583815029
0100 113.74804624277456
0010 113.92145664739884
0001 114.09486705202312
1000 114.2682774566474
0010 114.44168786127167
0100 114.5283930635838
0001 114.61509826589595
0100 114.70180346820808
0010 114.78850867052023
1000 114.96191907514451
0100 115.13532947976879
1000 115.30873988439306
0001 115.48215028901734
0100 115.65556069364162
0010 115.8289710982659
0100 116.00238150289017
1000 116.34920231213873
0100 116.522612716763
0010 116.69602312138728
0001 116.86943352601156
0010 117.04284393063584
0100 117.21625433526012
0010 117.3896647398844
1000 117.73648554913295
0010 117.90989595375723
0100 118.0833063583815
0001 118.25671676300578
1000 118.43012716763006
0001 118.60353757225434
1000 118.77694797687862
0010 118.9503583815029
0100 119.1485417010735
1000 119.3467250206441
0001 119.5449083402147
0010 119.7430916597853
0001 119.94127497935591
1000 120.13945829892651
0100 120.33764161849712
0010 120.53582493806772
0100 120.73400825763832
0001 120.93219157720893
1000 121.13037489677953
0001 121.32855821635013
0010 121.52674153592073
0100 121.89833526011562
0001 122.0717456647399
1000 122.24515606936417
0100 122.41856647398845
0010 122.59197687861273
0001 122.765387283237
1000 122.93879768786128
0010 123.11220809248555
0010 123.28561849710982
1000 123.4590289017341
1000 123.63243930635838
0001 123.80584971098266
0001 123.97926011560693
0010 124.15267052023121
0010 124.32608092485549
0001 124.49949132947977
1000 124.67290173410404
0100 124.75960693641618
1000 124.84631213872832
0001 125.0197225433526
0100 125.19313294797688
0010 125.36654335260116
0100 125.53995375722543
0001 125.71336416184971
1000 125.88677456647399
0100 126.06018497109827
0010 126.23359537572254
0001 126.40700578034682
0100 126.5804161849711
0010 126.75382658959538
1000 126.84053179190751
0001 126.92723699421965
0100 127.10064739884393
0001 127.27405780346821
0010 127.44746820809249
0100 127.62087861271677
1000 127.79428901734104
0001 127.9676994219653
0100 128.1411098265896
0010 128.22781502890174
0100 128.31452023121386
0001 128.48793063583815
1000 128.66134104046242
0100 128.83475144508668
0010 129.00816184971097
0100 129.18157225433524
1000 129.35498265895953
0001 129.5283930635838
0100 129.61509826589594
0010 129.70180346820808
1000 129.87521387283235
0100 130.04862427745664
0100 130.09337534961773
0010 130.18287749393994
1000 130.36188178258436
0001 130.54088607122878
1000 130.7198903598732
0001 130.89889464851763
0010 130.9883967928398
0100 131.07789893716202
1000 131.16740108148423
0010 131.25690322580644
0100 131.34640537012865
0001 131.43590751445086
1000 131.60931791907512
0001 131.78272832369942
0100 131.95613872832368
0010 132.12954913294797
1000 132.30295953757224
0001 132.38966473988438
0010 132.47636994219653
0100 132.6497803468208
0010 132.82319075144508
0001 132.99660115606935
0010 133.17001156069364
0001 133.3434219653179
1000 133.5168323699422
0010 133.69024277456646
0100 133.7769479768786
0001 133.86365317919075
0100 134.037063583815
0001 134.2104739884393
1000 134.38388439306357
0100 134.55729479768786
1000 134.73070520231212
0010 134.90411560693641
1000 135.07752601156068
0001 135.16423121387282
1000 135.25093641618497
0010 135.42434682080923
0001 135.59775722543353
0010 135.7711676300578
0001 135.94457803468208
0001 136.11798843930634
0010 136.29139884393064
0001 136.4648092485549
0010 136.6382196531792
0001 136.81163005780346
0001 136.98504046242775
0010 137.158450867052
1000 137.3318612716763
0001 137.50527167630057
1000 137.67868208092486
0010 137.85209248554912
0100 137.93879768786127
0001 138.0255028901734
0100 138.19891329479768
0001 138.37232369942197
1000 138.54573410404623
0100 138.71914450867052
0010 138.8925549132948
0100 139.06596531791908
1000 139.23937572254334
0001 139.3260809248555
0100 139.41278612716764
0010 139.5861965317919
1000 139.7596069364162
0100 139.93301734104045
0010 140.10642774566475
0001 140.279838150289
1000 140.4532485549133
0010 140.62665895953756
1000 140.7133641618497
0010 140.80006936416186
0100 140.97347976878612
0010 141.1468901734104
0010 141.1916412455715
0001 141.2811433898937
0010 141.46014767853814
0001 141.63915196718256
1000 141.81815625582698
0001 141.9971605444714
0010 142.08666268879358
0001 142.1761648331158
0100 142.265666977438
0010 142.3551691217602
1000 142.44467126608242
0100 142.53417341040463
1000 142.7075838150289
0001 142.8809942196532
0100 143.05440462427745
0001 143.22781502890174
1000 143.401225433526
0010 143.48793063583815
1000 143.5746358381503
0100 143.74804624277456
0010 143.92145664739886
0100 144.09486705202312
1000 144.2682774566474
0001 144.44168786127167
0010 144.61509826589597
0100 144.78850867052023
1000 144.87521387283238
0001 144.96191907514452
0100 145.13532947976879
0001 145.30873988439308
1000 145.48215028901734
0010 145.65556069364163
0100 145.8289710982659
0010 146.0023815028902
1000 146.17579190751445
0001 146.2624971098266
0010 146.34920231213874
0100 146.522612716763
1000 146.6960231213873
0001 146.9561387283237
1000 147.129549132948
0010 147.21625433526012
0100 147.3896647398844
0001 147.64978034682082
0001 147.8231907514451
1001 148.0833063583815
