TITLE Stardust
BPM   135.0
NOTES
0001 7.111111111111111
0003 7.222222222222221
0001 7.444444444444444
0003 7.555555555555555
0010 7.777777777777778
0030 7.888888888888888
0010 8.222222222222221
0030 8.333333333333332
0010 8.555555555555555
0030 8.666666666666666
0100 8.88888888888889
0300 9.0
0100 9.222222222222223
0300 9.333333333333334
1000 9.555555555555555
3000 9.666666666666668
1000 10.0
3000 10.11111111111111
1000 10.333333333333334
3000 10.444444444444445
0010 10.666666666666666
0030 10.777777777777777
0010 11.0
0030 11.11111111111111
0100 11.333333333333332
0300 11.444444444444443
0010 11.777777777777777
0030 11.888888888888888
0010 12.11111111111111
0030 12.222222222222221
1000 12.444444444444443
0001 12.666666666666664
0100 12.777777777777777
0001 12.999999999999998
1000 13.111111111111109
0100 13.333333333333332
0010 13.444444444444443
0001 13.555555555555554
1000 13.666666666666664
0001 13.777777777777777
0100 13.888888888888888
0010 13.999999999999998
1030 14.222222222222221
0001 14.333333333333332
0100 14.444444444444443
0001 14.555555555555555
1000 14.666666666666666
0100 14.777777777777777
0010 14.888888888888888
0001 15.11111111111111
1000 15.222222222222221
0001 15.333333333333332
0100 15.444444444444443
0010 15.666666666666666
1000 15.777777777777777
0001 16.0
0010 16.11111111111111
0001 16.333333333333332
1000 16.555555555555557
0100 16.77777777777778
1000 17.0
0010 17.11111111111111
0100 17.22222222222222
0010 17.444444444444443
1000 17.555555555555557
0001 17.77777777777778
0010 17.88888888888889
0100 18.0
1000 18.11111111111111
0001 18.22222222222222
1000 18.333333333333336
0010 18.444444444444446
0100 18.666666666666668
0001 18.77777777777778
1000 18.88888888888889
0100 19.0
0010 19.22222222222222
0001 19.333333333333336
1000 19.555555555555554
0010 19.666666666666664
0100 19.888888888888886
0001 20.11111111111111
1003 20.333333333333332
0100 20.555555555555554
0010 20.777777777777775
0001 20.999999999999996
1000 21.111111111111107
0001 21.333333333333332
0010 21.444444444444443
0001 21.555555555555554
1000 21.666666666666664
0010 21.777777777777775
1000 21.88888888888889
0010 22.0
0100 22.22222222222222
0001 22.333333333333332
1000 22.444444444444443
0001 22.555555555555554
0010 22.777777777777775
0100 22.888888888888886
1000 23.11111111111111
0100 23.22222222222222
1000 23.444444444444443
0001 23.666666666666668
0100 23.88888888888889
0010 24.11111111111111
1000 24.22222222222222
0001 24.333333333333332
1000 24.555555555555554
0100 24.666666666666664
0010 24.888888888888886
0001 24.999999999999996
0100 25.111111111111107
0001 25.222222222222218
1000 25.33333333333333
0100 25.444444444444443
0010 25.555555555555554
0001 25.777777777777775
1000 25.888888888888886
0010 25.999999999999996
0100 26.111111111111107
0001 26.33333333333333
0010 26.444444444444443
0100 26.666666666666664
0010 26.888888888888886
0001 26.999999999999996
1000 27.22222222222222
0001 27.333333333333332
0100 27.555555555555554
0010 27.666666666666664
1000 27.777777777777775
0100 27.999999999999996
0010 28.111111111111107
0001 28.22222222222222
2000 28.444444444444443
3000 28.666666666666664
0010 29.11111111111111
2030 29.777777777777775
3001 30.22222222222222
0010 30.444444444444443
0100 30.666666666666664
0010 30.88888888888889
0001 31.0
1000 31.11111111111111
0010 31.22222222222222
2000 31.444444444444443
3001 32.0
0010 32.333333333333336
0100 32.55555555555556
1000 32.666666666666664
0001 32.888888888888886
0203 33.333333333333336
0301 33.77777777777778
1000 33.88888888888889
0001 34.0
1000 34.111111111111114
0010 34.22222222222222
0100 34.333333333333336
0001 34.44444444444444
1000 34.55555555555556
0100 34.77777777777778
0010 34.88888888888889
0001 35.0
1000 35.111111111111114
3000 35.333333333333336
0001 35.55555555555556
0100 35.66666666666667
0010 35.88888888888889
1000 36.0
0001 36.111111111111114
1000 36.44444444444444
0100 36.66666666666667
0010 36.88888888888889
0001 37.0
1000 37.111111111111114
0001 37.33333333333333
0100 37.55555555555555
0010 37.666666666666664
1000 37.888888888888886
0100 38.11111111111111
0010 38.33333333333333
0001 38.44444444444444
1000 38.666666666666664
0002 38.77777777777777
0103 39.11111111111111
0010 39.33333333333333
1000 39.44444444444444
0001 39.666666666666664
1000 39.888888888888886
0100 40.11111111111111
0010 40.33333333333333
0002 40.44444444444444
1003 40.888888888888886
0010 41.11111111111111
0100 41.33333333333333
0001 41.44444444444444
1000 41.55555555555555
0001 41.666666666666664
1000 41.888888888888886
0100 42.11111111111111
0010 42.22222222222222
0031 42.666666666666664
1000 42.77777777777778
0010 42.888888888888886
1000 43.0
0001 43.11111111111111
0010 43.22222222222222
0100 43.33333333333333
1000 43.55555555555555
0001 43.666666666666664
1000 43.77777777777778
0010 43.888888888888886
0100 44.11111111111111
0001 44.22222222222222
1000 44.44444444444444
0100 44.55555555555556
0010 44.666666666666664
0001 44.77777777777778
1000 44.888888888888886
0001 45.0
0100 45.11111111111111
0001 45.33333333333333
0010 45.44444444444444
0100 45.55555555555556
0010 45.666666666666664
0001 45.888888888888886
1000 46.0
0001 46.22222222222222
0010 46.333333333333336
0100 46.44444444444444
1000 46.55555555555556
0001 46.666666666666664
1000 46.77777777777778
0010 46.888888888888886
0100 47.11111111111111
0001 47.22222222222222
1000 47.333333333333336
0100 47.44444444444444
0010 47.666666666666664
0001 47.77777777777778
1000 48.0
0010 48.111111111111114
0100 48.333333333333336
0001 48.55555555555556
1003 48.77777777777778
0100 49.0
0010 49.22222222222222
0001 49.44444444444444
1000 49.55555555555556
0001 49.77777777777777
0010 49.888888888888886
0001 49.99999999999999
1000 50.11111111111111
0010 50.222222222222214
1000 50.33333333333333
0010 50.444444444444436
0100 50.66666666666666
0001 50.77777777777777
1000 50.888888888888886
0001 50.99999999999999
0010 51.222222222222214
0100 51.33333333333333
1000 51.55555555555555
0100 51.666666666666664
1000 51.77777777777777
0100 51.888888888888886
0010 51.99999999999999
0001 52.11111111111111
1000 52.222222222222214
0010 52.444444444444436
0100 52.55555555555555
0001 52.666666666666664
1000 52.77777777777777
0001 52.99999999999999
0010 53.11111111111111
0100 53.33333333333333
1000 53.44444444444444
0010 53.55555555555555
1000 53.666666666666664
0001 53.77777777777777
0010 53.888888888888886
0100 53.99999999999999
1000 54.222222222222214
0001 54.33333333333333
0100 54.44444444444444
0010 54.55555555555555
1000 54.77777777777777
0100 54.888888888888886
0010 55.11111111111111
0100 55.33333333333333
1000 55.44444444444444
0001 55.666666666666664
1000 55.77777777777777
0010 55.99999999999999
0100 56.11111111111111
0001 56.22222222222222
0010 56.44444444444444
0100 56.55555555555555
1000 56.666666666666664
0001 56.888888888888886
1000 57.11111111111111
0010 57.22222222222222
0100 57.44444444444444
0001 57.666666666666664
0010 57.888888888888886
0100 58.11111111111111
1000 58.33333333333333
0001 58.44444444444444
0100 58.55555555555555
0001 58.666666666666664
0010 58.77777777777778
0100 58.888888888888886
1000 59.0
0100 59.11111111111111
1000 59.22222222222222
0001 59.33333333333333
0100 59.44444444444444
0010 59.55555555555555
1000 59.666666666666664
0001 59.77777777777778
1000 59.888888888888886
0100 60.0
0010 60.11111111111111
0001 60.22222222222222
2000 60.44444444444444
3020 60.77777777777778
0130 61.11111111111111
0301 61.44444444444444
1000 61.55555555555556
0001 61.666666666666664
0010 61.77777777777778
0100 61.888888888888886
0010 62.0
0001 62.22222222222222
1000 62.333333333333336
0001 62.55555555555556
1000 62.666666666666664
0100 62.77777777777778
0010 63.0
0001 63.11111111111111
1000 63.22222222222222
0010 63.44444444444444
0130 64.0
0001 64.11111111111111
1000 64.22222222222223
0001 64.33333333333333
0013 64.55555555555556
0100 64.77777777777777
1000 65.0
0001 65.11111111111111
1000 65.22222222222223
0010 65.33333333333333
1000 65.55555555555556
0001 65.66666666666667
0010 65.77777777777777
0001 65.88888888888889
1003 66.1111111111111
0100 66.22222222222221
0010 66.33333333333333
0100 66.55555555555554
1000 66.66666666666666
0001 66.77777777777777
1000 66.88888888888889
0010 67.0
0100 67.1111111111111
0001 67.22222222222221
1000 67.33333333333333
0001 67.44444444444444
1000 67.55555555555556
0100 67.62962962962963
1000 67.70370370370371
0100 67.77777777777779
0010 67.85185185185185
0001 67.92592592592592
0010 68.0
0001 68.07407407407408
1000 68.14814814814815
0001 68.22222222222223
0100 68.2962962962963
0010 68.37037037037037
1000 68.44444444444444
0001 68.51851851851852
0010 68.5925925925926
0100 68.66666666666667
1000 68.74074074074075
0100 68.81481481481481
0010 68.88888888888889
0100 68.96296296296296
1000 69.03703703703704
0001 69.11111111111111
1000 69.18518518518519
0010 69.25925925925927
2000 69.33333333333333
3100 69.66666666666666
0010 69.88888888888889
0001 70.1111111111111
1000 70.33333333333333
0001 70.55555555555556
0100 70.66666666666666
0301 71.11111111111111
1000 71.33333333333334
0010 71.55555555555556
1000 71.66666666666667
0001 71.77777777777779
1000 71.88888888888889
0100 72.0
0100 72.11111111111111
0001 72.33333333333334
1000 72.55555555555556
0010 72.66666666666667
0100 72.77777777777779
0001 72.88888888888889
1000 73.11111111111111
0100 73.33333333333333
0010 73.44444444444444
0001 73.55555555555556
1000 73.66666666666666
0001 73.77777777777777
0100 73.88888888888889
0001 74.0
2000 74.11111111111111
3100 74.44444444444444
0010 74.55555555555556
0001 74.66666666666666
1000 74.77777777777777
0001 74.88888888888889
1000 74.99999999999999
0010 75.1111111111111
1000 75.22222222222221
0010 75.33333333333333
1000 75.44444444444443
0100 75.55555555555554
0010 75.77777777777777
0001 75.99999999999999
0010 76.22222222222221
0100 76.44444444444444
1000 76.55555555555556
0010 76.66666666666667
1000 76.77777777777777
0002 76.88888888888889
0103 77.33333333333333
0010 77.55555555555556
1000 77.77777777777777
3001 78.22222222222221
0010 78.33333333333333
0100 78.44444444444444
1000 78.55555555555554
0010 78.66666666666666
0100 78.77777777777777
0001 78.88888888888889
1000 78.99999999999999
0001 79.1111111111111
0100 79.22222222222221
0010 79.33333333333333
1000 79.44444444444444
0100 79.55555555555554
0010 79.66666666666666
0001 79.77777777777777
1003 80.0
0010 80.07407407407408
0100 80.14814814814815
0010 80.22222222222223
1000 80.29629629629629
0001 80.37037037037037
1000 80.44444444444444
0001 80.51851851851852
0010 80.5925925925926
0100 80.66666666666667
1000 80.74074074074075
0100 80.81481481481481
0010 80.88888888888889
0001 80.96296296296296
1000 81.03703703703704
0001 81.11111111111111
0100 81.18518518518519
0010 81.25925925925925
1000 81.33333333333333
0010 81.4074074074074
0100 81.48148148148148
0001 81.55555555555556
1000 81.62962962962963
0001 81.70370370370371
0010 81.77777777777777
0100 81.85185185185185
1000 81.92592592592592
0001 82.0
0100 82.07407407407406
0001 82.14814814814814
1000 82.22222222222221
0100 82.29629629629629
0010 82.37037037037037
0100 82.44444444444444
1000 82.51851851851852
0001 82.59259259259258
0010 82.66666666666666
0100 82.74074074074073
1000 82.81481481481481
0001 82.88888888888889
1000 82.96296296296296
0010 83.03703703703702
0100 83.1111111111111
0010 83.18518518518518
1000 83.25925925925925
0001 83.33333333333333
0100 83.4074074074074
0001 83.48148148148148
1000 83.55555555555556
0100 83.77777777777779
0010 84.0
0001 84.11111111111111
1000 84.22222222222223
0001 84.33333333333333
0100 84.55555555555556
0010 84.77777777777779
1000 84.88888888888889
3001 85.33333333333333
0100 85.44444444444444
0010 85.66666666666666
1000 85.88888888888889
0001 86.1111111111111
0010 86.33333333333333
0100 86.44444444444444
1000 86.55555555555556
0100 86.66666666666666
0010 86.77777777777777
0001 86.88888888888889
1000 87.0
0001 87.1111111111111
0100 87.22222222222221
0010 87.33333333333333
1000 87.44444444444443
0010 87.55555555555554
0100 87.66666666666666
0001 87.88888888888887
0010 87.99999999999999
0100 88.1111111111111
2000 88.33333333333333
3002 88.66666666666666
0103 88.88888888888889
0100 89.11111111111111
0010 89.33333333333333
1000 89.44444444444444
0001 89.55555555555556
0010 89.66666666666666
0100 89.88888888888889
1000 90.0
0001 90.11111111111111
1000 90.33333333333333
0010 90.44444444444444
0100 90.66666666666666
0001 90.77777777777777
1000 90.88888888888889
0100 90.99999999999999
0010 91.1111111111111
0001 91.22222222222221
1000 91.33333333333333
0010 91.55555555555554
0100 91.77777777777777
0001 91.99999999999999
1003 92.44444444444444
0100 92.55555555555556
0010 92.77777777777777
0001 93.0
1000 93.11111111111111
0010 93.33333333333333
0100 93.44444444444444
0001 93.55555555555556
1000 93.66666666666667
0010 93.88888888888889
1000 94.11111111111111
0100 94.22222222222221
0010 94.33333333333333
0001 94.44444444444444
0100 94.55555555555554
0010 94.66666666666666
1000 94.77777777777777
0001 94.88888888888889
1000 95.1111111111111
0100 95.22222222222221
0020 95.44444444444444
0032 96.0
2003 96.33333333333333
3010 96.66666666666667
0100 96.88888888888889
0001 97.0
0100 97.11111111111111
0001 97.22222222222223
1000 97.44444444444444
0100 97.55555555555556
0010 97.66666666666667
0001 97.77777777777777
0100 98.1111111111111
0020 98.44444444444444
1030 99.1111111111111
3001 99.55555555555554
0100 99.77777777777777
0010 99.88888888888887
1000 100.1111111111111
0001 100.22222222222221
0010 100.44444444444443
0100 100.55555555555554
1000 100.66666666666666
0100 100.77777777777777
0020 100.88888888888887
0031 101.33333333333333
1000 101.44444444444444
0001 101.55555555555556
0100 101.66666666666666
0010 101.88888888888889
1000 102.1111111111111
0001 102.33333333333333
0010 102.55555555555556
0100 102.66666666666666
1000 102.88888888888889
0001 103.0
1000 103.1111111111111
0010 103.22222222222221
1000 103.33333333333333
0001 103.44444444444443
0010 103.55555555555554
0100 103.66666666666666
0010 103.77777777777777
0001 103.88888888888887
1000 103.99999999999999
0010 104.1111111111111
1000 104.22222222222221
0010 104.33333333333333
0100 104.55555555555554
0001 104.66666666666666
1000 104.88888888888889
0200 105.22222222222221
0310 105.55555555555556
0001 105.66666666666666
1000 105.77777777777777
0001 105.88888888888889
0100 106.0
2020 106.22222222222221
0030 106.55555555555556
3002 106.66666666666666
0013 106.99999999999999
0100 107.1111111111111
1000 107.22222222222221
0001 107.33333333333333
0100 107.44444444444443
0010 107.66666666666666
1000 107.88888888888889
0002 107.99999999999999
0023 108.22222222222221
0130 108.44444444444444
1000 108.55555555555556
0001 108.66666666666667
1000 108.88888888888889
0010 109.0
0100 109.11111111111111
0001 109.22222222222221
0010 109.33333333333333
0001 109.44444444444444
1000 109.55555555555556
0002 109.66666666666667
0013 110.0
0100 110.11111111111111
1000 110.22222222222221
0010 110.33333333333333
1000 110.44444444444444
0001 110.55555555555554
0010 110.66666666666666
0100 110.77777777777777
0010 110.88888888888889
0001 110.99999999999999
1000 111.1111111111111
0010 111.22222222222221
1000 111.33333333333333
0020 111.44444444444444
1030 112.0
0100 112.33333333333333
0010 112.66666666666667
0001 113.0
1000 113.33333333333333
0010 113.55555555555556
0100 113.77777777777777
0300 113.88888888888889
0100 114.1111111111111
0300 114.22222222222221
0001 114.44444444444444
0003 114.55555555555554
0001 114.88888888888889
0003 115.0
0001 115.22222222222221
0003 115.33333333333333
0010 115.55555555555554
0030 115.66666666666666
0010 115.88888888888887
0030 115.99999999999999
0100 116.22222222222221
0300 116.33333333333331
0100 116.66666666666666
0300 116.77777777777777
0100 116.99999999999999
0300 117.1111111111111
1000 117.33333333333333
3000 117.44444444444444
1000 117.66666666666666
3000 117.77777777777777
0001 118.0
0003 118.1111111111111
0001 118.44444444444444
0003 118.55555555555556
0001 118.77777777777777
0003 118.88888888888889
0100 119.1111111111111
0300 119.22222222222221
0100 119.44444444444443
0300 119.55555555555554
0001 119.77777777777777
0003 119.88888888888887
0001 120.22222222222221
0003 120.33333333333333
0001 120.55555555555554
0003 120.66666666666666
1000 120.88888888888889
3000 121.0
1000 121.22222222222221
3000 121.33333333333333
0010 121.55555555555556
0030 121.66666666666666
0010 122.0
0030 122.11111111111111
0010 122.33333333333333
0030 122.44444444444444
0100 122.66666666666666
0300 122.77777777777777
0100 122.99999999999999
0300 123.1111111111111
0001 123.33333333333333
0003 123.44444444444443
0001 123.77777777777777
0003 123.88888888888889
0001 124.1111111111111
0003 124.22222222222221
0010 124.44444444444444
0030 124.55555555555556
0010 124.77777777777777
0030 124.88888888888889
0100 125.11111111111111
0300 125.22222222222221
0100 125.55555555555556
0300 125.66666666666667
0100 125.88888888888889
0300 126.0
1000 126.22222222222221
0001 126.44444444444444
1000 126.55555555555554
0001 126.77777777777777
0100 126.88888888888889
0010 127.1111111111111
1000 127.33333333333333
0001 127.55555555555554
0010 127.62962962962962
0100 127.7037037037037
1000 127.77777777777777
0001 127.85185185185185
0010 127.92592592592592
0200 128.0
0300 129.52777777777777
