TITLE Starlight Express
BPM   180.0
NOTES
09 5.333333333333333
08 5.5
02 5.666666666666666
04 5.833333333333333
01 6.0
02 6.166666666666666
04 6.333333333333333
08 6.5
01 6.666666666666666
08 6.833333333333333
01 6.999999999999999
04 7.166666666666666
02 7.333333333333333
04 7.499999999999999
01 7.666666666666666
08 7.833333333333332
04 8.0
08 8.166666666666666
02 8.333333333333334
04 8.5
01 8.666666666666666
08 8.833333333333334
04 9.0
02 9.083333333333334
01 9.166666666666666
08 9.25
01 9.333333333333332
08 9.499999999999998
02 9.666666666666666
04 9.749999999999998
01 9.833333333333332
08 9.999999999999998
04 10.166666666666666
02 10.249999999999998
04 10.416666666666666
08 10.499999999999998
01 10.583333333333332
08 10.666666666666666
02 10.833333333333332
04 11.0
01 11.166666666666666
05 11.5
10 11.833333333333332
08 12.0
01 12.166666666666666
03 12.5
04 12.666666666666666
08 12.833333333333334
04 13.0
02 13.166666666666666
01 13.333333333333332
04 13.499999999999998
02 13.666666666666666
08 13.833333333333332
10 14.166666666666666
05 14.499999999999998
09 14.833333333333332
03 15.166666666666666
04 15.333333333333332
02 15.5
02 15.666666666666666
01 15.833333333333332
08 16.0
02 16.166666666666668
08 16.333333333333332
01 16.5
09 16.833333333333332
03 17.166666666666668
02 17.333333333333332
01 17.5
09 17.833333333333332
02 18.0
08 18.166666666666664
01 18.333333333333332
02 18.5
01 18.666666666666664
08 18.833333333333332
04 18.999999999999996
08 19.166666666666664
12 19.499999999999996
05 19.833333333333332
12 20.166666666666668
01 20.5
09 20.666666666666668
08 20.833333333333332
01 20.916666666666668
04 21.0
01 21.083333333333332
04 21.166666666666668
02 21.25
08 21.333333333333332
02 22.095238095238095
09 22.285714285714285
08 22.476190476190474
02 22.666666666666664
04 22.833333333333332
01 22.916666666666664
08 22.999999999999996
04 23.166666666666664
02 23.333333333333332
04 23.499999999999996
08 23.583333333333332
01 23.833333333333332
04 24.0
02 24.166666666666668
08 24.25
02 24.333333333333332
04 24.5
02 24.666666666666668
08 24.833333333333332
01 25.0
03 25.333333333333332
02 25.5
04 25.583333333333332
08 25.75
04 25.833333333333332
02 26.0
01 26.166666666666664
08 26.25
01 26.333333333333332
04 26.5
02 26.666666666666664
08 26.833333333333332
01 26.916666666666664
02 27.083333333333332
04 27.249999999999996
08 27.333333333333332
01 27.499999999999996
04 27.583333333333332
02 27.749999999999996
08 28.166666666666668
01 28.333333333333332
08 28.5
04 28.666666666666668
02 28.833333333333332
01 29.0
04 29.5
02 29.583333333333332
04 29.666666666666664
01 29.833333333333332
08 30.0
04 30.166666666666664
02 30.333333333333332
01 30.833333333333332
08 30.916666666666664
01 30.999999999999996
04 31.166666666666664
02 31.333333333333332
08 31.499999999999996
01 31.666666666666664
08 32.166666666666664
04 32.333333333333336
08 32.5
02 32.666666666666664
04 32.833333333333336
01 33.0
02 33.166666666666664
04 33.33333333333333
08 33.416666666666664
04 33.49999999999999
08 33.58333333333333
04 33.666666666666664
08 33.74999999999999
04 33.83333333333333
08 33.916666666666664
01 33.99999999999999
04 34.166666666666664
02 34.33333333333333
08 34.49999999999999
01 34.666666666666664
02 34.75
01 34.83333333333333
02 34.916666666666664
01 35.0
02 35.08333333333333
01 35.166666666666664
02 35.25
04 35.33333333333333
08 35.416666666666664
01 35.5
08 35.58333333333333
02 35.666666666666664
04 36.0
01 36.111111111111114
04 36.166666666666664
01 36.27777777777778
04 36.333333333333336
01 36.44444444444444
04 36.5
01 36.611111111111114
04 36.666666666666664
02 36.833333333333336
08 36.916666666666664
01 37.0
02 37.166666666666664
04 37.33333333333333
04 37.49999999999999
08 37.666666666666664
01 37.74999999999999
08 37.83333333333333
01 37.916666666666664
04 37.99999999999999
02 38.166666666666664
08 38.24999999999999
01 38.416666666666664
08 38.83333333333333
04 38.916666666666664
02 39.0
01 39.166666666666664
08 39.33333333333333
02 39.416666666666664
08 39.5
02 39.58333333333333
04 39.666666666666664
04 39.83333333333333
01 40.166666666666664
02 40.25
04 40.333333333333336
08 40.5
01 40.666666666666664
08 40.77777777777778
01 40.833333333333336
08 40.94444444444444
01 41.0
08 41.111111111111114
01 41.166666666666664
04 41.49999999999999
02 41.58333333333333
04 41.666666666666664
01 41.83333333333333
08 41.99999999999999
04 42.166666666666664
02 42.33333333333333
01 42.49999999999999
08 42.666666666666664
01 42.83333333333333
01 43.0
01 43.166666666666664
04 43.33333333333333
02 43.5
08 43.58333333333333
01 43.666666666666664
08 43.75
01 43.83333333333333
08 43.916666666666664
01 44.0
02 44.833333333333336
02 45.0
09 45.33333333333333
08 45.49999999999999
01 45.666666666666664
02 45.83333333333333
06 45.99999999999999
04 46.166666666666664
08 46.33333333333333
01 46.49999999999999
04 46.75
02 46.83333333333333
04 46.916666666666664
01 47.0
08 47.08333333333333
04 47.25
02 47.33333333333333
01 47.5
08 47.58333333333333
02 47.666666666666664
08 47.75
02 47.83333333333333
08 47.916666666666664
01 48.0
02 48.166666666666664
01 48.333333333333336
08 48.5
02 48.666666666666664
04 48.833333333333336
02 49.0
08 49.166666666666664
01 49.33333333333333
02 49.416666666666664
04 49.49999999999999
02 49.666666666666664
01 49.83333333333333
04 49.99999999999999
02 50.166666666666664
08 50.33333333333333
01 50.49999999999999
08 50.58333333333333
01 50.666666666666664
02 50.83333333333333
01 51.0
04 51.166666666666664
02 51.25
08 51.5
02 51.666666666666664
04 51.83333333333333
01 52.0
08 52.166666666666664
01 52.333333333333336
08 52.5
04 52.666666666666664
02 52.75
04 52.833333333333336
02 52.916666666666664
01 53.0
08 53.166666666666664
02 53.25
04 53.33333333333333
02 53.49999999999999
08 53.666666666666664
01 53.83333333333333
08 54.166666666666664
04 54.33333333333333
08 54.49999999999999
01 54.666666666666664
04 54.83333333333333
02 55.0
08 55.166666666666664
01 55.25
08 55.33333333333333
01 55.416666666666664
02 55.5
06 55.666666666666664
04 55.83333333333333
09 56.0
08 56.166666666666664
02 56.333333333333336
08 56.5
01 56.666666666666664
02 56.833333333333336
04 57.0
02 57.166666666666664
01 57.49999999999999
08 57.58333333333333
02 57.666666666666664
04 57.74999999999999
01 57.916666666666664
08 57.99999999999999
04 58.166666666666664
02 58.33333333333333
01 58.49999999999999
08 58.58333333333333
02 58.666666666666664
04 58.83333333333333
02 59.0
08 59.166666666666664
01 59.33333333333333
08 59.5
04 59.666666666666664
04 59.83333333333333
02 60.166666666666664
04 60.333333333333336
08 60.5
01 60.666666666666664
04 60.833333333333336
02 61.0
08 61.166666666666664
01 61.33333333333333
09 61.666666666666664
12 61.99999999999999
02 62.166666666666664
04 62.33333333333333
08 62.49999999999999
02 62.83333333333333
08 63.0
02 63.166666666666664
04 63.33333333333333
01 63.5
02 63.666666666666664
04 63.83333333333333
08 64.0
09 64.33333333333333
05 64.66666666666667
02 64.83333333333333
08 65.0
01 65.16666666666667
02 65.5
01 65.66666666666666
08 65.83333333333333
01 65.91666666666666
08 66.08333333333333
02 66.16666666666666
04 66.25
01 66.33333333333333
08 66.41666666666666
01 66.5
08 66.58333333333333
02 66.66666666666666
08 66.83333333333333
04 66.99999999999999
02 67.16666666666666
01 67.33333333333333
02 67.49999999999999
04 67.66666666666666
08 67.83333333333333
09 68.0
01 68.16666666666667
04 68.33333333333333
02 68.5
08 68.66666666666667
02 68.83333333333333
04 69.0
01 69.16666666666667
09 69.33333333333333
08 69.5
01 69.66666666666666
08 69.83333333333333
09 70.0
08 70.16666666666666
01 70.25
08 70.33333333333333
01 70.41666666666666
08 70.5
01 70.58333333333333
08 70.66666666666666
04 70.74999999999999
02 70.83333333333333
01 70.91666666666666
08 70.99999999999999
04 71.08333333333333
02 71.16666666666666
01 71.24999999999999
08 71.33333333333333
02 71.41666666666666
04 71.49999999999999
01 71.58333333333333
08 71.66666666666666
02 71.74999999999999
04 71.83333333333333
01 71.91666666666666
08 72.0
04 72.76190476190476
09 72.95238095238095
03 73.33333333333333
01 73.5
04 73.66666666666666
02 73.83333333333333
10 74.16666666666666
09 74.5
01 74.66666666666666
02 74.83333333333333
06 75.16666666666666
08 75.33333333333333
04 75.49999999999999
02 75.66666666666666
01 75.83333333333333
08 76.0
02 76.16666666666667
04 76.33333333333333
01 76.5
05 76.83333333333333
09 77.16666666666667
12 77.5
06 77.83333333333333
01 78.0
02 78.16666666666666
02 78.33333333333333
01 78.5
04 78.66666666666666
04 78.99999999999999
02 80.0
01 80.66666666666667
02 81.0
02 81.33333333333333
08 81.5
04 81.66666666666666
02 81.83333333333333
06 82.16666666666666
12 82.5
10 82.83333333333333
02 83.16666666666666
06 83.33333333333333
04 83.49999999999999
02 83.58333333333333
08 83.66666666666666
02 83.74999999999999
08 83.83333333333333
01 83.91666666666666
02 84.0
04 84.16666666666667
08 84.33333333333333
01 84.5
09 84.83333333333333
05 85.16666666666667
04 85.33333333333333
02 85.5
08 85.66666666666666
04 85.83333333333333
02 86.0
01 86.16666666666666
08 86.33333333333333
01 86.5
04 86.66666666666666
02 86.83333333333333
08 86.99999999999999
04 87.16666666666666
06 87.49999999999999
09 87.83333333333333
10 88.16666666666667
06 88.5
01 88.66666666666667
04 88.83333333333333
02 89.0
08 89.16666666666667
01 89.33333333333333
02 89.41666666666666
01 89.5
08 89.58333333333333
01 89.66666666666666
04 89.75
02 89.83333333333333
08 90.0
01 90.08333333333333
08 90.16666666666666
01 90.33333333333333
04 90.41666666666666
02 90.5
08 90.66666666666666
04 90.83333333333333
02 90.99999999999999
04 91.16666666666666
08 91.33333333333333
01 91.49999999999999
08 91.66666666666666
01 91.83333333333333
02 92.0
04 92.16666666666667
08 92.33333333333333
01 92.5
09 92.83333333333333
05 93.16666666666667
12 93.5
04 93.83333333333333
06 94.0
02 94.16666666666666
01 94.25
08 94.33333333333333
02 94.41666666666666
08 94.5
01 94.58333333333333
02 94.66666666666666
04 95.49999999999999
09 95.66666666666666
08 96.0
02 96.16666666666667
08 96.33333333333333
02 96.5
04 96.66666666666667
02 96.83333333333333
04 97.0
01 97.16666666666667
02 97.33333333333333
04 97.5
08 97.66666666666666
01 97.83333333333333
09 98.16666666666666
04 98.33333333333333
08 98.5
01 98.66666666666666
04 98.83333333333333
01 98.99999999999999
04 99.16666666666666
02 99.33333333333333
04 99.49999999999999
02 99.66666666666666
08 99.83333333333333
01 100.0
02 100.16666666666667
04 100.33333333333333
08 100.5
12 100.83333333333333
02 101.0
01 101.16666666666667
09 101.33333333333333
08 101.5
02 101.66666666666666
08 101.83333333333333
01 102.0
02 102.16666666666666
01 102.33333333333333
02 102.5
04 102.66666666666666
08 102.83333333333333
04 102.99999999999999
02 103.16666666666666
01 103.33333333333333
03 103.49999999999999
04 103.66666666666666
02 103.83333333333333
08 104.0
01 104.16666666666667
08 104.33333333333333
02 104.5
04 104.66666666666667
02 104.83333333333333
08 105.0
01 105.08333333333333
02 105.16666666666667
04 105.25
08 105.33333333333333
01 105.5111111111111
02 105.68888888888888
04 105.86666666666666
01 105.95555555555555
08 106.13333333333333
04 106.22222222222221
02 106.39999999999999
04 106.48888888888888
08 106.57777777777777
01 106.66666666666666
