TITLE Starlight Express
BPM   180.0
NOTES
1001 5.325333333333333
1000 5.492
0010 5.658666666666666
0100 5.825333333333333
0001 5.992
0010 6.158666666666666
0100 6.325333333333333
1000 6.492
0001 6.658666666666666
1000 6.825333333333333
0001 6.991999999999999
0100 7.158666666666666
0010 7.325333333333333
0100 7.491999999999999
0001 7.658666666666666
1000 7.825333333333332
0100 7.992
1000 8.158666666666667
0010 8.325333333333335
0100 8.492
0001 8.658666666666667
1000 8.825333333333335
0100 8.992
0010 9.075333333333335
0001 9.158666666666667
1000 9.242
0001 9.325333333333333
1000 9.491999999999999
0010 9.658666666666667
0100 9.741999999999999
0001 9.825333333333333
1000 9.991999999999999
0100 10.158666666666667
0010 10.241999999999999
0100 10.408666666666667
1000 10.491999999999999
0001 10.575333333333333
1000 10.658666666666667
0010 10.825333333333333
0100 10.992
0001 11.158666666666667
0101 11.492
1010 11.825333333333333
1000 11.992
0002 12.158666666666667
0013 12.492
0100 12.658666666666667
1000 12.825333333333335
0100 12.992
0010 13.158666666666667
0001 13.325333333333333
0100 13.491999999999999
0010 13.658666666666667
1000 13.825333333333333
1010 14.158666666666667
0101 14.491999999999999
1002 14.825333333333333
0013 15.158666666666667
0100 15.325333333333333
0010 15.492
0010 15.658666666666667
0001 15.825333333333333
1000 15.992
0010 16.15866666666667
1000 16.325333333333333
0001 16.492
1001 16.825333333333333
0011 17.15866666666667
0010 17.325333333333333
0002 17.492
1003 17.825333333333333
0010 17.992
1000 18.158666666666665
0001 18.325333333333333
0010 18.492
0001 18.658666666666665
1000 18.825333333333333
0100 18.991999999999997
1000 19.158666666666665
1100 19.491999999999997
0101 19.825333333333333
1100 20.15866666666667
0001 20.492
1001 20.65866666666667
1000 20.825333333333333
0001 20.90866666666667
0100 20.992
0001 21.075333333333333
0100 21.15866666666667
0010 21.242
1000 21.325333333333333
0010 22.087238095238096
1001 22.277714285714286
1000 22.468190476190475
0010 22.658666666666665
0100 22.825333333333333
0001 22.908666666666665
1000 22.991999999999997
0100 23.158666666666665
0010 23.325333333333333
0100 23.491999999999997
1000 23.575333333333333
0001 23.825333333333333
0100 23.992
0010 24.15866666666667
1000 24.242
0010 24.325333333333333
0100 24.492
0010 24.65866666666667
1000 24.825333333333333
0001 24.992
0011 25.325333333333333
0010 25.492
0100 25.575333333333333
1000 25.742
0100 25.825333333333333
0010 25.992
0001 26.158666666666665
1000 26.242
0001 26.325333333333333
0100 26.492
0010 26.658666666666665
1000 26.825333333333333
0001 26.908666666666665
0010 27.075333333333333
0100 27.241999999999997
1000 27.325333333333333
0001 27.491999999999997
0100 27.575333333333333
0010 27.741999999999997
1000 28.15866666666667
0001 28.325333333333333
1000 28.492
0100 28.65866666666667
0010 28.825333333333333
0001 28.992
0100 29.492
0010 29.575333333333333
0100 29.658666666666665
0001 29.825333333333333
1000 29.992
0100 30.158666666666665
0010 30.325333333333333
0001 30.825333333333333
1000 30.908666666666665
0001 30.991999999999997
0100 31.158666666666665
0010 31.325333333333333
1000 31.491999999999997
0001 31.658666666666665
1000 32.15866666666666
0100 32.32533333333333
1000 32.492
0010 32.65866666666666
0100 32.82533333333333
0001 32.992
0010 33.15866666666666
0100 33.325333333333326
1000 33.40866666666666
0100 33.49199999999999
1000 33.575333333333326
0100 33.65866666666666
1000 33.74199999999999
0100 33.825333333333326
1000 33.90866666666666
0001 33.99199999999999
0100 34.15866666666666
0010 34.325333333333326
1000 34.49199999999999
0001 34.65866666666666
0010 34.742
0001 34.825333333333326
0010 34.90866666666666
0001 34.992
0010 35.075333333333326
0001 35.15866666666666
0010 35.242
0100 35.325333333333326
1000 35.40866666666666
0001 35.492
1000 35.575333333333326
0010 35.65866666666666
0100 35.992
0001 36.10311111111111
0100 36.15866666666666
0001 36.269777777777776
0100 36.32533333333333
0001 36.43644444444444
0100 36.492
0001 36.60311111111111
0100 36.65866666666666
0010 36.82533333333333
1000 36.90866666666666
0001 36.992
0010 37.15866666666666
0100 37.325333333333326
0100 37.49199999999999
1000 37.65866666666666
0001 37.74199999999999
1000 37.825333333333326
0001 37.90866666666666
0100 37.99199999999999
0010 38.15866666666666
1000 38.24199999999999
0001 38.40866666666666
1000 38.825333333333326
0100 38.90866666666666
0010 38.992
0001 39.15866666666666
1000 39.325333333333326
0010 39.40866666666666
1000 39.492
0010 39.575333333333326
0100 39.65866666666666
0100 39.825333333333326
0001 40.15866666666666
0010 40.242
0100 40.32533333333333
1000 40.492
0001 40.65866666666666
1000 40.769777777777776
0001 40.82533333333333
1000 40.93644444444444
0001 40.992
1000 41.10311111111111
0001 41.15866666666666
0100 41.49199999999999
0010 41.575333333333326
0100 41.65866666666666
0001 41.825333333333326
1000 41.99199999999999
0100 42.15866666666666
0010 42.325333333333326
0001 42.49199999999999
1000 42.65866666666666
0001 42.825333333333326
0001 42.992
0001 43.15866666666666
0100 43.325333333333326
0010 43.492
1000 43.575333333333326
0001 43.65866666666666
1000 43.742
0001 43.825333333333326
1000 43.90866666666666
0001 43.992
0010 44.82533333333333
0010 44.992
1001 45.325333333333326
1000 45.49199999999999
0001 45.65866666666666
0010 45.825333333333326
0110 45.99199999999999
0100 46.15866666666666
1000 46.325333333333326
0001 46.49199999999999
0100 46.742
0010 46.825333333333326
0100 46.90866666666666
0001 46.992
1000 47.075333333333326
0100 47.242
0010 47.325333333333326
0001 47.492
1000 47.575333333333326
0010 47.65866666666666
1000 47.742
0010 47.825333333333326
1000 47.90866666666666
0001 47.992
0010 48.15866666666666
0001 48.32533333333333
1000 48.492
0010 48.65866666666666
0100 48.82533333333333
0010 48.992
1000 49.15866666666666
0001 49.325333333333326
0010 49.40866666666666
0100 49.49199999999999
0010 49.65866666666666
0001 49.825333333333326
0100 49.99199999999999
0010 50.15866666666666
1000 50.325333333333326
0001 50.49199999999999
1000 50.575333333333326
0001 50.65866666666666
0010 50.825333333333326
0001 50.992
0100 51.15866666666666
0010 51.242
1000 51.492
0010 51.65866666666666
0100 51.825333333333326
0001 51.992
1000 52.15866666666666
0001 52.32533333333333
1000 52.492
0100 52.65866666666666
0010 52.742
0100 52.82533333333333
0010 52.90866666666666
0001 52.992
1000 53.15866666666666
0010 53.242
0100 53.325333333333326
0010 53.49199999999999
1000 53.65866666666666
0001 53.825333333333326
1000 54.15866666666666
0100 54.325333333333326
1000 54.49199999999999
0001 54.65866666666666
0100 54.825333333333326
0010 54.992
1000 55.15866666666666
0001 55.242
1000 55.325333333333326
0001 55.40866666666666
0010 55.492
0110 55.65866666666666
0100 55.825333333333326
1001 55.992
1000 56.15866666666666
0010 56.32533333333333
1000 56.492
0001 56.65866666666666
0010 56.82533333333333
0100 56.992
0010 57.15866666666666
0001 57.49199999999999
1000 57.575333333333326
0010 57.65866666666666
0100 57.74199999999999
0001 57.90866666666666
1000 57.99199999999999
0100 58.15866666666666
0010 58.325333333333326
0001 58.49199999999999
1000 58.575333333333326
0010 58.65866666666666
0100 58.825333333333326
0010 58.992
1000 59.15866666666666
0001 59.325333333333326
1000 59.492
0200 59.65866666666666
0300 59.825333333333326
0010 60.15866666666666
0100 60.32533333333333
1000 60.492
0001 60.65866666666666
0100 60.82533333333333
0010 60.992
1000 61.15866666666666
0001 61.325333333333326
2001 61.65866666666666
3100 61.99199999999999
0010 62.15866666666666
0100 62.325333333333326
1000 62.49199999999999
0010 62.825333333333326
1000 62.992
0010 63.15866666666666
0100 63.325333333333326
0001 63.492
0010 63.65866666666666
0100 63.825333333333326
1000 63.992
1002 64.32533333333333
0103 64.65866666666668
0010 64.82533333333333
1000 64.992
0001 65.15866666666668
0010 65.492
0001 65.65866666666666
1000 65.82533333333333
0001 65.90866666666666
1000 66.07533333333333
0010 66.15866666666666
0100 66.242
0001 66.32533333333333
1000 66.40866666666666
0001 66.492
1000 66.57533333333333
0010 66.65866666666666
1000 66.82533333333333
0100 66.99199999999999
0010 67.15866666666666
0001 67.32533333333333
0010 67.49199999999999
0100 67.65866666666666
1000 67.82533333333333
1001 67.992
0001 68.15866666666668
0100 68.32533333333333
0010 68.492
1000 68.65866666666668
0010 68.82533333333333
0100 68.992
0001 69.15866666666668
1001 69.32533333333333
1000 69.492
0001 69.65866666666666
1000 69.82533333333333
1001 69.992
1000 70.15866666666666
0001 70.242
1000 70.32533333333333
0001 70.40866666666666
1000 70.492
0001 70.57533333333333
1000 70.65866666666666
0100 70.74199999999999
0010 70.82533333333333
0001 70.90866666666666
1000 70.99199999999999
0100 71.07533333333333
0010 71.15866666666666
0001 71.24199999999999
1000 71.32533333333333
0010 71.40866666666666
0100 71.49199999999999
0001 71.57533333333333
1000 71.65866666666666
0010 71.74199999999999
0100 71.82533333333333
0001 71.90866666666666
1000 71.992
0100 72.75390476190476
1001 72.94438095238095
0011 73.32533333333333
0001 73.492
0100 73.65866666666666
0010 73.82533333333333
1010 74.15866666666666
1001 74.492
0001 74.65866666666666
0020 74.82533333333333
0130 75.15866666666666
1000 75.32533333333333
0100 75.49199999999999
0010 75.65866666666666
0001 75.82533333333333
1000 75.992
0010 76.15866666666668
0100 76.32533333333333
0001 76.492
0101 76.82533333333333
1001 77.15866666666668
1200 77.492
0310 77.82533333333333
0001 77.992
0010 78.15866666666666
0010 78.32533333333333
0001 78.492
0100 78.65866666666666
0100 78.99199999999999
0010 79.992
0001 80.65866666666668
0010 80.992
0010 81.32533333333333
1000 81.492
0100 81.65866666666666
0010 81.82533333333333
0110 82.15866666666666
1100 82.492
1010 82.82533333333333
0010 83.15866666666666
0110 83.32533333333333
0100 83.49199999999999
0010 83.57533333333333
1000 83.65866666666666
0010 83.74199999999999
1000 83.82533333333333
0001 83.90866666666666
0010 83.992
0100 84.15866666666668
1000 84.32533333333333
0001 84.492
1001 84.82533333333333
0101 85.15866666666668
0100 85.32533333333333
0010 85.492
1000 85.65866666666666
0100 85.82533333333333
0010 85.992
0001 86.15866666666666
1000 86.32533333333333
0001 86.492
0100 86.65866666666666
0010 86.82533333333333
1000 86.99199999999999
0100 87.15866666666666
0110 87.49199999999999
1001 87.82533333333333
1020 88.15866666666668
0130 88.492
0001 88.65866666666668
0100 88.82533333333333
0010 88.992
1000 89.15866666666668
0001 89.32533333333333
0010 89.40866666666666
0001 89.492
1000 89.57533333333333
0001 89.65866666666666
0100 89.742
0010 89.82533333333333
1000 89.992
0001 90.07533333333333
1000 90.15866666666666
0001 90.32533333333333
0100 90.40866666666666
0010 90.492
1000 90.65866666666666
0100 90.82533333333333
0010 90.99199999999999
0100 91.15866666666666
1000 91.32533333333333
0001 91.49199999999999
1000 91.65866666666666
0001 91.82533333333333
0010 91.992
0100 92.15866666666668
1000 92.32533333333333
0001 92.492
1001 92.82533333333333
0101 93.15866666666668
1100 93.492
0100 93.82533333333333
0110 93.992
0010 94.15866666666666
0001 94.242
1000 94.32533333333333
0010 94.40866666666666
1000 94.492
0001 94.57533333333333
0010 94.65866666666666
0100 95.49199999999999
1001 95.65866666666666
1000 95.992
0010 96.15866666666668
1000 96.32533333333333
0010 96.492
0100 96.65866666666668
0010 96.82533333333333
0100 96.992
0001 97.15866666666668
0010 97.32533333333333
0100 97.492
1000 97.65866666666666
0002 97.82533333333333
1003 98.15866666666666
0100 98.32533333333333
1000 98.492
0001 98.65866666666666
0100 98.82533333333333
0001 98.99199999999999
0100 99.15866666666666
0010 99.32533333333333
0100 99.49199999999999
0010 99.65866666666666
1000 99.82533333333333
0001 99.992
0010 100.15866666666668
0100 100.32533333333333
2000 100.492
3100 100.82533333333333
0010 100.992
0001 101.15866666666668
1001 101.32533333333333
1000 101.492
0010 101.65866666666666
1000 101.82533333333333
0001 101.992
0010 102.15866666666666
0001 102.32533333333333
0010 102.492
0100 102.65866666666666
1000 102.82533333333333
0100 102.99199999999999
0020 103.15866666666666
0001 103.32533333333333
0031 103.49199999999999
0100 103.65866666666666
0010 103.82533333333333
1000 103.992
0001 104.15866666666668
1000 104.32533333333333
0010 104.492
0100 104.65866666666668
0010 104.82533333333333
1000 104.992
0001 105.07533333333333
0010 105.15866666666668
0100 105.242
1000 105.32533333333333
0001 105.50311111111111
0010 105.68088888888889
0100 105.85866666666666
0001 105.94755555555555
1000 106.12533333333333
0100 106.21422222222222
0010 106.392
0100 106.48088888888888
1000 106.56977777777777
0001 106.65866666666666
