TITLE Sumidagawa Natsu Koi Uta
BPM   180.0
NOTES
1001 2.6666666666666665
1000 3.1666666666666665
0100 3.25
0010 3.333333333333333
0001 3.833333333333333
1000 4.0
0010 4.166666666666667
0100 4.25
0010 4.333333333333333
2000 4.5
3100 4.833333333333333
0010 5.0
0001 5.166666666666666
1000 5.333333333333333
0001 5.833333333333333
0100 5.916666666666666
0010 6.0
1000 6.5
0100 6.583333333333333
0010 6.666666666666666
0001 6.833333333333333
1000 6.916666666666666
0010 6.999999999999999
0100 7.166666666666666
0001 7.333333333333333
0100 7.666666666666666
0010 7.833333333333332
1000 8.0
0100 8.5
0010 8.583333333333334
0100 8.666666666666666
1000 9.166666666666666
0001 9.333333333333332
0010 9.499999999999998
0001 9.583333333333332
1000 9.666666666666666
0002 9.833333333333332
1003 10.166666666666666
0010 10.333333333333332
0100 10.499999999999998
0001 10.666666666666666
0010 11.166666666666666
0100 11.25
1000 11.333333333333332
0010 11.833333333333332
0100 11.916666666666666
0010 12.0
1000 12.166666666666666
0010 12.25
0100 12.333333333333334
0001 12.5
0010 12.666666666666666
0100 13.0
1000 13.166666666666666
0001 13.333333333333332
0011 13.666666666666666
0010 13.833333333333332
0100 14.166666666666666
1100 14.333333333333332
1000 14.499999999999998
0001 14.666666666666666
1000 14.833333333333332
0100 15.0
0010 15.166666666666666
0001 15.333333333333332
1000 15.5
0010 15.666666666666666
1000 15.833333333333332
0001 16.0
0100 16.5
0010 16.583333333333332
1000 16.666666666666668
1001 17.0
0001 17.166666666666668
0010 17.333333333333332
0011 17.666666666666664
0001 17.833333333333332
1000 18.0
0100 18.166666666666664
0010 18.333333333333332
0001 18.5
1000 18.666666666666664
1001 18.999999999999996
0001 19.166666666666664
0010 19.499999999999996
0110 19.666666666666664
0100 19.833333333333332
1000 20.0
0001 20.166666666666668
0100 20.333333333333332
0010 20.5
1000 20.666666666666668
0001 20.833333333333332
0100 20.916666666666668
0010 21.0
1000 21.166666666666668
1100 21.333333333333332
0100 21.5
1100 21.666666666666664
1000 21.833333333333332
1001 22.0
0001 22.166666666666664
0011 22.333333333333332
0010 22.5
0001 22.666666666666664
0010 22.749999999999996
0100 22.833333333333332
1000 22.999999999999996
0001 23.166666666666664
1000 23.333333333333332
0001 23.666666666666664
0100 23.833333333333332
0010 24.0
1010 24.333333333333332
1000 24.5
0010 24.583333333333332
0100 24.666666666666668
0101 25.0
0001 25.166666666666668
1000 25.333333333333332
0100 25.5
1000 25.583333333333332
0100 25.666666666666664
2000 25.833333333333332
3001 26.166666666666664
0101 26.333333333333332
0100 26.5
0001 26.666666666666664
1001 26.999999999999996
1000 27.166666666666664
0100 27.249999999999996
0010 27.333333333333332
1001 27.666666666666664
1000 27.833333333333332
0001 28.0
0010 28.166666666666668
0001 28.25
0010 28.333333333333332
0100 28.5
1000 28.666666666666668
1001 29.0
0001 29.166666666666668
1000 29.333333333333332
1010 29.666666666666664
0010 29.833333333333332
0100 29.916666666666664
0001 30.0
1001 30.333333333333332
1000 30.5
0010 30.666666666666664
1000 30.916666666666664
0001 30.999999999999996
2000 31.166666666666664
3100 31.499999999999996
0110 31.666666666666664
0010 31.833333333333332
0001 32.0
0101 32.333333333333336
0100 32.5
0010 32.583333333333336
0100 32.666666666666664
0101 33.0
0001 33.166666666666664
1000 33.25
0010 33.33333333333333
0100 33.49999999999999
0001 33.58333333333333
1000 33.666666666666664
0100 33.83333333333333
0010 33.99999999999999
0011 34.33333333333333
0001 34.49999999999999
1000 34.666666666666664
0100 34.83333333333333
0100 35.0
0100 35.166666666666664
0100 35.33333333333333
0100 35.5
0100 35.666666666666664
0100 35.83333333333333
0100 36.0
0010 36.166666666666664
0001 36.333333333333336
1000 36.5
0001 36.666666666666664
0100 36.916666666666664
0010 37.0
1000 37.166666666666664
0001 37.33333333333333
1001 37.666666666666664
1000 37.83333333333333
0010 37.916666666666664
0100 37.99999999999999
0101 38.33333333333333
0001 38.49999999999999
0001 38.666666666666664
0001 38.83333333333333
0001 39.0
0001 39.166666666666664
0001 39.33333333333333
0001 39.5
0100 39.666666666666664
0100 39.83333333333333
0010 40.0
1000 40.166666666666664
1000 40.333333333333336
1000 40.5
1000 40.666666666666664
1000 40.833333333333336
1000 41.0
1000 41.166666666666664
1000 41.33333333333333
0001 41.49999999999999
0010 41.666666666666664
0100 41.83333333333333
0010 41.99999999999999
0001 42.166666666666664
1000 42.24999999999999
0001 42.33333333333333
0100 42.49999999999999
0110 42.666666666666664
0010 42.83333333333333
1010 43.0
1000 43.166666666666664
1001 43.33333333333333
0001 43.5
0011 43.666666666666664
0010 43.83333333333333
0100 44.0
1000 44.083333333333336
0001 44.166666666666664
0010 44.333333333333336
0100 44.5
1000 44.666666666666664
1100 45.0
0100 45.166666666666664
1000 45.33333333333333
0001 45.49999999999999
1000 45.666666666666664
0010 45.83333333333333
1000 45.99999999999999
0100 46.166666666666664
0010 46.33333333333333
0001 46.49999999999999
1000 46.666666666666664
0010 46.83333333333333
0100 47.0
0001 47.166666666666664
1000 47.33333333333333
0100 47.5
0010 47.58333333333333
0100 47.666666666666664
1000 47.83333333333333
0002 48.0
0013 48.333333333333336
1000 48.5
0020 48.666666666666664
0130 49.0
0010 49.166666666666664
0001 49.33333333333333
0100 49.83333333333333
0010 49.916666666666664
1000 49.99999999999999
0001 50.166666666666664
0001 50.33333333333333
1000 50.49999999999999
0001 50.666666666666664
0010 50.83333333333333
0001 51.0
0100 51.166666666666664
0001 51.33333333333333
1000 51.5
0100 51.666666666666664
0010 51.83333333333333
0001 52.0
1000 52.166666666666664
0010 52.333333333333336
1000 52.5
0001 52.666666666666664
0100 52.833333333333336
0010 52.916666666666664
1000 53.0
0001 53.166666666666664
1001 53.33333333333333
1000 53.49999999999999
1100 53.666666666666664
0100 53.83333333333333
0110 53.99999999999999
0010 54.166666666666664
0011 54.33333333333333
0001 54.49999999999999
1001 54.666666666666664
0011 55.0
0010 55.166666666666664
0100 55.25
0010 55.33333333333333
0001 55.666666666666664
0100 55.83333333333333
0010 56.0
1000 56.166666666666664
0001 56.333333333333336
1000 56.5
0010 56.666666666666664
1000 56.833333333333336
0100 57.0
0010 57.166666666666664
0001 57.33333333333333
1000 57.49999999999999
0010 57.666666666666664
1000 57.83333333333333
0001 57.99999999999999
1000 58.166666666666664
0100 58.24999999999999
0010 58.33333333333333
0001 58.49999999999999
2000 58.666666666666664
3010 59.0
0001 59.166666666666664
0020 59.33333333333333
1030 59.666666666666664
0010 59.83333333333333
0100 60.0
0001 60.5
0010 60.583333333333336
0100 60.666666666666664
1000 60.833333333333336
1000 61.0
0010 61.166666666666664
0100 61.33333333333333
0001 61.49999999999999
0010 61.666666666666664
0100 61.83333333333333
1000 61.99999999999999
0001 62.166666666666664
0100 62.33333333333333
0001 62.49999999999999
1000 62.666666666666664
0001 62.83333333333333
0010 63.0
0001 63.166666666666664
0100 63.33333333333333
0010 63.5
1000 63.666666666666664
0100 63.83333333333333
1100 64.0
1000 64.16666666666667
1001 64.33333333333333
0001 64.5
0101 64.66666666666667
0100 64.83333333333333
0110 65.0
0010 65.16666666666667
1010 65.33333333333333
1001 65.66666666666666
0001 65.83333333333333
0010 65.91666666666666
0100 66.0
0010 66.16666666666666
0001 66.33333333333333
1000 66.5
1001 66.66666666666666
0001 66.83333333333333
0010 66.99999999999999
0001 67.16666666666666
0010 67.33333333333333
0100 67.49999999999999
1000 67.66666666666666
0010 67.83333333333333
1000 68.0
0100 68.16666666666667
0010 68.25
0001 68.33333333333333
0010 68.5
0001 68.58333333333333
1000 68.66666666666667
0010 68.83333333333333
0100 68.91666666666667
0001 69.0
1000 69.16666666666667
0001 69.33333333333333
0100 69.5
0010 69.66666666666666
0100 69.83333333333333
0001 70.0
1000 70.16666666666666
0001 70.33333333333333
1000 70.5
0001 70.66666666666666
0010 70.74999999999999
0001 70.83333333333333
0010 70.91666666666666
0100 70.99999999999999
1000 71.08333333333333
0100 71.16666666666666
1000 71.24999999999999
0001 71.33333333333333
0100 71.41666666666666
0001 71.49999999999999
0100 71.58333333333333
0010 71.66666666666666
1000 71.74999999999999
0010 71.83333333333333
1000 71.91666666666666
0001 72.0
0100 72.16666666666667
0001 72.33333333333333
0010 72.5
0001 72.66666666666667
1000 72.83333333333333
0100 73.0
0010 73.16666666666667
0001 73.33333333333333
0100 73.5
0010 73.58333333333333
0100 73.66666666666666
0001 73.83333333333333
1000 73.91666666666666
0010 74.0
0100 74.16666666666666
0001 74.25
0100 74.33333333333333
0001 74.5
1000 74.66666666666666
1000 74.83333333333333
1000 74.99999999999999
1000 75.16666666666666
0100 75.33333333333333
0100 75.49999999999999
0100 75.66666666666666
0100 75.83333333333333
0010 76.0
0010 76.16666666666667
0001 76.33333333333333
0001 76.5
1000 76.66666666666667
1001 77.0
0001 77.16666666666667
0100 77.33333333333333
0010 77.5
1000 77.66666666666666
0001 77.83333333333333
1000 78.0
0010 78.16666666666666
0100 78.33333333333333
0001 78.5
1000 78.66666666666666
0001 78.83333333333333
0100 78.99999999999999
0010 79.16666666666666
1000 79.33333333333333
0001 79.49999999999999
0010 79.58333333333333
0100 79.66666666666666
0010 79.83333333333333
0002 80.0
0103 80.33333333333333
1000 80.5
0200 80.66666666666667
0310 81.0
1000 81.16666666666667
0001 81.33333333333333
0100 81.83333333333333
0010 81.91666666666666
1000 82.0
0100 82.16666666666666
0100 82.33333333333333
0010 82.5
0001 82.66666666666666
1000 82.83333333333333
0001 82.99999999999999
0100 83.16666666666666
0010 83.33333333333333
1000 83.49999999999999
0001 83.66666666666666
1000 83.83333333333333
0100 84.0
0010 84.16666666666667
0100 84.33333333333333
1000 84.5
0010 84.66666666666667
0100 84.83333333333333
0001 84.91666666666667
0100 85.0
0010 85.16666666666667
1010 85.33333333333333
1000 85.5
1001 85.66666666666666
0001 85.83333333333333
1001 86.0
1000 86.16666666666666
1100 86.33333333333333
0100 86.5
1100 86.66666666666666
1001 86.99999999999999
0001 87.16666666666666
0100 87.24999999999999
0010 87.33333333333333
1000 87.66666666666666
0010 87.83333333333333
0100 88.0
0001 88.16666666666667
1000 88.33333333333333
0001 88.5
0010 88.66666666666667
0001 88.83333333333333
0100 89.0
0010 89.16666666666667
1000 89.33333333333333
0100 89.5
0010 89.66666666666666
0001 89.83333333333333
1000 90.0
0001 90.16666666666666
0100 90.25
0010 90.33333333333333
1000 90.5
0002 90.66666666666666
0013 90.99999999999999
1000 91.16666666666666
0020 91.33333333333333
0031 91.66666666666666
0010 91.83333333333333
0100 92.0
1000 92.5
0010 92.58333333333333
0100 92.66666666666667
0001 92.83333333333333
0001 93.0
0010 93.16666666666667
0100 93.33333333333333
1000 93.5
0010 93.66666666666666
0100 93.83333333333333
0001 94.0
0010 94.16666666666666
0100 94.33333333333333
1000 94.5
0001 94.66666666666666
1000 94.83333333333333
0010 94.99999999999999
0100 95.16666666666666
0001 95.33333333333333
0100 95.49999999999999
0001 95.66666666666666
1000 95.83333333333333
1001 96.0
0001 96.16666666666667
0101 96.33333333333333
0100 96.5
0110 96.66666666666667
0010 96.83333333333333
1010 97.0
1000 97.16666666666667
1001 97.33333333333333
0011 97.66666666666666
0010 97.83333333333333
0001 97.91666666666666
0010 98.0
0100 98.16666666666666
0010 98.33333333333333
0001 98.5
0011 98.66666666666666
0010 98.83333333333333
0110 98.99999999999999
0100 99.16666666666666
1100 99.33333333333333
1000 99.49999999999999
1001 99.66666666666666
0001 99.83333333333333
1000 100.0
0010 100.08333333333333
1000 100.16666666666667
0001 100.33333333333333
0100 100.41666666666667
0001 100.5
1000 100.66666666666667
0100 100.75
0010 100.83333333333333
0001 100.91666666666667
1000 101.0
0010 101.08333333333333
0100 101.16666666666667
0001 101.25
1000 101.33333333333333
0001 101.5
0100 101.66666666666666
0010 101.83333333333333
1000 102.0
0001 102.16666666666666
0010 102.33333333333333
0100 102.5
1000 102.66666666666666
0001 102.83333333333333
0100 102.91666666666666
0001 102.99999999999999
1000 103.16666666666666
0100 103.24999999999999
0010 103.33333333333333
0001 103.49999999999999
0010 103.58333333333333
0100 103.66666666666666
0010 103.83333333333333
0001 104.0
0100 104.16666666666667
0010 104.33333333333333
1000 104.5
0010 104.66666666666667
0100 104.83333333333333
0001 105.0
0010 105.16666666666667
0100 105.33333333333333
1000 105.41666666666666
0100 105.5
1000 105.58333333333333
0001 105.66666666666666
0100 105.83333333333333
0010 106.0
1000 106.08333333333333
0010 106.16666666666666
1000 106.25
0001 106.33333333333333
0010 106.41666666666666
0001 106.5
0010 106.58333333333333
0001 106.66666666666666
0010 106.99999999999999
0100 107.33333333333333
1000 107.66666666666666
0010 108.0
0001 108.33333333333333
0010 108.66666666666667
1000 109.0
