TITLE Systematic Love
BPM   136.0
NOTES
1000 7.0588235294117645
0100 7.279411764705882
0010 7.5
0100 7.720588235294118
1000 7.9411764705882355
0010 8.161764705882353
0100 8.382352941176471
0001 8.602941176470589
0010 8.823529411764707
0100 8.933823529411764
1000 9.044117647058824
0001 9.264705882352942
0001 9.48529411764706
1000 9.705882352941178
0100 9.779411764705882
1000 9.852941176470589
0100 9.926470588235295
0310 10.147058823529413
0001 10.36764705882353
1000 10.588235294117647
0010 10.808823529411764
0100 11.029411764705882
0010 11.25
1000 11.470588235294118
0001 11.801470588235293
0010 11.911764705882353
0100 12.132352941176471
2100 12.352941176470587
3001 12.794117647058822
0100 12.90441176470588
0001 13.01470588235294
0100 13.124999999999998
0010 13.235294117647058
2020 13.345588235294116
3030 13.566176470588234
0011 13.676470588235293
0110 13.897058823529411
2001 14.117647058823529
3010 14.558823529411764
0100 14.779411764705882
0001 15.0
0010 15.220588235294118
0100 15.330882352941176
1000 15.441176470588236
0020 15.661764705882353
0031 15.882352941176471
0020 16.102941176470587
1030 16.323529411764707
0001 16.544117647058822
0100 16.654411764705884
0001 16.764705882352942
1000 16.985294117647058
0100 17.09558823529412
1000 17.205882352941178
0010 17.426470588235293
0200 17.647058823529413
0301 18.08823529411765
1000 18.308823529411764
0100 18.419117647058826
0010 18.529411764705884
0001 18.75
0010 18.86029411764706
0100 18.97058823529412
2000 19.191176470588236
3010 19.41176470588235
0002 19.632352941176467
0013 19.852941176470587
2000 20.073529411764703
3001 20.294117647058822
0010 20.51470588235294
0100 20.625
1000 20.735294117647058
0001 20.955882352941174
1002 21.176470588235293
0103 21.61764705882353
0010 21.838235294117645
1000 22.058823529411764
0100 22.27941176470588
0010 22.389705882352942
0001 22.5
0200 22.720588235294116
1300 22.941176470588236
0200 23.16176470588235
0301 23.38235294117647
1000 23.602941176470587
0010 23.71323529411765
1000 23.823529411764707
0001 24.044117647058822
0010 24.154411764705884
0001 24.264705882352942
0100 24.485294117647058
0020 24.705882352941174
1030 25.14705882352941
0001 25.367647058823525
0010 25.477941176470587
0100 25.588235294117645
1000 25.80882352941176
0001 25.919117647058822
0100 26.13970588235294
0020 26.249999999999996
1030 26.691176470588232
0001 26.91176470588235
0010 27.02205882352941
0001 27.24264705882353
1000 27.463235294117645
0020 27.683823529411764
0130 28.01470588235294
0202 28.235294117647058
0303 28.455882352941174
0220 28.566176470588236
0330 28.78676470588235
2020 28.89705882352941
3030 29.11764705882353
2002 29.227941176470587
3003 29.448529411764707
2100 29.558823529411764
0100 31.102941176470587
0001 31.323529411764707
0010 31.544117647058822
3100 31.764705882352942
2200 32.095588235294116
3300 32.31617647058824
2002 32.4264705882353
3003 32.64705882352941
0202 32.75735294117647
0303 32.97794117647059
0120 33.088235294117645
0130 34.74264705882353
0001 34.85294117647059
1000 34.96323529411765
0100 35.07352941176471
0010 35.18382352941177
0022 35.294117647058826
0033 35.51470588235294
0220 35.625
0330 35.84558823529412
2200 35.95588235294118
3300 36.1764705882353
2002 36.286764705882355
3003 36.50735294117647
2020 36.61764705882353
0030 37.27941176470588
0020 37.49999999999999
0030 37.720588235294116
0020 37.94117647058823
0030 38.16176470588235
3020 38.382352941176464
0030 38.60294117647059
0020 38.8235294117647
0230 39.04411764705882
0302 39.264705882352935
2003 39.48529411764706
3020 39.705882352941174
0230 39.92647058823529
0302 40.147058823529406
2003 40.36764705882353
3100 40.588235294117645
0010 40.6985294117647
0001 40.80882352941176
1000 40.91911764705882
0010 41.02941176470588
0100 41.13970588235294
0001 41.25
1000 41.36029411764706
0100 41.470588235294116
1000 41.580882352941174
0010 41.69117647058823
0100 41.80147058823529
0001 41.91176470588235
0003 42.02205882352941
1000 42.13235294117647
3000 42.24264705882353
2001 42.35294117647059
3020 42.79411764705882
0130 43.23529411764706
0001 43.345588235294116
1000 43.455882352941174
0001 43.56617647058823
0020 43.67647058823529
0130 44.11764705882353
1000 44.338235294117645
1001 44.55882352941176
0001 44.779411764705884
0100 44.88970588235294
0001 45.0
0010 45.11029411764706
0100 45.330882352941174
2000 45.44117647058823
3002 45.661764705882355
0203 45.88235294117647
0300 46.10294117647059
0120 46.3235294117647
1030 46.544117647058826
0001 46.654411764705884
1000 46.76470588235294
0100 46.875
0100 46.98529411764706
0001 47.095588235294116
1000 47.205882352941174
0010 47.31617647058824
0010 47.4264705882353
0001 47.536764705882355
1000 47.64705882352941
0010 47.86764705882353
0100 47.97794117647059
0001 48.088235294117645
0020 48.30882352941177
2030 48.529411764705884
3010 48.75
0012 48.970588235294116
1003 49.41176470588235
0010 49.632352941176464
0100 49.74264705882352
0002 49.85294117647058
1003 50.29411764705882
0100 50.40441176470588
0010 50.514705882352935
0100 50.62499999999999
2000 50.73529411764705
3010 51.17647058823529
0010 51.397058823529406
0100 51.61764705882352
0001 51.838235294117645
0010 51.9485294117647
0100 52.05882352941176
1000 52.16911764705882
0010 52.389705882352935
0200 52.49999999999999
0302 52.720588235294116
0023 52.94117647058823
0030 53.16176470588235
0120 53.382352941176464
0031 53.60294117647059
1000 53.713235294117645
0001 53.8235294117647
0010 53.93382352941176
0010 54.04411764705882
1000 54.15441176470588
0002 54.264705882352935
2003 54.48529411764706
3010 54.705882352941174
0100 54.85294117647059
0001 55.0
1000 55.147058823529406
0200 55.36764705882353
0302 55.588235294117645
0103 55.80882352941176
1000 56.02941176470588
3000 56.13970588235294
0001 56.25
0003 56.36029411764706
1002 56.470588235294116
0023 56.91176470588235
0130 57.35294117647059
1000 57.463235294117645
0001 57.5735294117647
1000 57.68382352941176
0020 57.79411764705882
0130 58.23529411764706
0001 58.455882352941174
1001 58.67647058823529
1000 58.89705882352941
0100 59.00735294117647
1000 59.11764705882353
0010 59.22794117647059
0100 59.4485294117647
0002 59.55882352941176
2003 59.779411764705884
3200 60.0
0120 60.35294117647059
0031 60.588235294117645
1000 60.705882352941174
0001 60.8235294117647
0100 60.94117647058823
0100 61.05882352941177
1000 61.1764705882353
0001 61.294117647058826
0010 61.411764705882355
0010 61.529411764705884
1000 61.64705882352941
0001 61.76470588235294
0100 62.0
1000 62.11764705882353
0020 62.35294117647059
0032 62.588235294117645
0013 62.82352941176471
2010 63.05882352941177
3001 63.529411764705884
0010 63.63970588235294
0001 63.75
0010 63.86029411764706
0100 63.970588235294116
0010 64.08088235294117
0100 64.19117647058823
0010 64.30147058823529
0100 64.41176470588235
1000 64.52205882352942
0100 64.63235294117648
1000 64.74264705882354
0001 64.8529411764706
1000 64.96323529411765
0001 65.07352941176471
1000 65.18382352941177
0001 65.29411764705883
0100 65.40441176470588
0001 65.51470588235294
0100 65.625
0010 65.73529411764706
0100 65.84558823529412
0010 65.95588235294117
0100 66.06617647058823
0010 66.17647058823529
1000 66.28676470588236
0010 66.39705882352942
1000 66.50735294117648
0001 66.61764705882354
1000 66.7279411764706
0001 66.83823529411765
1000 66.94852941176471
0100 67.05882352941177
0010 67.20588235294117
0001 67.3529411764706
0010 67.5
0100 67.64705882352942
1000 67.79411764705883
0010 67.94117647058823
0100 68.08823529411765
0001 68.23529411764706
0100 68.38235294117648
0010 68.52941176470588
1000 68.6764705882353
0002 68.82352941176471
1003 69.26470588235294
0100 69.375
1000 69.48529411764706
0100 69.59558823529412
0010 69.70588235294117
0022 69.81617647058825
0033 70.03676470588236
1010 70.14705882352942
0110 70.36764705882354
1002 70.58823529411765
0013 71.02941176470588
0100 71.25
1000 71.47058823529412
0010 71.69117647058825
0100 71.8014705882353
0001 71.91176470588236
0020 72.13235294117648
1030 72.35294117647058
0020 72.5735294117647
0031 72.79411764705881
1000 73.01470588235293
0100 73.12499999999999
1000 73.23529411764704
0001 73.45588235294117
0100 73.56617647058823
0001 73.67647058823529
0010 73.8970588235294
0200 74.11764705882352
1300 74.55882352941175
0001 74.77941176470587
0100 74.88970588235293
0010 74.99999999999999
1000 75.22058823529412
0010 75.33088235294117
0100 75.44117647058823
0002 75.66176470588235
0013 75.88235294117646
2000 76.10294117647058
3010 76.3235294117647
0002 76.54411764705881
1003 76.76470588235293
0010 76.98529411764706
0100 77.09558823529412
0001 77.20588235294117
1000 77.42647058823529
2001 77.6470588235294
3010 78.08823529411764
0100 78.30882352941175
0001 78.52941176470587
0010 78.75
0100 78.86029411764706
1000 78.97058823529412
0020 79.19117647058823
0031 79.41176470588235
0020 79.63235294117646
1030 79.85294117647058
0001 80.0735294117647
0100 80.18382352941175
0001 80.29411764705881
1000 80.51470588235294
0100 80.625
1000 80.73529411764706
0010 80.95588235294117
0200 81.17647058823529
0301 81.61764705882352
1000 81.83823529411764
0010 81.9485294117647
0100 82.05882352941175
0001 82.27941176470588
1000 82.38970588235294
0100 82.61029411764706
0020 82.72058823529412
0031 83.16176470588235
1000 83.38235294117646
0010 83.49264705882352
1000 83.60294117647058
2200 83.8235294117647
3300 84.04411764705883
0102 84.26470588235294
1003 84.70588235294117
0010 84.95798319327731
0001 85.08403361344537
0100 85.33613445378151
0010 85.58823529411764
1000 85.96638655462185
0100 86.21848739495798
0010 86.47058823529412
0100 86.72268907563026
0001 86.97478991596638
0100 87.22689075630252
0010 87.47899159663865
1000 87.73109243697479
0100 87.98319327731092
0001 88.23529411764706
1000 88.45588235294117
0100 88.56617647058823
1000 88.67647058823529
0010 88.8970588235294
0100 89.11764705882352
0010 89.33823529411765
0001 89.55882352941177
0010 89.77941176470588
0100 90.0
1000 90.29411764705883
0010 90.58823529411765
0100 90.88235294117646
0010 91.17647058823529
0001 91.47058823529412
2020 91.76470588235294
3030 91.98529411764706
0220 92.09558823529412
0330 92.31617647058823
0202 92.42647058823529
0303 92.6470588235294
2002 92.75735294117648
3003 92.9779411764706
0022 93.08823529411765
0030 93.75
0020 93.97058823529412
0030 94.19117647058823
0020 94.41176470588235
0030 94.63235294117648
0023 94.8529411764706
0030 95.07352941176471
0020 95.29411764705883
0230 95.51470588235294
2300 95.73529411764706
3002 95.95588235294117
0023 96.17647058823529
0230 96.39705882352942
2300 96.61764705882354
3002 96.83823529411765
0103 97.05882352941177
0010 97.16911764705883
1000 97.27941176470588
0001 97.38970588235294
0010 97.5
0100 97.61029411764706
1000 97.72058823529412
0001 97.83088235294117
0100 97.94117647058823
0001 98.0514705882353
0010 98.16176470588236
0100 98.27205882352942
1000 98.38235294117648
3000 98.49264705882354
0001 98.6029411764706
0003 98.71323529411765
2001 98.8235294117647
3100 99.26470588235293
0010 99.48529411764704
0001 99.70588235294116
0100 99.92647058823529
0010 100.03676470588235
1000 100.1470588235294
0200 100.36764705882352
0301 100.58823529411764
0200 100.80882352941175
1300 101.02941176470587
0001 101.24999999999999
0010 101.36029411764704
0001 101.4705882352941
1000 101.69117647058823
0010 101.80147058823529
1000 101.91176470588235
0100 102.13235294117646
0020 102.35294117647058
0031 102.79411764705881
1000 103.01470588235293
0010 103.12499999999999
0100 103.23529411764704
0001 103.45588235294117
0100 103.56617647058823
0010 103.67647058823529
2000 103.8970588235294
3100 104.11764705882352
0002 104.33823529411764
0103 104.55882352941175
2000 104.77941176470587
3001 104.99999999999999
0100 105.22058823529412
0010 105.33088235294117
1000 105.44117647058823
0001 105.66176470588235
1002 105.88235294117646
0013 106.3235294117647
0100 106.54411764705881
1000 106.76470588235293
0010 106.98529411764706
0100 107.09558823529412
0001 107.20588235294117
0020 107.42647058823529
1030 107.6470588235294
0020 107.86764705882352
0031 108.08823529411764
1000 108.30882352941175
0100 108.41911764705881
1000 108.52941176470587
0001 108.75
0100 108.86029411764706
0001 108.97058823529412
0010 109.19117647058823
0200 109.41176470588235
1300 109.85294117647058
0001 110.0735294117647
0100 110.18382352941175
0010 110.29411764705881
1000 110.51470588235294
0001 110.625
0010 110.84558823529412
0200 110.95588235294117
1300 111.3970588235294
0001 111.61764705882352
0100 111.72794117647058
0001 111.9485294117647
1000 112.16911764705883
0200 112.38970588235294
0310 112.72058823529412
0002 112.94117647058823
0013 113.38235294117646
0100 113.60294117647058
1000 113.8235294117647
0010 114.04411764705883
0100 114.15441176470588
0001 114.26470588235294
1000 114.48529411764706
0100 114.70588235294117
0010 114.81617647058823
0001 114.92647058823529
1000 115.1470588235294
1000 115.36764705882352
0001 115.58823529411764
0010 115.66176470588235
0001 115.73529411764706
0010 115.80882352941177
0130 116.02941176470588
1000 116.13970588235294
0010 116.25
0100 116.36029411764706
0001 116.47058823529412
0010 116.58088235294117
0100 116.69117647058823
1000 116.80147058823529
0001 116.91176470588235
0100 117.0220588235294
0010 117.13235294117646
1000 117.24264705882352
0100 117.35294117647058
0010 117.46323529411765
0002 117.68382352941177
1003 118.01470588235294
0010 118.125
0100 118.23529411764706
0001 118.34558823529412
1000 118.45588235294117
0001 118.56617647058823
0010 118.67647058823529
0100 118.78676470588235
0010 118.8970588235294
0001 119.00735294117646
1000 119.11764705882352
0010 119.2279411764706
0100 119.33823529411765
0001 119.44852941176471
1000 119.55882352941177
0100 119.66911764705883
0010 119.77941176470588
0001 119.88970588235294
0010 120.0
0100 120.11029411764706
0010 120.22058823529412
0001 120.33088235294117
2000 120.44117647058823
3010 120.88235294117646
0100 121.1029411764706
0001 121.32352941176471
0010 121.43382352941177
0100 121.54411764705883
1000 121.65441176470588
0001 121.76470588235294
0100 121.875
0001 121.98529411764706
1000 122.20588235294117
1000 122.42647058823529
0100 122.6470588235294
0010 122.72058823529412
0100 122.79411764705883
0010 122.86764705882354
0031 123.08823529411765
1000 123.19852941176471
0010 123.30882352941177
0100 123.41911764705883
0001 123.52941176470588
0010 123.63970588235294
0100 123.75
1000 123.86029411764706
0001 123.97058823529412
0100 124.08088235294117
0010 124.19117647058823
1000 124.30147058823529
0100 124.41176470588235
1000 124.52205882352942
0010 124.63235294117648
0100 124.74264705882354
0001 124.8529411764706
1000 124.96323529411765
0100 125.07352941176471
0010 125.18382352941177
0001 125.29411764705883
0010 125.40441176470588
0100 125.51470588235294
1000 125.625
0001 125.73529411764706
0200 125.84558823529412
0301 126.06617647058823
2000 126.17647058823529
3100 126.39705882352942
0010 126.47058823529412
0001 126.54411764705883
1000 126.61764705882354
0010 126.69117647058823
0100 126.76470588235294
0001 126.83823529411765
1000 126.91176470588236
0100 126.98529411764706
0020 127.05882352941177
0030 127.27941176470588
1001 127.5
1000 127.72058823529412
0001 127.94117647058823
0100 128.16176470588235
0010 128.38235294117646
1000 128.60294117647058
0100 128.8235294117647
0010 128.93382352941177
0001 129.0441176470588
1000 129.26470588235293
1000 129.48529411764704
0001 129.70588235294116
0010 129.77941176470588
0001 129.85294117647058
0010 129.92647058823528
0130 130.1470588235294
1000 130.3676470588235
0001 130.58823529411765
0100 130.80882352941177
0010 131.02941176470588
0100 131.25
0001 131.47058823529412
1000 131.8014705882353
0100 131.91176470588235
0020 132.13235294117646
0032 132.35294117647058
0013 132.5735294117647
2000 132.7941176470588
3010 133.01470588235293
0002 133.23529411764704
0023 133.45588235294116
0230 133.67647058823528
2300 133.8970588235294
3001 134.11764705882354
0100 134.33823529411765
0010 134.55882352941177
0100 134.77941176470588
0001 135.0
1000 135.22058823529412
0100 135.3308823529412
1000 135.44117647058823
0001 135.66176470588235
0100 135.88235294117646
0010 135.99264705882354
1000 136.10294117647058
0001 136.3235294117647
0001 136.5441176470588
1000 136.76470588235293
0010 136.83823529411765
1000 136.91176470588235
0020 136.98529411764704
0130 137.20588235294116
0001 137.31617647058823
0100 137.42647058823528
0001 137.53676470588235
1000 137.64705882352942
0100 137.7573529411765
1000 137.86764705882354
0100 137.9779411764706
0010 138.08823529411765
0100 138.19852941176472
0010 138.30882352941177
0001 138.3823529411765
1000 138.4558823529412
0010 138.52941176470588
0100 138.63970588235296
0010 138.75
0100 138.86029411764707
0001 138.97058823529412
0100 139.04411764705884
0010 139.11764705882354
1000 139.19117647058823
0001 139.26470588235296
0010 139.33823529411765
0100 139.41176470588235
1000 139.52205882352942
0100 139.63235294117646
1000 139.70588235294116
0001 139.77941176470588
0100 139.85294117647058
0010 139.96323529411765
0100 140.0735294117647
0001 140.14705882352942
1000 140.22058823529412
0100 140.2941176470588
0010 140.40441176470588
0100 140.51470588235293
2002 140.73529411764704
3003 140.95588235294116
