TITLE Tell Your World
BPM   170.0
NOTES
09 11.294117647058824
01 11.470588235294118
04 11.647058823529413
02 11.823529411764707
08 12.0
04 12.176470588235295
02 12.352941176470589
01 12.529411764705884
08 12.705882352941178
02 12.882352941176471
04 13.058823529411766
02 13.23529411764706
08 13.411764705882353
01 13.588235294117649
02 13.764705882352942
04 13.941176470588236
08 14.11764705882353
01 14.294117647058824
04 14.47058823529412
02 14.647058823529413
04 14.823529411764707
01 14.911764705882355
08 15.000000000000002
04 15.176470588235295
02 15.35294117647059
01 15.529411764705884
02 15.705882352941178
04 15.882352941176473
08 16.058823529411768
01 16.23529411764706
04 16.411764705882355
02 16.58823529411765
04 16.764705882352942
01 16.941176470588236
02 17.11764705882353
01 17.294117647058822
08 17.47058823529412
02 17.647058823529413
04 17.823529411764707
01 18.0
02 18.176470588235293
04 18.35294117647059
08 18.529411764705884
04 18.705882352941178
08 18.882352941176475
01 19.058823529411768
04 19.23529411764706
02 19.411764705882355
08 19.58823529411765
01 19.764705882352942
02 19.941176470588236
01 20.11764705882353
04 20.294117647058826
02 20.47058823529412
08 20.647058823529413
04 20.823529411764707
02 21.0
01 21.176470588235297
09 21.70588235294118
02 21.882352941176475
04 22.058823529411768
01 22.23529411764706
08 22.411764705882355
04 22.58823529411765
02 22.764705882352942
04 22.941176470588236
08 23.117647058823533
01 23.294117647058826
04 23.47058823529412
02 23.647058823529413
04 23.823529411764707
01 24.0
08 24.176470588235293
04 24.352941176470587
02 24.529411764705884
01 24.705882352941178
08 24.88235294117647
02 25.058823529411764
04 25.235294117647058
01 25.411764705882355
02 25.58823529411765
04 25.764705882352942
08 25.94117647058824
04 26.117647058823533
08 26.294117647058826
01 26.47058823529412
04 26.647058823529413
02 26.823529411764707
04 27.0
01 27.176470588235293
08 27.35294117647059
04 27.529411764705884
02 27.705882352941178
01 27.88235294117647
08 28.058823529411764
02 28.23529411764706
04 28.411764705882355
01 28.58823529411765
08 28.764705882352946
01 28.94117647058824
02 29.117647058823533
04 29.294117647058826
08 29.47058823529412
04 29.647058823529413
08 29.823529411764707
01 30.0
04 30.176470588235297
02 30.35294117647059
04 30.529411764705884
01 30.705882352941178
08 30.88235294117647
04 31.058823529411768
02 31.23529411764706
01 31.411764705882355
08 31.588235294117652
02 31.764705882352946
04 31.94117647058824
01 32.117647058823536
02 32.294117647058826
04 32.47058823529412
02 32.64705882352942
01 32.82352941176471
08 33.00000000000001
01 33.1764705882353
04 33.352941176470594
02 33.52941176470589
08 33.70588235294118
01 33.88235294117647
02 34.05882352941177
06 34.23529411764706
04 34.411764705882355
08 34.588235294117645
01 34.76470588235294
05 34.94117647058824
04 35.11764705882353
02 35.294117647058826
08 35.47058823529412
12 35.64705882352941
04 35.82352941176471
02 36.0
01 36.1764705882353
09 36.352941176470594
08 36.529411764705884
02 36.70588235294118
04 36.88235294117648
05 37.05882352941177
01 37.235294117647065
02 37.411764705882355
04 37.58823529411765
12 37.76470588235295
08 37.94117647058824
01 38.11764705882353
04 38.294117647058826
06 38.470588235294116
02 38.64705882352941
08 38.8235294117647
04 39.0
06 39.1764705882353
02 39.35294117647059
01 39.529411764705884
08 39.70588235294118
09 39.88235294117647
01 40.05882352941177
04 40.23529411764706
02 40.411764705882355
10 40.58823529411765
08 40.76470588235294
04 40.94117647058824
02 41.117647058823536
03 41.294117647058826
01 41.47058823529412
08 41.64705882352941
02 41.82352941176471
06 42.00000000000001
04 42.1764705882353
01 42.352941176470594
08 42.52941176470589
12 42.70588235294118
04 42.88235294117648
02 43.05882352941177
01 43.235294117647065
09 43.41176470588236
08 43.58823529411765
02 43.76470588235294
04 43.94117647058824
05 44.11764705882353
01 44.294117647058826
02 44.470588235294116
04 44.64705882352941
12 44.82352941176471
08 45.0
01 45.1764705882353
09 45.70588235294118
02 45.88235294117647
04 46.05882352941177
01 46.235294117647065
02 46.411764705882355
04 46.58823529411765
08 46.6764705882353
04 46.76470588235295
02 46.852941176470594
01 46.94117647058824
08 47.029411764705884
02 47.117647058823536
04 47.20588235294118
01 47.294117647058826
08 47.38235294117648
01 47.47058823529412
02 47.55882352941177
04 47.64705882352942
08 47.735294117647065
04 47.82352941176471
08 47.911764705882355
01 48.0
04 48.088235294117645
02 48.1764705882353
04 48.26470588235294
01 48.35294117647059
08 48.44117647058823
04 48.529411764705884
02 48.61764705882353
01 48.705882352941174
08 48.794117647058826
02 48.88235294117647
04 48.970588235294116
01 49.05882352941177
08 49.14705882352941
01 49.23529411764706
02 49.3235294117647
04 49.411764705882355
02 49.5
01 49.58823529411765
08 49.6764705882353
01 49.76470588235294
04 49.85294117647059
02 49.94117647058824
08 50.029411764705884
02 50.11764705882353
04 50.20588235294118
01 50.294117647058826
08 50.38235294117647
01 50.47058823529412
02 50.55882352941177
04 50.64705882352941
08 50.73529411764706
01 50.82352941176471
02 50.911764705882355
04 51.00000000000001
08 51.08823529411765
01 51.1764705882353
04 51.26470588235294
01 51.352941176470594
08 51.44117647058824
02 51.529411764705884
08 51.617647058823536
01 51.70588235294118
08 51.794117647058826
04 51.88235294117648
02 51.97058823529412
01 52.05882352941177
08 52.14705882352941
02 52.235294117647065
04 52.32352941176471
01 52.41176470588236
08 52.50000000000001
01 52.58823529411765
02 52.6764705882353
04 52.76470588235295
02 52.852941176470594
01 52.94117647058824
08 53.02941176470589
02 53.117647058823536
04 53.20588235294118
02 53.29411764705883
08 53.38235294117648
01 53.47058823529412
02 53.55882352941177
04 53.64705882352941
08 53.73529411764706
01 53.82352941176471
02 53.911764705882355
04 54.0
02 54.088235294117645
01 54.1764705882353
08 54.26470588235294
02 54.35294117647059
08 54.44117647058824
02 54.529411764705884
04 54.61764705882353
01 54.70588235294118
04 54.794117647058826
02 54.88235294117647
08 54.970588235294116
01 55.05882352941177
02 55.14705882352941
04 55.235294117647065
08 55.32352941176471
04 55.411764705882355
08 55.5
01 55.58823529411765
04 55.6764705882353
01 55.76470588235294
04 55.852941176470594
02 55.94117647058824
04 56.029411764705884
01 56.117647058823536
08 56.20588235294118
04 56.294117647058826
08 56.38235294117647
01 56.47058823529412
04 56.55882352941177
02 56.64705882352942
08 56.735294117647065
01 56.82352941176471
08 56.911764705882355
04 57.00000000000001
02 57.08823529411765
01 57.1764705882353
08 57.26470588235295
02 57.352941176470594
04 57.44117647058824
01 57.52941176470589
08 57.617647058823536
01 57.70588235294118
02 57.794117647058826
01 57.88235294117647
08 57.970588235294116
02 58.05882352941177
04 58.14705882352941
01 58.23529411764706
08 58.3235294117647
01 58.411764705882355
02 58.5
04 58.588235294117645
08 58.6764705882353
04 58.76470588235294
08 58.85294117647059
01 58.94117647058824
04 59.029411764705884
02 59.11764705882353
08 59.205882352941174
01 59.294117647058826
08 59.38235294117647
04 59.47058823529412
02 59.55882352941177
01 59.64705882352941
02 59.73529411764706
01 59.82352941176471
08 59.911764705882355
02 60.0
04 60.08823529411765
01 60.1764705882353
08 60.26470588235294
04 60.352941176470594
02 60.44117647058824
04 60.529411764705884
08 60.61764705882353
01 60.70588235294118
04 60.794117647058826
01 60.88235294117648
04 60.97058823529412
02 61.05882352941177
08 61.14705882352941
01 61.235294117647065
08 61.32352941176471
04 61.411764705882355
02 61.50000000000001
01 61.58823529411765
08 61.6764705882353
02 61.76470588235295
08 61.852941176470594
01 61.94117647058824
08 62.029411764705884
04 62.117647058823536
02 62.20588235294118
01 62.29411764705883
02 62.38235294117648
04 62.47058823529412
08 62.55882352941177
01 62.64705882352942
04 62.735294117647065
02 62.82352941176471
08 62.91176470588236
02 63.00000000000001
04 63.08823529411765
02 63.176470588235304
08 63.26470588235295
01 63.352941176470594
02 63.44117647058824
04 63.529411764705884
02 63.61764705882353
01 63.70588235294118
08 63.794117647058826
02 63.88235294117647
04 63.970588235294116
01 64.05882352941177
08 64.14705882352942
04 64.23529411764706
08 64.32352941176471
01 64.41176470588235
04 64.5
01 64.58823529411765
04 64.67647058823529
02 64.76470588235294
08 64.8529411764706
01 64.94117647058825
08 65.0294117647059
04 65.11764705882354
02 65.20588235294119
01 65.29411764705884
08 65.38235294117648
02 65.47058823529413
04 65.55882352941178
01 65.64705882352942
04 65.73529411764707
02 65.82352941176471
08 65.91176470588236
01 66.00000000000001
02 66.08823529411765
04 66.1764705882353
02 66.26470588235296
01 66.3529411764706
08 66.44117647058825
02 66.52941176470588
04 66.61764705882354
01 66.70588235294119
08 66.79411764705883
01 66.88235294117648
02 66.97058823529413
04 67.05882352941177
08 67.14705882352942
04 67.23529411764706
08 67.32352941176471
01 67.41176470588236
04 67.5
02 67.58823529411765
08 67.6764705882353
01 67.76470588235294
03 68.11764705882354
10 68.47058823529412
05 68.82352941176471
12 69.1764705882353
08 69.3529411764706
01 69.5294117647059
04 69.70588235294119
02 69.88235294117648
08 70.05882352941177
01 70.23529411764707
02 70.41176470588236
04 70.58823529411765
08 70.76470588235294
01 70.94117647058825
04 71.02941176470588
02 71.11764705882354
08 71.20588235294119
02 71.29411764705883
10 71.64705882352942
01 72.0
08 72.08823529411765
01 72.17647058823529
08 72.26470588235294
02 72.3529411764706
04 72.52941176470588
01 72.61764705882354
02 72.79411764705883
04 72.88235294117646
08 73.05882352941177
09 73.41176470588236
04 73.58823529411765
02 73.76470588235296
08 73.8529411764706
01 74.0294117647059
08 74.11764705882354
04 74.29411764705883
02 74.47058823529413
01 74.55882352941177
02 74.64705882352942
04 74.82352941176471
02 75.1764705882353
01 75.3529411764706
08 75.44117647058825
02 75.61764705882354
08 75.70588235294117
04 75.88235294117648
02 75.97058823529412
01 76.05882352941177
08 76.14705882352942
02 76.23529411764706
04 76.41176470588235
01 76.76470588235294
08 76.94117647058823
04 77.29411764705883
02 77.47058823529412
01 77.64705882352942
08 77.73529411764707
02 77.82352941176471
04 78.00000000000001
01 78.1764705882353
08 78.26470588235296
04 78.44117647058825
02 78.52941176470588
04 78.70588235294119
12 79.05882352941177
02 79.23529411764706
04 79.58823529411765
01 79.76470588235294
08 79.94117647058823
01 80.11764705882354
02 80.29411764705883
01 80.47058823529412
09 81.0
02 81.17647058823529
06 81.52941176470588
01 81.70588235294117
09 82.05882352941177
12 82.41176470588236
06 82.58823529411765
01 82.76470588235294
02 82.94117647058825
04 83.11764705882354
08 83.29411764705883
01 83.38235294117648
08 83.47058823529412
01 83.55882352941177
02 83.64705882352942
04 83.82352941176471
08 83.91176470588236
02 84.08823529411765
04 84.17647058823529
01 84.3529411764706
09 84.70588235294119
04 84.88235294117648
02 85.05882352941178
01 85.14705882352942
08 85.32352941176472
01 85.41176470588236
04 85.58823529411765
02 85.76470588235296
08 85.8529411764706
02 85.94117647058825
04 86.11764705882354
02 86.47058823529413
08 86.64705882352942
01 86.73529411764707
02 86.91176470588236
01 87.0
04 87.1764705882353
02 87.26470588235294
08 87.3529411764706
01 87.44117647058825
02 87.52941176470588
04 87.70588235294117
08 88.05882352941177
01 88.23529411764706
04 88.58823529411765
02 88.76470588235294
08 88.94117647058825
01 89.0294117647059
02 89.11764705882354
04 89.29411764705884
08 89.47058823529413
01 89.55882352941178
04 89.73529411764707
02 89.82352941176471
04 90.00000000000001
05 90.3529411764706
02 90.52941176470588
04 90.88235294117648
08 91.05882352941177
01 91.23529411764706
08 91.41176470588236
02 91.58823529411765
08 91.76470588235294
09 92.29411764705883
04 92.47058823529412
06 93.0
08 93.1764705882353
01 93.3529411764706
02 93.5294117647059
04 93.70588235294119
08 93.88235294117648
01 93.97058823529413
04 94.05882352941177
02 94.14705882352942
04 94.23529411764707
05 94.58823529411765
08 94.76470588235294
09 94.94117647058825
01 95.11764705882354
04 95.29411764705883
02 95.47058823529412
10 95.64705882352942
08 95.82352941176471
04 96.0
02 96.17647058823529
03 96.3529411764706
01 96.52941176470588
08 96.70588235294117
02 96.88235294117646
06 97.05882352941177
04 97.23529411764706
01 97.41176470588236
08 97.58823529411765
12 97.76470588235296
04 97.94117647058825
02 98.11764705882354
01 98.29411764705883
09 98.47058823529413
08 98.64705882352942
02 98.82352941176471
04 99.0
05 99.1764705882353
01 99.3529411764706
02 99.52941176470588
04 99.70588235294117
08 99.88235294117648
01 99.97058823529412
08 100.05882352941177
02 100.14705882352942
08 100.23529411764707
01 100.32352941176472
08 100.41176470588236
04 100.50000000000001
02 100.58823529411767
01 100.6764705882353
08 100.76470588235296
02 100.85294117647061
04 100.94117647058825
01 101.0294117647059
08 101.11764705882354
01 101.20588235294119
02 101.29411764705884
04 101.38235294117648
08 101.47058823529413
04 101.55882352941178
08 101.64705882352942
01 101.73529411764707
04 101.82352941176471
02 101.91176470588236
04 102.00000000000001
01 102.08823529411765
08 102.1764705882353
04 102.26470588235296
02 102.3529411764706
01 102.44117647058825
08 102.52941176470588
02 102.61764705882354
04 102.70588235294119
01 102.79411764705883
08 102.88235294117648
01 102.97058823529413
02 103.05882352941177
04 103.14705882352942
08 103.23529411764706
04 103.32352941176471
08 103.41176470588236
01 103.5
04 103.58823529411765
02 103.6764705882353
08 103.76470588235294
01 103.8529411764706
08 103.94117647058823
04 104.02941176470588
02 104.11764705882354
01 104.20588235294117
08 104.29411764705883
01 104.38235294117648
08 104.47058823529413
02 104.55882352941178
04 104.64705882352942
01 104.73529411764707
08 104.82352941176472
04 104.91176470588236
02 105.00000000000001
01 105.08823529411767
08 105.1764705882353
02 105.26470588235296
08 105.3529411764706
01 105.44117647058825
04 105.5294117647059
02 105.61764705882354
08 105.70588235294119
01 105.79411764705884
08 105.88235294117648
04 106.05882352941177
06 106.23529411764707
02 106.41176470588236
01 106.58823529411765
08 106.76470588235294
09 106.94117647058825
01 107.11764705882354
04 107.29411764705883
02 107.47058823529412
10 107.64705882352942
08 107.82352941176471
04 108.0
02 108.17647058823529
03 108.3529411764706
01 108.52941176470588
08 108.70588235294119
02 108.88235294117648
10 109.05882352941178
08 109.23529411764707
01 109.41176470588236
04 109.50000000000001
02 109.58823529411765
06 109.76470588235296
04 109.94117647058825
01 110.11764705882354
08 110.29411764705883
12 110.47058823529413
04 110.64705882352942
02 110.82352941176471
01 111.0
09 111.1764705882353
08 111.3529411764706
02 111.52941176470588
04 111.70588235294117
05 111.88235294117648
01 112.05882352941177
02 112.23529411764706
04 112.41176470588235
12 112.58823529411765
08 112.76470588235294
01 112.94117647058825
04 113.11764705882354
05 113.29411764705884
01 113.47058823529413
02 113.64705882352942
04 113.82352941176471
12 114.00000000000001
08 114.1764705882353
01 114.3529411764706
04 114.52941176470588
06 114.70588235294119
02 114.88235294117648
08 115.05882352941177
01 115.14705882352942
02 115.23529411764706
06 115.41176470588236
04 115.58823529411765
08 115.76470588235294
01 115.94117647058823
05 116.11764705882354
04 116.29411764705883
02 116.47058823529412
08 116.6470588235294
10 116.82352941176471
02 117.0
04 117.1764705882353
01 117.3529411764706
02 117.5294117647059
04 117.70588235294119
08 117.88235294117648
01 118.05882352941177
04 118.23529411764707
02 118.41176470588236
04 118.58823529411765
01 118.76470588235294
08 118.94117647058825
04 119.11764705882354
08 119.29411764705883
01 119.47058823529412
04 119.64705882352942
02 119.82352941176471
04 120.00000000000001
01 120.1764705882353
08 120.35294117647061
04 120.5294117647059
02 120.70588235294119
01 120.79411764705884
08 120.88235294117648
02 121.05882352941178
04 121.23529411764707
01 121.41176470588236
08 121.58823529411765
04 121.76470588235296
02 121.94117647058825
01 122.11764705882354
08 122.29411764705883
02 122.47058823529413
04 122.64705882352942
01 122.82352941176471
02 123.0
04 123.1764705882353
02 123.3529411764706
01 123.52941176470588
08 123.70588235294117
02 123.88235294117648
04 124.05882352941177
01 124.23529411764707
08 124.41176470588236
04 124.58823529411767
02 124.76470588235296
01 124.94117647058825
02 125.11764705882354
04 125.29411764705884
08 125.47058823529413
01 125.64705882352942
08 125.82352941176471
02 126.00000000000001
04 126.1764705882353
01 126.3529411764706
08 126.52941176470588
04 126.70588235294119
02 126.88235294117648
01 127.23529411764706
08 127.41176470588236
01 127.58823529411765
04 127.94117647058823
02 128.11764705882354
08 128.29411764705884
08 128.47058823529412
