TITLE The world of sound
BPM   210.0
NOTES
08 9.142857142857142
04 9.238095238095237
02 9.333333333333332
04 9.428571428571429
08 9.523809523809524
01 9.619047619047619
04 9.714285714285714
02 9.809523809523808
04 9.904761904761905
01 10.0
08 10.095238095238095
04 10.19047619047619
02 10.285714285714285
01 10.38095238095238
04 10.476190476190474
02 10.571428571428571
04 10.666666666666666
01 10.761904761904761
02 10.857142857142856
04 10.95238095238095
08 11.047619047619047
01 11.142857142857142
02 11.238095238095237
04 11.333333333333332
08 11.428571428571427
01 11.523809523809522
04 11.619047619047617
01 11.714285714285714
08 11.809523809523808
04 11.904761904761903
08 11.999999999999998
01 12.095238095238093
02 12.19047619047619
01 12.285714285714285
08 12.38095238095238
02 12.476190476190474
08 12.571428571428571
01 12.666666666666666
02 12.761904761904761
04 12.857142857142858
08 12.952380952380953
01 13.047619047619047
04 13.142857142857142
02 13.238095238095237
08 13.333333333333332
01 13.428571428571429
08 13.523809523809524
01 13.619047619047619
04 13.714285714285714
02 13.761904761904761
04 13.809523809523808
02 13.857142857142856
04 13.904761904761903
02 13.95238095238095
08 14.0
01 14.142857142857142
02 14.285714285714285
04 14.428571428571427
08 14.571428571428571
01 14.714285714285714
08 14.857142857142856
02 14.928571428571427
08 14.999999999999998
02 15.07142857142857
08 15.142857142857142
01 15.214285714285714
08 15.285714285714285
01 15.357142857142856
02 15.428571428571427
04 15.499999999999998
08 15.57142857142857
01 15.642857142857142
08 15.714285714285714
10 16.0
04 16.071428571428573
01 16.142857142857142
08 16.214285714285715
02 16.285714285714285
08 16.357142857142858
01 16.428571428571427
04 16.5
01 16.571428571428573
08 16.642857142857142
02 16.714285714285715
08 16.785714285714285
01 16.857142857142858
04 16.928571428571427
02 17.0
08 17.07142857142857
01 17.142857142857142
02 17.214285714285715
04 17.285714285714285
08 17.357142857142858
04 17.428571428571427
02 17.5
04 17.57142857142857
02 17.642857142857142
01 17.714285714285715
02 17.785714285714285
04 17.857142857142858
08 17.928571428571427
01 18.0
02 18.07142857142857
04 18.142857142857142
08 18.214285714285715
01 18.285714285714285
08 18.357142857142858
02 18.428571428571427
08 18.5
01 18.57142857142857
04 18.642857142857142
01 18.71428571428571
08 18.785714285714285
02 18.857142857142858
04 18.928571428571427
02 19.0
04 19.07142857142857
02 19.142857142857142
04 19.21428571428571
01 19.285714285714285
08 19.357142857142854
01 19.428571428571427
02 19.5
04 19.57142857142857
02 19.642857142857142
01 19.71428571428571
02 19.785714285714285
01 19.857142857142854
08 19.928571428571427
04 20.0
08 20.07142857142857
04 20.142857142857142
02 20.21428571428571
01 20.285714285714285
08 20.357142857142854
04 20.428571428571427
08 20.5
01 20.57142857142857
08 20.642857142857142
02 20.71428571428571
08 20.785714285714285
01 20.857142857142854
04 20.928571428571427
01 20.999999999999996
08 21.07142857142857
01 21.142857142857142
08 21.21428571428571
01 21.285714285714285
04 21.357142857142854
02 21.428571428571427
08 21.499999999999996
02 21.57142857142857
04 21.64285714285714
01 21.71428571428571
08 21.785714285714285
04 21.857142857142854
02 21.928571428571427
04 21.999999999999996
02 22.07142857142857
01 22.14285714285714
02 22.21428571428571
04 22.285714285714285
08 22.357142857142854
01 22.428571428571427
08 22.499999999999996
01 22.57142857142857
02 22.64285714285714
01 22.71428571428571
08 22.785714285714285
01 22.857142857142854
04 22.928571428571427
02 22.999999999999996
08 23.07142857142857
01 23.14285714285714
04 23.21428571428571
01 23.28571428571428
08 23.357142857142854
02 23.428571428571427
04 23.499999999999996
01 23.57142857142857
04 23.64285714285714
02 23.71428571428571
04 23.78571428571428
02 23.857142857142854
08 23.928571428571423
01 24.0
02 24.071428571428573
04 24.142857142857142
08 24.214285714285715
04 24.285714285714285
02 24.357142857142858
01 24.428571428571427
08 24.5
04 24.571428571428573
08 24.642857142857142
01 24.714285714285715
08 24.785714285714285
04 24.857142857142858
08 24.928571428571427
04 25.0
02 25.07142857142857
01 25.142857142857142
08 25.214285714285715
02 25.285714285714285
04 25.357142857142858
02 25.428571428571427
04 25.5
01 25.57142857142857
04 25.642857142857142
02 25.714285714285715
08 25.785714285714285
01 25.857142857142858
04 25.928571428571427
02 26.0
08 26.07142857142857
01 26.142857142857142
08 26.214285714285715
01 26.285714285714285
02 26.357142857142858
04 26.428571428571427
08 26.5
04 26.57142857142857
08 26.642857142857142
04 26.71428571428571
02 26.785714285714285
01 26.857142857142858
08 26.928571428571427
04 27.0
02 27.07142857142857
01 27.142857142857142
08 27.21428571428571
01 27.285714285714285
08 27.357142857142854
01 27.428571428571427
04 27.5
02 27.57142857142857
04 27.642857142857142
02 27.71428571428571
04 27.785714285714285
01 27.857142857142854
08 27.928571428571427
02 28.0
08 28.07142857142857
02 28.142857142857142
04 28.21428571428571
01 28.285714285714285
04 28.357142857142854
01 28.428571428571427
08 28.5
01 28.57142857142857
02 28.642857142857142
04 28.71428571428571
08 28.785714285714285
01 28.857142857142854
02 28.928571428571427
01 28.999999999999996
02 29.07142857142857
04 29.142857142857142
08 29.21428571428571
01 29.285714285714285
08 29.357142857142854
04 29.428571428571427
02 29.499999999999996
01 29.57142857142857
08 29.64285714285714
01 29.71428571428571
04 29.785714285714285
02 29.857142857142854
08 29.928571428571427
01 29.999999999999996
08 30.07142857142857
02 30.14285714285714
04 30.21428571428571
01 30.285714285714285
08 30.357142857142854
01 30.428571428571427
04 30.499999999999996
01 30.57142857142857
04 30.64285714285714
02 30.71428571428571
08 30.785714285714285
01 30.857142857142854
02 30.928571428571427
04 30.999999999999996
02 31.07142857142857
04 31.14285714285714
08 31.21428571428571
04 31.28571428571428
02 31.357142857142854
01 31.428571428571427
08 31.499999999999996
01 31.57142857142857
08 31.64285714285714
04 31.71428571428571
02 31.78571428571428
01 31.857142857142854
02 31.928571428571423
01 32.0
08 32.07142857142857
02 32.142857142857146
04 32.214285714285715
02 32.285714285714285
04 32.357142857142854
01 32.42857142857143
04 32.5
02 32.57142857142857
08 32.642857142857146
01 32.714285714285715
04 32.785714285714285
01 32.857142857142854
08 32.92857142857143
02 33.0
08 33.07142857142857
01 33.14285714285714
02 33.238095238095234
04 33.33333333333333
08 33.42857142857142
04 33.52380952380952
02 33.61904761904761
01 33.71428571428571
08 33.8095238095238
09 34.285714285714285
02 34.357142857142854
04 34.42857142857143
02 34.5
04 34.57142857142857
08 34.64285714285714
01 34.714285714285715
04 34.785714285714285
01 34.857142857142854
08 34.92857142857143
04 35.0
08 35.07142857142857
01 35.14285714285714
02 35.214285714285715
04 35.285714285714285
02 35.357142857142854
01 35.42857142857142
08 35.49999999999999
02 35.57142857142857
08 35.64285714285714
01 35.71428571428571
04 35.78571428571428
02 35.857142857142854
04 35.92857142857142
02 35.99999999999999
08 36.07142857142857
01 36.14285714285714
04 36.21428571428571
01 36.28571428571428
08 36.357142857142854
01 36.42857142857142
02 36.49999999999999
04 36.57142857142857
02 36.64285714285714
01 36.714285714285715
08 36.785714285714285
02 36.857142857142854
04 36.92857142857142
02 37.0
04 37.07142857142857
01 37.14285714285714
04 37.214285714285715
02 37.285714285714285
08 37.357142857142854
01 37.42857142857142
02 37.5
04 37.57142857142857
08 37.64285714285714
01 37.714285714285715
08 37.785714285714285
02 37.85714285714286
08 37.92857142857143
01 38.0
02 38.07142857142857
01 38.142857142857146
02 38.214285714285715
04 38.285714285714285
08 38.35714285714286
04 38.42857142857143
02 38.5
01 38.57142857142857
08 38.642857142857146
02 38.714285714285715
04 38.785714285714285
02 38.857142857142854
04 38.92857142857142
01 39.0
04 39.07142857142857
01 39.14285714285714
08 39.21428571428571
04 39.285714285714285
02 39.357142857142854
04 39.42857142857142
02 39.5
01 39.57142857142857
02 39.64285714285714
04 39.71428571428571
08 39.785714285714285
01 39.857142857142854
08 39.92857142857142
02 40.0
04 40.07142857142857
01 40.142857142857146
04 40.214285714285715
01 40.285714285714285
08 40.357142857142854
01 40.42857142857143
04 40.5
02 40.57142857142857
08 40.642857142857146
02 40.714285714285715
04 40.785714285714285
01 40.857142857142854
08 40.92857142857143
04 41.0
02 41.07142857142857
01 41.14285714285714
02 41.21428571428571
04 41.285714285714285
02 41.357142857142854
01 41.42857142857142
02 41.49999999999999
04 41.57142857142857
08 41.64285714285714
01 41.71428571428571
02 41.785714285714285
01 41.857142857142854
08 41.92857142857142
04 41.99999999999999
08 42.07142857142857
01 42.14285714285714
08 42.21428571428571
02 42.285714285714285
04 42.357142857142854
02 42.42857142857143
08 42.5
01 42.57142857142857
08 42.64285714285714
02 42.714285714285715
08 42.785714285714285
01 42.857142857142854
04 42.92857142857143
01 43.0
08 43.07142857142857
02 43.14285714285714
08 43.214285714285715
01 43.285714285714285
02 43.357142857142854
01 43.42857142857142
02 43.49999999999999
04 43.57142857142857
08 43.64285714285714
01 43.71428571428571
02 43.78571428571428
01 43.857142857142854
08 43.92857142857142
04 43.99999999999999
02 44.07142857142857
01 44.14285714285714
08 44.21428571428571
02 44.28571428571428
04 44.357142857142854
02 44.42857142857142
08 44.49999999999999
01 44.57142857142857
04 44.64285714285714
01 44.714285714285715
08 44.785714285714285
04 44.857142857142854
02 44.92857142857142
01 45.0
02 45.07142857142857
04 45.14285714285714
08 45.214285714285715
01 45.285714285714285
02 45.357142857142854
04 45.42857142857142
08 45.5
01 45.57142857142857
04 45.64285714285714
02 45.71428571428571
08 45.78571428571428
02 45.857142857142854
04 45.92857142857142
01 45.99999999999999
08 46.07142857142856
01 46.14285714285714
04 46.21428571428571
02 46.28571428571428
04 46.357142857142854
01 46.42857142857142
08 46.49999999999999
01 46.57142857142856
04 46.64285714285714
01 46.71428571428571
08 46.78571428571428
02 46.857142857142854
08 46.92857142857142
01 47.0
02 47.07142857142857
04 47.14285714285714
08 47.21428571428571
01 47.285714285714285
02 47.357142857142854
01 47.42857142857142
08 47.5
04 47.57142857142857
02 47.64285714285714
04 47.71428571428571
08 47.785714285714285
01 47.857142857142854
04 47.92857142857142
02 48.0
04 48.07142857142857
02 48.142857142857146
04 48.214285714285715
02 48.285714285714285
08 48.357142857142854
02 48.42857142857143
04 48.5
01 48.57142857142857
04 48.642857142857146
01 48.714285714285715
08 48.785714285714285
01 48.857142857142854
02 48.92857142857143
04 49.0
08 49.07142857142857
01 49.14285714285714
08 49.21428571428571
04 49.285714285714285
02 49.357142857142854
01 49.42857142857142
08 49.49999999999999
01 49.57142857142857
02 49.64285714285714
04 49.71428571428571
08 49.785714285714285
01 49.857142857142854
04 49.92857142857142
02 49.99999999999999
08 50.07142857142857
01 50.14285714285714
08 50.21428571428571
02 50.285714285714285
04 50.357142857142854
01 50.42857142857143
08 50.5
02 50.57142857142857
08 50.64285714285714
01 50.714285714285715
02 50.785714285714285
04 50.857142857142854
08 50.92857142857143
01 51.0
08 51.07142857142857
01 51.14285714285714
04 51.214285714285715
01 51.285714285714285
08 51.357142857142854
04 51.42857142857142
06 51.71428571428571
03 51.857142857142854
01 52.14285714285714
08 52.28571428571428
10 52.42857142857142
02 52.57142857142857
04 52.666666666666664
01 52.76190476190476
04 52.857142857142854
02 52.95238095238095
08 53.047619047619044
01 53.14285714285714
02 53.238095238095234
04 53.33333333333333
08 53.42857142857142
04 53.52380952380952
02 53.61904761904762
01 53.71428571428571
08 53.8095238095238
02 53.9047619047619
08 53.99999999999999
01 54.09523809523809
04 54.19047619047618
02 54.28571428571428
08 54.38095238095237
01 54.47619047619047
02 54.57142857142856
04 54.66666666666666
08 54.76190476190476
01 54.857142857142854
08 54.95238095238095
02 55.047619047619044
08 55.14285714285714
01 55.238095238095234
02 55.33333333333333
04 55.42857142857142
08 55.52380952380952
04 55.61904761904761
02 55.71428571428571
01 55.8095238095238
08 55.9047619047619
01 56.0
04 56.095238095238095
02 56.19047619047619
08 56.285714285714285
01 56.38095238095238
04 56.476190476190474
01 56.57142857142857
08 56.666666666666664
04 56.76190476190476
02 56.857142857142854
01 56.95238095238095
08 57.04761904761905
01 57.14285714285714
04 57.238095238095234
02 57.33333333333333
08 57.42857142857142
02 57.52380952380952
08 57.61904761904761
01 57.71428571428571
04 57.8095238095238
01 57.9047619047619
08 57.99999999999999
04 58.09523809523809
02 58.19047619047619
01 58.285714285714285
02 58.38095238095238
04 58.476190476190474
08 58.57142857142857
01 58.666666666666664
08 58.76190476190476
01 58.857142857142854
08 58.95238095238095
02 59.047619047619044
08 59.14285714285714
01 59.238095238095234
02 59.33333333333333
01 59.42857142857142
08 59.52380952380952
02 59.61904761904761
04 59.71428571428571
01 59.8095238095238
08 59.9047619047619
04 59.99999999999999
02 60.14285714285714
01 60.28571428571428
09 60.42857142857142
05 60.714285714285715
10 61.0
12 61.285714285714285
08 61.57142857142857
01 61.64285714285714
04 61.71428571428571
02 61.8095238095238
04 61.9047619047619
01 61.99999999999999
08 62.09523809523809
01 62.19047619047618
08 62.28571428571428
04 62.38095238095237
02 62.47619047619047
01 62.57142857142856
02 62.66666666666666
04 62.76190476190476
08 62.857142857142854
04 62.95238095238095
02 63.047619047619044
01 63.14285714285714
08 63.238095238095234
02 63.33333333333333
04 63.42857142857142
02 63.52380952380952
04 63.61904761904761
02 63.71428571428571
08 63.8095238095238
01 63.9047619047619
04 64.0
01 64.0952380952381
02 64.19047619047619
04 64.28571428571429
02 64.38095238095238
01 64.47619047619048
04 64.57142857142857
02 64.66666666666667
08 64.76190476190476
01 64.85714285714286
08 64.95238095238095
04 65.04761904761905
02 65.14285714285714
01 65.23809523809524
08 65.33333333333333
04 65.42857142857143
02 65.52380952380952
01 65.61904761904762
08 65.71428571428571
02 65.80952380952381
04 65.9047619047619
02 66.0
08 66.09523809523809
01 66.19047619047619
08 66.28571428571428
04 66.38095238095238
02 66.47619047619047
01 66.57142857142857
02 66.66666666666666
01 66.76190476190476
02 66.85714285714285
04 66.95238095238095
08 67.04761904761904
01 67.14285714285714
04 67.23809523809523
02 67.33333333333333
08 67.42857142857143
01 67.52380952380953
04 67.61904761904762
01 67.71428571428572
08 67.80952380952381
04 67.90476190476191
02 68.0
01 68.0952380952381
02 68.19047619047619
04 68.28571428571429
08 68.38095238095238
01 68.47619047619048
08 68.57142857142857
02 68.66666666666667
08 68.76190476190476
02 68.85714285714286
04 68.95238095238095
02 69.04761904761905
08 69.14285714285714
01 69.23809523809524
04 69.33333333333333
01 69.42857142857143
08 69.52380952380952
04 69.61904761904762
02 69.71428571428571
01 69.80952380952381
02 69.9047619047619
01 70.0
02 70.09523809523809
04 70.19047619047619
08 70.28571428571428
01 70.38095238095238
04 70.47619047619047
02 70.57142857142857
08 70.66666666666666
01 70.76190476190476
04 70.85714285714285
02 70.99999999999999
08 71.14285714285714
01 71.28571428571428
02 71.42857142857142
01 71.49999999999999
02 71.57142857142856
04 71.64285714285714
02 71.71428571428571
01 71.78571428571428
02 71.85714285714285
04 71.92857142857142
08 72.0
01 72.0952380952381
04 72.19047619047619
02 72.28571428571429
08 72.38095238095238
01 72.47619047619048
08 72.57142857142857
04 72.64285714285714
02 72.71428571428571
04 72.78571428571429
02 72.85714285714286
01 72.92857142857143
02 73.0
04 73.07142857142857
08 73.14285714285714
01 73.23809523809524
04 73.33333333333333
02 73.42857142857143
08 73.5
02 73.57142857142857
04 73.64285714285714
01 73.71428571428571
08 73.78571428571428
01 73.85714285714285
08 73.92857142857143
04 74.0
02 74.07142857142857
01 74.14285714285714
08 74.21428571428571
01 74.28571428571428
02 74.38095238095238
04 74.47619047619047
08 74.57142857142857
04 74.64285714285714
02 74.71428571428571
04 74.78571428571428
08 74.85714285714285
01 74.92857142857142
04 74.99999999999999
02 75.07142857142857
04 75.14285714285714
01 75.21428571428571
08 75.28571428571428
01 75.35714285714285
08 75.52380952380953
02 75.61904761904762
02 75.80952380952381
04 75.90476190476191
04 76.0952380952381
01 76.19047619047619
01 76.38095238095238
08 76.47619047619048
01 76.57142857142857
08 76.66666666666667
04 76.76190476190476
02 76.85714285714286
01 76.95238095238095
02 77.04761904761905
04 77.14285714285714
08 77.23809523809524
01 77.33333333333333
08 77.42857142857143
02 77.52380952380952
04 77.61904761904762
01 77.71428571428571
08 77.80952380952381
01 77.9047619047619
08 78.0
01 78.09523809523809
08 78.19047619047619
01 78.28571428571428
08 78.38095238095238
01 78.47619047619047
08 78.57142857142857
01 78.66666666666666
08 78.76190476190476
01 78.85714285714285
02 78.95238095238095
04 79.04761904761904
02 79.14285714285714
04 79.23809523809523
08 79.33333333333333
04 79.42857142857142
02 79.52380952380952
01 79.6190476190476
08 79.71428571428571
01 79.9047619047619
04 80.0
01 80.19047619047619
08 80.38095238095238
04 80.57142857142857
02 80.76190476190476
03 81.04761904761905
08 81.14285714285714
09 83.42857142857143
09 85.71428571428571
01 85.80952380952381
04 85.9047619047619
02 86.0
04 86.09523809523809
01 86.19047619047619
08 86.28571428571428
01 86.38095238095238
02 86.47619047619047
04 86.57142857142857
08 86.66666666666666
04 86.76190476190476
02 86.85714285714285
01 86.95238095238095
08 87.04761904761904
04 87.14285714285714
02 87.23809523809523
01 87.33333333333333
08 87.42857142857142
02 87.52380952380952
08 87.6190476190476
01 87.71428571428571
02 87.8095238095238
04 87.9047619047619
08 88.0
04 88.0952380952381
04 88.19047619047619
01 88.28571428571429
02 88.38095238095238
04 88.47619047619048
08 88.57142857142857
02 88.66666666666667
02 88.76190476190476
01 88.85714285714286
04 88.95238095238095
02 89.04761904761905
08 89.14285714285714
04 89.23809523809524
04 89.33333333333333
01 89.42857142857143
04 89.52380952380952
02 89.61904761904762
08 89.71428571428571
02 89.80952380952381
02 89.9047619047619
01 90.0
02 90.09523809523809
04 90.19047619047619
08 90.28571428571428
04 90.38095238095238
04 90.47619047619047
01 90.57142857142857
04 90.66666666666666
04 90.76190476190476
08 90.85714285714285
01 91.04761904761904
04 91.14285714285714
02 91.23809523809523
08 91.33333333333333
01 91.42857142857142
02 91.52380952380952
02 91.6190476190476
08 91.71428571428571
02 91.8095238095238
02 91.9047619047619
01 91.99999999999999
08 92.09523809523809
01 92.19047619047618
08 92.28571428571428
08 92.57142857142857
04 92.64285714285714
02 92.71428571428571
04 92.78571428571428
02 92.85714285714286
01 92.92857142857143
02 93.0
04 93.07142857142857
08 93.14285714285714
01 93.21428571428571
08 93.28571428571428
02 93.35714285714286
08 93.42857142857143
01 93.5
04 93.57142857142857
02 93.64285714285714
04 93.71428571428571
01 93.78571428571428
08 93.85714285714285
01 93.92857142857142
08 94.0
04 94.07142857142857
02 94.14285714285714
04 94.21428571428571
02 94.28571428571428
01 94.35714285714285
02 94.42857142857142
03 94.85714285714285
08 94.95238095238095
02 95.04761904761904
08 95.14285714285714
01 95.23809523809523
02 95.33333333333333
01 95.42857142857142
08 95.52380952380952
04 95.6190476190476
08 95.71428571428571
01 95.8095238095238
04 95.9047619047619
01 96.0
08 96.0952380952381
02 96.19047619047619
04 96.28571428571429
01 96.38095238095238
02 96.47619047619048
04 96.57142857142857
08 96.66666666666667
04 96.76190476190476
02 96.85714285714286
01 96.95238095238095
08 97.04761904761905
01 97.14285714285714
04 97.23809523809524
01 97.33333333333333
08 97.42857142857143
04 97.52380952380952
08 97.61904761904762
01 97.71428571428571
02 97.80952380952381
01 97.9047619047619
08 98.0
02 98.14285714285714
04 98.21428571428571
01 98.28571428571428
08 98.38095238095238
01 98.47619047619047
08 98.57142857142857
01 98.66666666666666
08 98.76190476190476
01 98.85714285714285
08 98.95238095238095
01 98.99999999999999
08 99.04761904761904
01 99.09523809523809
08 99.14285714285714
04 99.19047619047618
02 99.23809523809523
04 99.28571428571428
02 99.33333333333333
01 99.38095238095238
08 99.42857142857142
02 99.49999999999999
08 99.57142857142856
01 99.71428571428571
04 99.85714285714285
02 99.99999999999999
04 100.14285714285712
01 100.28571428571428
08 100.35714285714285
01 100.42857142857142
08 100.49999999999999
01 100.57142857142857
02 100.71428571428571
04 100.85714285714286
08 101.0
01 101.07142857142857
04 101.10714285714286
01 101.14285714285714
08 101.28571428571428
04 101.42857142857143
02 101.57142857142857
01 101.71428571428571
08 101.85714285714285
02 102.0
08 102.07142857142857
02 102.14285714285714
08 102.21428571428571
01 102.28571428571428
02 102.42857142857142
04 102.57142857142857
08 102.71428571428571
01 102.78571428571428
02 102.82142857142857
01 102.85714285714285
08 102.99999999999999
02 103.14285714285714
08 103.28571428571428
01 103.42857142857142
02 103.57142857142856
04 103.71428571428571
08 103.78571428571428
04 103.85714285714285
08 103.92857142857142
01 104.0
04 104.14285714285714
02 104.28571428571429
04 104.42857142857143
01 104.5
08 104.53571428571429
01 104.57142857142857
08 104.71428571428571
04 104.85714285714286
02 105.0
01 105.14285714285714
08 105.28571428571428
01 105.42857142857143
02 105.5
01 105.57142857142857
02 105.64285714285714
04 105.71428571428571
08 105.85714285714285
02 106.0
04 106.14285714285714
01 106.21428571428571
08 106.25
01 106.28571428571428
02 106.42857142857142
04 106.57142857142857
08 106.71428571428571
02 106.78571428571428
08 106.82142857142857
02 106.85714285714285
04 106.99999999999999
01 107.14285714285714
02 107.28571428571428
04 107.35714285714285
08 107.42857142857142
01 107.57142857142856
04 107.71428571428571
02 107.78571428571428
04 107.85714285714285
02 107.92857142857142
08 107.99999999999999
01 108.14285714285712
02 108.28571428571428
04 108.42857142857142
08 108.49999999999999
01 108.53571428571428
08 108.57142857142857
02 108.64285714285714
08 108.71428571428571
01 108.78571428571428
02 108.85714285714286
04 108.92857142857143
08 109.0
02 109.07142857142857
08 109.14285714285714
04 109.21428571428571
02 109.28571428571428
01 109.35714285714286
04 109.42857142857143
02 109.5
04 109.57142857142857
01 109.64285714285714
08 109.71428571428571
04 109.79047619047618
02 109.86666666666666
01 109.94285714285714
08 110.01904761904761
02 110.09523809523809
08 110.17142857142856
01 110.24761904761904
04 110.32380952380952
08 110.39999999999999
02 110.47619047619047
04 110.55238095238094
02 110.62857142857142
04 110.7047619047619
01 110.78095238095237
08 110.85714285714285
04 110.93333333333332
02 111.0095238095238
01 111.08571428571427
04 111.16190476190475
02 111.23809523809523
08 111.3142857142857
01 111.39047619047618
04 111.46666666666665
08 111.54285714285713
01 111.6190476190476
08 111.69523809523808
02 111.77142857142856
04 111.84761904761903
02 111.92380952380951
08 112.0
04 112.07619047619048
02 112.15238095238095
01 112.22857142857143
02 112.3047619047619
04 112.38095238095238
08 112.45714285714286
01 112.53333333333333
02 112.60952380952381
04 112.68571428571428
02 112.76190476190476
08 112.83809523809524
04 112.91428571428571
02 112.99047619047619
01 113.06666666666666
08 113.14285714285714
08 115.99999999999999
