TITLE The Darker Dark
BPM   179.596
NOTES
01 10.690661261943474
08 10.85770284416134
02 10.941223635270275
08 11.024744426379208
01 11.191786008597074
02 11.35882759081494
04 11.442348381923875
08 11.525869173032808
01 11.60938996414174
08 11.692910755250674
02 11.776431546359607
04 11.859952337468542
01 12.026993919686408
08 12.194035501904274
04 12.277556293013209
02 12.361077084122142
01 12.528118666340008
08 12.611639457448941
02 12.695160248557874
02 12.862201830775742
04 13.029243412993608
01 13.112764204102541
04 13.196284995211474
01 13.363326577429342
08 13.530368159647209
02 13.613888950756143
04 13.697409741865076
01 13.864451324082943
08 14.031492906300809
04 14.115013697409744
02 14.198534488518677
01 14.28205527962761
04 14.365576070736543
01 14.449096861845476
08 14.53261765295441
04 14.699659235172277
02 14.866700817390143
01 15.03374239960801
08 15.28430477293481
02 15.367825564043743
04 15.534867146261611
02 15.701908728479477
08 15.868950310697343
01 16.03599189291521
02 16.203033475133076
04 16.28655426624201
02 16.37007505735094
01 16.53711663956881
08 16.704158221786678
02 16.78767901289561
04 16.871199804004544
01 16.954720595113475
08 17.03824138622241
04 17.121762177331345
02 17.205282968440276
01 17.372324550658146
08 17.53936613287601
02 17.622886923984947
08 17.706407715093878
04 17.873449297311748
02 17.95697008842068
01 18.040490879529614
01 18.20753246174748
08 18.374574043965346
02 18.45809483507428
08 18.541615626183212
01 18.70865720840108
02 18.875698790618944
04 18.95921958172788
08 19.04274037283681
01 19.20978195505468
08 19.376823537272546
02 19.460344328381478
04 19.543865119490412
02 19.627385910599344
08 19.71090670170828
01 19.794427492817213
02 19.877948283926145
04 20.044989866144014
08 20.21203144836188
01 20.379073030579747
08 20.629635403906548
01 20.713156195015483
04 20.88019777723335
02 21.047239359451215
09 21.381322523886947
08 21.548364106104813
02 21.631884897213748
08 21.71540568832268
01 21.88244727054055
04 21.96596806164948
02 22.049488852758415
04 22.133009643867346
01 22.21653043497628
08 22.383572017194147
04 22.467092808303082
02 22.550613599412014
01 22.63413439052095
08 22.71765518162988
02 22.884696763847746
10 23.051738346065612
01 23.21877992828348
04 23.302300719392413
02 23.385821510501348
02 23.552863092719214
08 23.71990467493708
01 23.803425466046015
08 23.886946257154946
01 23.97046704826388
04 24.053987839372816
02 24.221029421590682
08 24.304550212699617
01 24.388071003808548
08 24.555112586026418
04 24.63863337713535
02 24.722154168244284
01 24.805674959353215
02 24.88919575046215
01 25.056237332680016
08 25.13975812378895
01 25.223278914897882
04 25.306799706006817
01 25.39032049711575
02 25.557362079333615
06 25.72440366155148
08 25.807924452660416
04 25.89144524376935
02 26.058486825987217
01 26.225528408205083
08 26.309049199314014
01 26.39256999042295
04 26.476090781531884
02 26.559611572640815
08 26.726653154858685
04 26.89369473707655
02 26.977215528185486
01 27.060736319294417
08 27.227777901512287
04 27.311298692621218
02 27.394819483730153
01 27.478340274839084
08 27.56186106594802
01 27.728902648165885
04 27.81242343927482
01 27.89594423038375
04 27.979465021492686
02 28.062985812601617
08 28.230027394819484
09 28.39706897703735
08 28.56411055925522
02 28.64763135036415
04 28.731152141473085
04 28.89819372369095
01 29.065235305908818
02 29.148756097017753
01 29.232276888126684
02 29.31579767923562
04 29.399318470344554
08 29.56636005256242
01 29.649880843671355
08 29.733401634780286
02 29.900443216998156
04 29.983964008107087
01 30.06748479921602
04 30.151005590324953
02 30.234526381433888
08 30.401567963651754
01 30.48508875476069
02 30.56860954586962
04 30.652130336978555
08 30.735651128087486
01 30.902692710305352
09 31.06973429252322
02 31.153255083632153
08 31.236775874741088
01 31.403817456958954
08 31.57085903917682
02 31.65437983028575
08 31.737900621394687
02 31.82142141250362
04 31.904942203612553
01 32.07198378583042
02 32.23902536804829
04 32.32254615915722
08 32.40606695026615
01 32.57310853248402
04 32.65662932359295
01 32.74015011470188
04 32.82367090581082
02 32.90719169691975
08 33.07423327913762
04 33.157754070246554
08 33.241274861355485
04 33.32479565246442
02 33.408316443573355
04 33.575358025791225
12 33.74239960800909
01 33.90944119022696
04 33.99296198133589
02 34.07648277244482
02 34.24352435466269
04 34.41056593688056
01 34.49408672798949
08 34.57760751909842
01 34.66112831020735
04 34.74464910131629
01 34.91169068353416
08 34.99521147464309
01 35.07873226575202
08 35.24577384796989
04 35.329294639078825
02 35.412815430187756
01 35.496336221296694
02 35.579857012405625
01 35.746898594623495
08 35.83041938573243
01 35.91394017684136
04 35.99746096795029
02 36.08098175905922
08 36.24802334127709
09 36.41506492349495
04 36.498585714603884
02 36.58210650571282
08 36.749148087930685
01 36.83266887903962
04 36.916189670148555
01 36.999710461257486
08 37.083231252366424
04 37.25027283458429
02 37.41731441680216
01 37.584355999020026
08 37.66787679012896
01 37.75139758123789
04 37.91843916345576
02 38.00195995456469
04 38.08548074567362
01 38.16900153678256
08 38.25252232789149
01 38.41956391010936
02 38.50308470121829
04 38.58660549232722
08 38.670126283436154
04 38.75364707454509
02 38.92068865676296
06 39.087730238980825
08 39.254771821198695
01 39.338292612307626
04 39.42181340341656
04 39.58885498563443
02 39.7558965678523
08 39.83941735896123
01 39.92293815007016
08 40.00645894117909
04 40.08997973228803
02 40.2570213145059
01 40.34054210561483
02 40.42406289672376
01 40.59110447894163
08 40.67462527005056
02 40.75814606115949
04 40.84166685226843
02 40.92518764337736
08 41.09222922559523
04 41.175750016704164
02 41.259270807813095
01 41.34279159892203
08 41.42631239003096
04 41.59335397224883
12 41.76039555446669
01 41.84391634557562
04 41.92743713668456
01 42.09447871890242
08 42.26152030112029
04 42.34504109222922
02 42.42856188333816
01 42.51208267444709
08 42.595603465556025
02 42.762645047773894
08 43.09672821220963
01 43.34729058553643
08 43.43081137664536
04 43.59785295886323
02 43.7648945410811
04 43.93193612329896
08 44.09897770551683
01 44.43306086995256
02 44.60010245217043
06 45.101227198824034
08 45.43531036325976
01 45.76939352769549
04 46.01995590102229
01 46.103476692131224
08 46.270518274349094
02 46.43755985656696
08 46.604601438784826
04 46.771643021002696
02 46.85516381211163
04 46.938684603220565
02 47.0222053943295
01 47.10572618543843
08 47.2727677676563
10 47.7738925143099
04 48.10797567874563
05 48.442058843181364
08 48.692621216508165
02 48.776142007617096
04 48.943183589834966
01 49.110225172052836
02 49.2772667542707
01 49.44430833648857
08 49.7783915009243
02 49.94543308314217
10 50.44655782979577
04 50.7806409942315
02 51.11472415866723
01 51.36528653199403
08 51.44880732310296
02 51.61584890532083
04 51.7828904875387
02 51.949932069756564
08 52.11697365197443
04 52.200494443083365
02 52.2840152341923
01 52.367536025301234
08 52.451056816410166
01 52.618098398628035
05 53.11922314528164
02 53.45330630971737
08 53.7873894741531
01 54.0379518474799
08 54.121472638588834
12 54.7896389674603
04 55.45780529633176
06 56.125971625203235
01 56.46005478963897
08 56.71061716296577
02 56.7941379540747
05 57.46230428294617
01 58.130470611817636
09 58.79863694068911
12 59.13272010512484
08 59.38328247845164
04 59.46680326956057
09 60.134969598432036
01 60.46905276286777
04 60.8031359273035
06 61.47130225617497
08 61.805385420610705
01 62.055947793937506
08 62.13946858504644
12 62.80763491391791
09 64.14396757166084
08 64.39452994498764
04 64.47805073609658
02 64.8121339005323
01 65.14621706496804
08 65.3132586471859
02 65.48030022940378
08 65.73086260273058
01 65.81438339383952
08 66.14846655827525
04 66.48254972271098
02 66.81663288714671
01 67.06719526047351
02 67.15071605158245
01 67.48479921601817
08 67.81888238045391
02 67.98592396267178
08 68.15296554488964
01 68.40352791821644
08 68.48704870932538
04 68.8211318737611
02 69.15521503819684
04 69.48929820263258
08 69.82338136706832
02 70.07394374039512
08 70.15746453150405
01 70.32450611372191
08 70.49154769593979
04 70.65858927815765
02 70.82563086037551
01 71.15971402481125
08 71.32675560702911
10 71.82788035368272
08 72.16196351811844
01 72.49604668255418
08 72.74660905588098
04 72.8301298469899
02 72.99717142920777
01 73.16421301142564
02 73.33125459364351
01 73.49829617586138
04 73.8546515512595
01 74.03282923895856
09 74.83462883360431
08 75.00167041582218
01 75.08519120693111
08 75.16871199804005
01 75.33575358025792
04 75.50279516247578
02 75.58631595358472
08 75.66983674469364
02 75.75335753580258
08 75.83687832691152
01 75.92039911802044
02 76.00391990912938
04 76.17096149134724
08 76.3380030735651
09 76.50504465578298
04 76.67208623800084
02 76.75560702910978
04 76.8391278202187
04 77.00616940243657
01 77.17321098465445
02 77.25673177576337
04 77.34025256687231
08 77.42377335798125
01 77.50729414909019
08 77.67433573130805
02 77.75785652241699
04 77.84137731352592
01 78.00841889574379
08 78.17546047796165
02 78.25898126907059
08 78.34250206017951
01 78.42602285128845
08 78.50954364239739
02 78.59306443350631
08 78.67658522461525
01 78.84362680683311
02 79.01066838905098
06 79.17770997126885
08 79.26123076237778
01 79.34475155348672
04 79.51179313570458
02 79.67883471792244
08 79.76235550903138
02 79.84587630014032
04 79.92939709124924
01 80.01291788235818
08 80.17995946457606
04 80.34700104679392
02 80.43052183790286
01 80.5140426290118
08 80.68108421122966
02 80.84812579344752
04 80.93164658455646
01 81.01516737566538
08 81.09868816677432
04 81.18220895788326
02 81.26572974899219
01 81.34925054010112
08 81.51629212231899
02 81.68333370453685
06 81.85037528675473
01 82.01741686897259
08 82.10093766008153
04 82.18445845119045
04 82.35150003340831
02 82.51854161562619
01 82.60206240673512
02 82.68558319784405
01 82.85262478006192
08 83.01966636227978
02 83.10318715338872
08 83.18670794449766
01 83.35374952671552
02 83.52079110893338
04 83.60431190004232
08 83.68783269115124
02 83.77135348226018
08 83.85487427336912
01 83.93839506447804
08 84.02191585558698
01 84.18895743780486
02 84.35599902002272
06 84.5230406022406
08 84.60656139334952
04 84.69008218445846
02 84.85712376667632
04 85.02416534889419
08 85.10768614000312
01 85.19120693111206
04 85.27472772222099
02 85.35824851332993
10 85.52529009554779
08 85.69233167776565
01 85.77585246887459
02 85.85937325998353
01 86.02641484220139
08 86.10993563331033
02 86.19345642441925
04 86.27697721552819
02 86.36049800663712
08 86.52753958885499
01 86.61106037996392
02 86.69458117107285
04 86.7781019621818
02 86.86162275329072
01 87.02866433550858
09 87.19570591772646
02 87.36274749994432
04 87.44626829105326
01 87.52978908216218
01 87.69683066438004
08 87.86387224659792
04 87.94739303770685
08 88.03091382881578
04 88.11443461992472
02 88.19795541103366
04 88.36499699325152
08 88.44851778436046
01 88.5320385754694
02 88.69908015768726
01 88.7826009487962
08 88.86612173990513
02 88.94964253101406
08 89.03316332212299
02 89.20020490434086
08 89.28372569544979
02 89.36724648655873
04 89.45076727766767
01 89.53428806877659
08 89.70132965099445
12 89.86837123321233
02 89.95189202432125
01 90.03541281543019
02 90.20245439764805
04 90.28597518875699
08 90.36949597986592
01 90.45301677097486
04 90.5365375620838
02 90.70357914430166
08 90.87062072651952
02 91.03766230873738
04 91.12118309984632
02 91.20470389095526
08 91.37174547317312
01 91.45526626428206
02 91.53878705539098
04 91.62230784649992
08 91.70582863760885
02 91.87287021982672
04 91.95639101093565
01 92.03991180204459
04 92.12343259315352
02 92.20695338426246
08 92.37399496648032
12 92.5410365486982
02 92.70807813091606
01 92.791598922025
04 92.87511971313393
04 93.04216129535179
01 93.20920287756967
08 93.29272366867859
01 93.37624445978753
08 93.45976525089647
04 93.54328604200539
08 93.71032762422325
04 93.79384841533219
02 93.87736920644113
01 94.044410788659
08 94.12793157976793
02 94.21145237087686
08 94.2949731619858
02 94.37849395309472
04 94.5455355353126
01 94.62905632642152
08 94.71257711753046
04 94.7960979086394
08 94.87961869974833
01 95.0466602819662
05 95.21370186418407
02 95.297222655293
04 95.38074344640194
01 95.5477850286198
08 95.71482661083766
04 95.7983474019466
02 95.88186819305554
01 95.96538898416446
08 96.0489097752734
01 96.21595135749126
04 96.38299293970913
02 96.46651373081806
08 96.550034521927
01 96.71707610414487
08 96.8005968952538
04 96.88411768636273
02 96.96763847747167
04 97.05115926858059
08 97.21820085079847
01 97.30172164190739
08 97.38524243301633
02 97.46876322412527
04 97.55228401523419
01 97.71932559745206
09 97.88636717966993
02 98.0534087618878
04 98.13692955299673
01 98.22045034410566
08 98.38749192632352
04 98.5545335085414
02 98.63805429965032
01 98.72157509075926
08 98.8050958818682
04 98.88861667297714
08 99.055658255195
01 99.13917904630394
08 99.22269983741288
01 99.38974141963074
04 99.47326221073968
02 99.5567830018486
08 99.64030379295754
02 99.72382458406646
08 99.89086616628434
01 99.97438695739326
02 100.0579077485022
04 100.14142853961114
02 100.22494933072007
04 100.39199091293793
12 100.5590324951558
01 100.64255328626473
04 100.72607407737367
01 100.89311565959153
04 101.06015724180939
02 101.14367803291833
08 101.22719882402727
04 101.3107196151362
02 101.39424040624513
01 101.561281988463
04 101.72832357068086
01 101.8118443617898
04 101.89536515289873
01 102.0624067351166
04 102.14592752622553
02 102.22944831733446
04 102.3129691084434
01 102.39648989955232
02 102.5635314817702
04 102.64705227287912
08 102.73057306398806
04 102.814093855097
02 102.89761464620594
01 103.0646562284238
09 103.23169781064168
02 103.39873939285954
08 103.48226018396848
01 103.5657809750774
02 103.73282255729526
04 103.89986413951314
08 103.98338493062207
01 104.066905721731
08 104.15042651283994
02 104.23394730394887
04 104.40098888616673
01 104.48450967727567
08 104.5680304683846
04 104.73507205060247
02 104.8185928417114
04 104.90211363282033
08 104.98563442392927
01 105.0691552150382
08 105.23619679725607
02 105.319717588365
04 105.40323837947393
02 105.48675917058287
08 105.5702799616918
01 105.73732154390966
09 105.90436312612754
04 105.98788391723646
08 106.0714047083454
01 106.23844629056326
08 106.40548787278112
04 106.48900866389006
02 106.572529454999
04 106.65605024610792
08 106.73957103721686
01 106.90661261943474
02 107.12933472905856
01 107.35205683868239
09 107.5747789483062
08 107.90886211274194
04 108.0759036949598
08 108.24294527717767
04 108.40998685939553
06 108.57702844161341
02 108.91111160604913
01 109.078153188267
08 109.24519477048487
01 109.41223635270273
08 109.5792779349206
02 109.91336109935634
10 110.24744426379206
08 110.5815274282278
01 110.66504821933673
08 110.74856901044566
02 110.91561059266354
04 111.0826521748814
05 111.24969375709928
01 111.583776921535
08 111.66729771264394
01 111.75081850375287
02 111.91786008597074
04 112.0849016681886
08 112.25194325040647
04 112.33546404151541
02 112.41898483262433
01 112.58602641484221
08 112.75306799706007
02 112.92010957927793
04 113.00363037038687
01 113.0871511614958
08 113.25419274371367
04 113.3377135348226
02 113.42123432593154
01 113.50475511704047
08 113.58827590814941
02 113.75531749036728
04 113.92235907258515
01 114.00587986369408
04 114.08940065480301
02 114.25644223702088
08 114.42348381923874
04 114.50700461034768
02 114.59052540145662
01 114.67404619256554
02 114.75756698367448
01 114.92460856589234
08 115.0916501481102
02 115.25869173032808
04 115.42573331254594
01 115.50925410365488
04 115.5927748947638
02 115.67629568587274
08 115.75981647698167
04 115.92685805919955
02 116.01037885030847
01 116.09389964141741
08 116.17742043252635
01 116.26094122363527
08 116.51150359696207
01 116.59502438807101
08 117.59727388137821
04 117.76431546359608
02 117.93135704581395
01 118.09839862803182
08 118.26544021024968
02 118.59952337468542
04 118.76656495690328
01 118.93360653912114
08 119.100648121339
12 119.26768970355688
02 119.43473128577475
01 119.60177286799261
08 119.76881445021047
02 120.10289761464621
08 120.26993919686407
01 120.43698077908194
02 120.60402236129981
04 120.77106394351767
08 120.93810552573554
01 121.27218869017128
04 121.43923027238914
02 121.60627185460702
08 121.77331343682488
09 121.94035501904276
02 122.10739660126062
04 122.27443818347848
02 122.44147976569634
01 122.77556293013208
04 122.94260451234994
02 123.10964609456781
04 123.27668767678568
01 123.44372925900355
08 123.61077084122141
01 123.94485400565715
04 124.11189558787501
02 124.27893717009287
08 124.44597875231074
12 124.61302033452861
02 124.78006191674648
04 124.94710349896434
08 125.1141450811822
02 125.44822824561794
04 125.61526982783582
02 125.78231141005368
08 125.94935299227156
01 126.11639457448942
02 126.28343615670728
04 126.61751932114302
08 126.78456090336088
01 126.95160248557875
04 127.11864406779661
06 127.28568565001449
08 127.45272723223235
01 127.61976881445021
02 127.78681039666807
01 128.12089356110383
08 128.28793514332168
04 128.6220183077574
08 128.8725806810842
04 128.95610147219315
03 129.6242678010646
01 130.29243412993608
09 130.96060045880756
02 131.2946836232433
04 131.5452459965701
02 131.62876678767904
05 132.2969331165505
08 132.96509944542197
12 133.63326577429342
02 133.96734893872915
01 134.21791131205595
08 134.3014321031649
12 134.96959843203635
04 135.63776476090783
06 136.30593108977928
01 136.640014254215
08 136.8905766275418
01 136.97409741865076
10 137.64226374752224
