TITLE This Is Not The End
BPM   140.0
NOTES
01 15.428571428571427
09 16.285714285714285
08 17.142857142857142
12 18.0
04 18.857142857142858
06 19.714285714285715
02 20.57142857142857
01 20.785714285714285
02 21.21428571428571
03 21.428571428571427
01 22.285714285714285
05 23.142857142857142
04 24.0
06 24.857142857142858
02 25.71428571428571
10 26.57142857142857
08 27.428571428571427
01 27.642857142857142
08 27.75
01 28.07142857142857
02 28.178571428571427
04 28.285714285714285
08 28.607142857142854
02 28.71428571428571
08 30.857142857142854
01 31.07142857142857
04 31.14285714285714
01 31.21428571428571
08 31.28571428571428
04 31.428571428571427
02 31.57142857142857
01 31.71428571428571
08 31.857142857142854
02 31.999999999999996
04 32.14285714285714
01 32.285714285714285
08 32.42857142857142
01 32.57142857142857
02 32.785714285714285
04 33.0
02 33.214285714285715
01 33.32142857142857
08 33.535714285714285
01 33.75
04 33.857142857142854
02 34.07142857142857
08 34.17857142857142
01 34.285714285714285
08 34.5
04 34.714285714285715
02 34.92857142857143
01 35.035714285714285
08 35.25
02 35.464285714285715
04 35.57142857142857
01 35.785714285714285
08 36.0
04 36.214285714285715
02 36.42857142857143
01 36.642857142857146
08 36.75
01 36.964285714285715
04 37.17857142857143
02 37.285714285714285
08 37.5
01 37.714285714285715
02 37.92857142857143
01 38.142857142857146
08 38.35714285714286
02 38.464285714285715
04 38.67857142857143
02 38.892857142857146
08 39.0
04 39.214285714285715
02 39.42857142857142
04 39.64285714285714
08 39.857142857142854
01 40.07142857142857
04 40.17857142857142
02 40.39285714285714
08 40.607142857142854
04 40.71428571428571
02 40.92857142857142
01 41.14285714285714
08 41.357142857142854
02 41.57142857142857
04 41.785714285714285
01 41.89285714285714
08 42.107142857142854
01 42.32142857142857
08 42.42857142857142
02 42.64285714285714
08 42.857142857142854
01 43.07142857142857
02 43.285714285714285
04 43.5
02 43.607142857142854
01 43.82142857142857
08 44.035714285714285
02 44.14285714285714
08 44.357142857142854
01 44.57142857142857
02 44.785714285714285
01 45.0
04 45.214285714285715
02 45.32142857142857
08 45.535714285714285
01 45.75
02 45.857142857142854
04 46.07142857142857
08 46.285714285714285
01 46.5
04 46.714285714285715
02 46.92857142857143
08 47.035714285714285
01 47.25
02 47.464285714285715
04 47.57142857142857
08 47.785714285714285
04 47.89285714285714
02 48.0
01 48.214285714285715
08 48.42857142857143
02 48.642857142857146
04 48.75
01 48.964285714285715
08 49.17857142857143
04 49.285714285714285
02 49.5
04 49.71428571428571
08 49.92857142857142
01 50.14285714285714
04 50.357142857142854
02 50.46428571428571
08 50.67857142857142
01 50.89285714285714
02 50.99999999999999
01 51.21428571428571
08 51.42857142857142
01 51.64285714285714
02 51.857142857142854
04 52.07142857142857
08 52.17857142857142
01 52.39285714285714
04 52.607142857142854
02 52.71428571428571
08 52.92857142857142
01 53.14285714285714
08 53.357142857142854
04 53.57142857142857
02 53.785714285714285
04 53.89285714285714
08 54.107142857142854
01 54.32142857142857
04 54.42857142857142
01 54.64285714285714
02 54.857142857142854
01 55.07142857142857
08 55.285714285714285
02 55.5
04 55.607142857142854
02 55.82142857142857
08 56.035714285714285
01 56.14285714285714
02 56.357142857142854
04 56.57142857142857
02 56.785714285714285
01 57.0
08 57.214285714285715
02 57.32142857142857
04 57.535714285714285
02 57.75
08 57.857142857142854
01 58.07142857142857
08 58.285714285714285
04 58.5
02 58.714285714285715
01 58.92857142857143
08 59.035714285714285
01 59.25
04 59.464285714285715
02 59.57142857142857
08 59.785714285714285
01 60.0
02 60.214285714285715
04 60.42857142857143
08 60.642857142857146
01 60.75
01 60.964285714285715
02 61.17857142857143
02 61.392857142857146
04 61.607142857142854
08 61.71428571428571
01 61.92857142857142
04 62.14285714285714
01 62.357142857142854
04 62.46428571428571
04 62.67857142857142
02 62.89285714285714
02 63.107142857142854
08 63.32142857142856
01 63.42857142857142
04 63.64285714285714
01 63.857142857142854
02 64.07142857142857
04 64.17857142857142
04 64.39285714285714
08 64.60714285714285
08 64.82142857142857
01 65.03571428571428
08 65.14285714285714
04 65.35714285714285
02 65.42857142857143
01 65.5
08 65.57142857142857
01 65.71428571428571
04 65.85714285714285
02 66.0
08 66.14285714285714
04 66.28571428571428
02 66.42857142857143
01 66.57142857142857
08 66.71428571428571
01 66.85714285714285
08 67.07142857142856
02 67.28571428571428
08 67.49999999999999
01 67.60714285714285
01 67.82142857142856
08 68.03571428571428
08 68.24999999999999
04 68.46428571428571
02 68.57142857142857
01 68.78571428571428
08 69.0
01 69.21428571428571
04 69.32142857142857
04 69.53571428571428
01 69.75
01 69.96428571428571
02 70.17857142857143
04 70.28571428571428
08 70.39285714285714
04 70.49999999999999
02 70.60714285714285
01 70.71428571428571
08 70.82142857142857
04 70.92857142857142
02 71.03571428571428
01 71.14285714285714
08 71.24999999999999
01 71.35714285714285
04 71.46428571428571
02 71.57142857142857
08 71.67857142857142
02 71.78571428571428
04 71.89285714285714
01 72.0
08 72.10714285714286
01 72.75
12 72.85714285714286
02 73.07142857142857
01 73.17857142857143
02 73.28571428571429
01 73.39285714285714
08 73.5
02 73.60714285714286
04 73.71428571428571
02 73.92857142857142
08 74.14285714285714
01 74.25
08 74.46428571428571
02 74.78571428571428
04 75.0
01 75.10714285714285
08 75.32142857142857
04 75.64285714285714
02 75.85714285714286
04 75.96428571428572
08 76.17857142857143
08 76.39285714285714
01 76.60714285714286
04 76.71428571428572
04 77.03571428571429
06 77.14285714285714
02 77.35714285714285
08 77.57142857142857
01 77.67857142857143
02 77.89285714285714
04 78.21428571428571
08 78.42857142857143
01 78.53571428571428
08 78.75
02 79.07142857142856
06 79.71428571428571
01 79.85714285714285
08 79.99999999999999
01 80.14285714285714
02 80.35714285714285
03 80.57142857142857
01 80.78571428571428
04 81.0
02 81.10714285714286
08 81.32142857142857
04 81.64285714285714
02 81.85714285714286
04 81.96428571428571
08 82.17857142857143
01 82.49999999999999
08 82.71428571428571
02 82.82142857142857
04 83.03571428571428
04 83.24999999999999
01 83.46428571428571
08 83.57142857142857
08 83.89285714285714
10 84.0
02 84.21428571428571
04 84.42857142857143
01 84.53571428571429
08 84.75
04 85.07142857142857
02 85.28571428571429
01 85.39285714285714
08 85.60714285714286
04 85.92857142857142
06 86.57142857142857
01 86.78571428571428
08 86.89285714285714
01 87.0
08 87.10714285714285
01 87.21428571428571
05 87.42857142857143
04 87.64285714285714
02 87.85714285714286
08 88.07142857142857
04 88.28571428571429
02 88.5
01 88.71428571428572
08 88.82142857142857
01 88.92857142857143
04 89.03571428571429
01 89.14285714285714
08 89.25
04 89.35714285714285
02 89.57142857142857
04 89.78571428571428
08 90.0
01 90.21428571428571
04 90.42857142857143
04 90.75
05 90.85714285714285
01 91.07142857142856
08 91.17857142857142
01 91.28571428571428
04 91.49999999999999
02 91.60714285714285
08 91.71428571428571
01 91.92857142857142
02 92.14285714285714
04 92.24999999999999
08 92.35714285714285
04 92.46428571428571
02 92.57142857142857
01 92.78571428571428
08 92.89285714285714
02 93.0
04 93.10714285714286
01 93.21428571428571
08 93.32142857142857
01 93.42857142857143
02 93.64285714285714
04 93.75
02 93.85714285714286
01 94.07142857142857
09 94.28571428571428
08 94.49999999999999
02 94.60714285714285
04 94.71428571428571
02 94.92857142857142
08 95.14285714285714
01 95.35714285714285
02 95.57142857142857
04 95.78571428571428
08 95.89285714285714
01 96.0
01 96.21428571428571
02 96.32142857142857
02 96.53571428571429
04 96.64285714285714
08 96.85714285714286
08 97.07142857142857
01 97.17857142857143
04 97.28571428571429
04 97.60714285714286
05 97.71428571428571
01 97.92857142857142
08 98.03571428571428
01 98.14285714285714
02 98.35714285714285
04 98.46428571428571
08 98.57142857142857
01 98.78571428571428
08 99.0
02 99.10714285714285
04 99.21428571428571
01 99.32142857142857
08 99.42857142857142
01 99.64285714285712
02 99.74999999999999
04 99.85714285714285
08 99.96428571428571
01 100.07142857142856
08 100.17857142857142
01 100.28571428571428
04 100.49999999999999
01 100.60714285714285
04 100.71428571428571
02 100.92857142857142
10 101.14285714285714
08 101.35714285714285
01 101.57142857142857
04 101.78571428571428
02 101.89285714285714
08 102.10714285714285
01 102.32142857142857
02 102.42857142857143
04 102.64285714285714
08 102.75
01 102.85714285714285
04 103.07142857142856
02 103.28571428571428
08 103.49999999999999
04 103.60714285714285
08 103.82142857142856
01 104.03571428571428
02 104.14285714285714
01 104.35714285714285
04 104.57142857142857
02 104.78571428571428
08 105.0
04 105.21428571428571
02 105.32142857142857
01 105.53571428571428
08 105.75
01 105.85714285714286
04 106.07142857142857
02 106.28571428571428
08 106.49999999999999
01 106.71428571428571
02 106.92857142857142
04 107.03571428571428
02 107.24999999999999
01 107.46428571428571
08 107.57142857142857
01 107.78571428571428
04 108.0
02 108.21428571428571
08 108.42857142857143
04 108.64285714285714
08 108.75
01 108.96428571428571
04 109.17857142857143
02 109.28571428571429
08 109.5
01 109.71428571428571
02 109.92857142857142
04 110.14285714285714
08 110.35714285714285
01 110.46428571428571
04 110.67857142857142
02 110.89285714285714
08 111.0
01 111.21428571428571
02 111.42857142857142
04 111.64285714285712
08 111.85714285714285
01 112.07142857142856
04 112.17857142857142
02 112.39285714285712
08 112.60714285714285
04 112.71428571428571
02 112.92857142857142
01 113.14285714285714
08 113.35714285714285
01 113.57142857142857
04 113.78571428571428
01 113.89285714285714
02 114.10714285714285
01 114.32142857142857
08 114.42857142857143
02 114.64285714285714
04 114.85714285714285
01 115.07142857142856
08 115.28571428571428
04 115.49999999999999
02 115.60714285714285
01 115.82142857142856
08 116.03571428571428
01 116.14285714285714
04 116.35714285714285
02 116.46428571428571
08 116.57142857142857
01 116.78571428571428
02 117.0
04 117.21428571428571
08 117.32142857142857
01 117.53571428571428
04 117.75
01 117.85714285714286
08 118.07142857142857
01 118.28571428571428
02 118.49999999999999
04 118.71428571428571
08 118.92857142857142
04 119.03571428571428
08 119.24999999999999
01 119.46428571428571
04 119.57142857142857
02 119.78571428571428
08 120.0
02 120.21428571428571
04 120.42857142857143
01 120.64285714285714
02 120.75
04 120.96428571428571
08 121.17857142857143
01 121.28571428571429
04 121.5
02 121.71428571428571
08 121.92857142857142
04 122.14285714285714
02 122.35714285714285
04 122.46428571428571
08 122.67857142857142
01 122.89285714285714
04 123.0
02 123.21428571428571
08 123.42857142857142
01 123.64285714285712
02 123.85714285714285
01 124.07142857142856
04 124.17857142857142
02 124.39285714285712
08 124.60714285714285
04 124.71428571428571
02 124.92857142857142
01 125.14285714285714
08 125.35714285714285
01 125.57142857142857
04 125.78571428571428
02 125.89285714285714
08 126.10714285714285
01 126.32142857142857
02 126.42857142857143
04 126.64285714285714
02 126.85714285714285
01 127.07142857142856
08 127.28571428571428
02 127.49999999999999
04 127.60714285714285
01 127.82142857142856
04 128.03571428571428
02 128.14285714285714
08 128.35714285714283
09 128.57142857142856
01 128.99999999999997
01 129.2142857142857
01 129.64285714285714
02 130.28571428571428
02 130.7142857142857
02 130.92857142857142
02 131.35714285714286
04 132.0
04 132.42857142857142
04 132.64285714285714
04 133.07142857142858
04 133.7142857142857
04 134.1428571428571
04 134.35714285714283
04 134.78571428571428
08 135.42857142857142
08 135.85714285714283
08 136.07142857142856
08 136.5
02 137.14285714285714
02 137.57142857142856
08 137.78571428571428
09 138.0
04 138.21428571428572
02 138.42857142857142
04 138.64285714285714
01 138.85714285714286
01 139.28571428571428
02 139.71428571428572
04 139.92857142857144
08 140.14285714285714
01 140.35714285714286
04 140.57142857142856
04 140.99999999999997
01 141.42857142857142
08 141.64285714285714
04 141.85714285714283
08 142.07142857142856
02 142.28571428571428
02 143.25
