TITLE Triple Baka
BPM   180.0
NOTES
01 0.0
04 0.08333333333333333
02 0.16666666666666666
04 0.3333333333333333
02 0.5
08 0.6666666666666666
02 0.75
04 0.8333333333333334
02 1.0
04 1.1666666666666665
01 1.3333333333333333
02 1.4166666666666665
04 1.5
02 1.6666666666666665
04 1.8333333333333333
08 2.0
04 2.083333333333333
02 2.1666666666666665
04 2.333333333333333
02 2.5
01 2.6666666666666665
08 2.75
01 2.833333333333333
08 3.0
01 3.1666666666666665
08 3.25
01 3.333333333333333
08 3.4166666666666665
01 3.5
08 3.6666666666666665
01 3.833333333333333
08 3.9166666666666665
02 4.0
04 4.083333333333333
02 4.166666666666667
04 4.25
02 4.333333333333333
04 4.416666666666667
02 4.5
04 4.666666666666667
02 4.833333333333333
04 5.0
02 5.166666666666666
08 5.333333333333333
01 5.416666666666666
04 5.5
02 5.666666666666666
08 5.833333333333333
04 6.0
02 6.083333333333333
01 6.166666666666666
08 6.333333333333333
01 6.5
04 6.666666666666666
02 6.749999999999999
04 6.833333333333333
01 6.999999999999999
02 7.166666666666666
04 7.333333333333333
08 7.416666666666666
04 7.499999999999999
02 7.666666666666666
04 7.833333333333332
08 8.0
01 8.083333333333334
04 8.166666666666666
02 8.333333333333334
04 8.5
01 8.666666666666666
04 8.75
02 8.833333333333334
08 9.0
04 9.166666666666666
02 9.333333333333332
01 9.416666666666666
02 9.499999999999998
01 9.666666666666666
08 9.833333333333332
02 9.999999999999998
04 10.083333333333332
02 10.166666666666666
08 10.333333333333332
01 10.499999999999998
04 10.666666666666666
02 10.75
08 10.833333333333332
02 11.0
04 11.166666666666666
01 11.333333333333332
02 11.416666666666666
04 11.5
08 11.666666666666666
01 11.833333333333332
04 12.0
02 12.083333333333334
04 12.166666666666666
01 12.333333333333334
08 12.5
04 12.666666666666666
02 12.75
01 12.833333333333334
02 13.0
01 13.166666666666666
08 13.333333333333332
01 13.416666666666666
08 13.499999999999998
04 13.666666666666666
02 13.833333333333332
04 13.999999999999998
08 14.083333333333332
04 14.166666666666666
02 14.333333333333332
01 14.499999999999998
08 14.666666666666666
01 14.75
04 14.833333333333332
02 15.0
08 15.166666666666666
04 15.333333333333332
02 15.416666666666666
01 15.5
02 15.666666666666666
04 15.833333333333332
12 16.0
08 16.166666666666668
01 16.333333333333332
04 16.5
02 16.666666666666668
08 16.833333333333332
04 17.0
02 17.166666666666668
01 17.333333333333332
05 17.666666666666664
01 17.833333333333332
09 18.166666666666664
01 18.5
03 18.833333333333332
04 18.999999999999996
08 20.166666666666668
01 20.333333333333332
04 20.5
02 20.666666666666668
04 20.833333333333332
01 21.0
08 21.083333333333332
01 21.166666666666668
08 21.25
04 21.333333333333332
04 21.666666666666664
02 22.0
03 22.333333333333332
09 22.666666666666664
08 22.999999999999996
01 23.166666666666664
04 23.333333333333332
02 23.499999999999996
04 23.666666666666664
01 23.833333333333332
01 24.666666666666668
08 25.333333333333332
09 25.666666666666664
09 26.0
09 26.333333333333332
01 26.666666666666664
08 26.833333333333332
04 26.999999999999996
08 27.166666666666664
02 27.333333333333332
06 27.666666666666664
01 27.833333333333332
02 28.0
04 28.166666666666668
08 28.333333333333332
04 28.5
02 28.666666666666668
01 28.833333333333332
04 29.166666666666668
06 29.5
08 29.666666666666664
02 30.833333333333332
04 30.999999999999996
01 31.166666666666664
04 31.333333333333332
02 31.499999999999996
08 31.666666666666664
01 31.749999999999996
08 31.833333333333332
01 31.916666666666664
08 32.0
08 32.333333333333336
01 32.666666666666664
02 32.833333333333336
04 33.0
08 33.166666666666664
04 33.33333333333333
02 33.49999999999999
01 33.666666666666664
08 33.83333333333333
01 33.99999999999999
08 34.166666666666664
01 34.83333333333333
04 35.0
02 35.166666666666664
08 35.33333333333333
02 35.5
04 35.666666666666664
01 35.83333333333333
08 36.0
10 36.333333333333336
10 36.5
05 36.833333333333336
05 37.0
01 37.166666666666664
04 37.25
01 37.33333333333333
04 37.49999999999999
08 37.666666666666664
04 37.83333333333333
01 37.99999999999999
04 38.166666666666664
08 38.33333333333333
04 38.49999999999999
01 38.666666666666664
04 38.83333333333333
08 39.0
04 39.166666666666664
05 39.5
03 39.83333333333333
01 40.0
02 40.166666666666664
08 40.333333333333336
02 40.5
01 40.666666666666664
02 40.833333333333336
08 41.0
02 41.166666666666664
01 41.33333333333333
02 41.49999999999999
08 41.666666666666664
02 41.83333333333333
03 42.166666666666664
12 42.49999999999999
08 42.666666666666664
04 42.83333333333333
01 43.0
04 43.166666666666664
08 43.33333333333333
04 43.5
01 43.666666666666664
04 43.83333333333333
08 44.0
04 44.166666666666664
01 44.333333333333336
04 44.5
12 44.833333333333336
10 45.166666666666664
08 45.33333333333333
02 45.49999999999999
01 45.666666666666664
02 45.83333333333333
08 45.99999999999999
02 46.166666666666664
01 46.33333333333333
02 46.49999999999999
08 46.58333333333333
01 46.666666666666664
01 46.83333333333333
08 46.916666666666664
02 47.0
02 47.166666666666664
10 47.5
10 47.666666666666664
05 48.0
08 48.166666666666664
05 48.333333333333336
08 48.5
05 48.666666666666664
08 48.833333333333336
08 49.166666666666664
04 49.33333333333333
06 49.83333333333333
01 49.99999999999999
08 50.166666666666664
01 50.33333333333333
04 50.49999999999999
02 50.666666666666664
10 51.0
09 51.33333333333333
05 51.666666666666664
02 51.83333333333333
08 52.0
12 52.583333333333336
02 52.666666666666664
02 53.0
03 53.33333333333333
06 53.666666666666664
04 53.83333333333333
03 53.99999999999999
10 54.33333333333333
04 54.49999999999999
12 54.666666666666664
05 55.0
01 55.166666666666664
12 55.33333333333333
05 55.666666666666664
01 55.83333333333333
09 56.0
12 56.5
02 56.666666666666664
02 57.33333333333333
01 57.49999999999999
08 57.666666666666664
04 57.83333333333333
02 57.99999999999999
01 58.166666666666664
01 58.33333333333333
02 58.49999999999999
04 58.58333333333333
08 58.666666666666664
01 58.83333333333333
12 59.0
01 59.166666666666664
12 59.33333333333333
01 59.5
01 59.83333333333333
08 60.0
10 60.5
04 60.666666666666664
01 60.833333333333336
02 61.0
01 61.166666666666664
08 61.33333333333333
12 61.666666666666664
06 61.99999999999999
06 62.33333333333333
12 62.666666666666664
09 63.25
04 63.33333333333333
04 63.666666666666664
05 64.0
12 64.33333333333333
08 64.5
05 64.66666666666667
12 65.0
02 65.16666666666667
10 65.33333333333333
03 65.66666666666666
01 65.83333333333333
10 66.0
03 66.33333333333333
01 66.5
09 66.66666666666666
10 67.16666666666666
04 67.33333333333333
04 68.0
01 68.16666666666667
08 68.33333333333333
04 68.5
02 68.66666666666667
04 68.83333333333333
04 69.0
08 69.16666666666667
04 69.25
02 69.33333333333333
01 69.5
08 69.66666666666666
01 69.83333333333333
04 70.0
02 70.16666666666666
08 70.33333333333333
01 70.5
01 70.99999999999999
08 71.16666666666666
02 71.33333333333333
04 71.49999999999999
01 71.66666666666666
09 72.0
04 72.08333333333333
02 72.16666666666667
04 72.33333333333333
02 72.5
01 72.66666666666667
08 72.75
01 72.83333333333333
04 73.0
02 73.16666666666667
08 73.33333333333333
04 73.41666666666666
02 73.5
04 73.66666666666666
08 73.83333333333333
01 74.0
02 74.08333333333333
01 74.16666666666666
08 74.33333333333333
02 74.5
04 74.66666666666666
01 74.74999999999999
04 74.83333333333333
02 74.99999999999999
04 75.16666666666666
01 75.33333333333333
08 75.41666666666666
04 75.49999999999999
08 75.66666666666666
02 75.83333333333333
04 76.0
02 76.08333333333333
08 76.16666666666667
01 76.33333333333333
02 76.5
04 76.66666666666667
08 76.75
01 76.83333333333333
02 77.0
01 77.16666666666667
08 77.33333333333333
01 77.41666666666666
08 77.5
04 77.66666666666666
02 77.83333333333333
01 78.0
02 78.08333333333333
04 78.16666666666666
02 78.33333333333333
04 78.5
08 78.66666666666666
04 78.74999999999999
02 78.83333333333333
01 78.99999999999999
02 79.16666666666666
01 79.33333333333333
08 79.41666666666666
02 79.49999999999999
04 79.66666666666666
02 79.83333333333333
08 80.0
04 80.08333333333333
08 80.16666666666667
01 80.33333333333333
04 80.5
02 80.66666666666667
04 80.75
02 80.83333333333333
08 81.0
01 81.16666666666667
04 81.33333333333333
02 81.41666666666666
04 81.5
01 81.66666666666666
08 81.83333333333333
04 82.0
02 82.08333333333333
01 82.16666666666666
02 82.33333333333333
01 82.5
08 82.83333333333333
04 82.99999999999999
02 83.16666666666666
01 83.33333333333333
02 83.49999999999999
04 83.66666666666666
08 83.83333333333333
01 84.16666666666667
04 84.33333333333333
02 84.5
08 84.66666666666667
02 84.83333333333333
04 85.0
01 85.16666666666667
09 85.33333333333333
