TITLE Umidoru! Ikadoru! Makinadoru!
BPM   176.0
NOTES
0001 10.397727272727272
1000 10.568181818181818
0001 10.738636363636363
0020 10.909090909090908
0230 11.25
2300 11.59090909090909
3010 11.931818181818182
0002 12.102272727272727
0013 12.613636363636363
0200 12.784090909090908
0302 13.124999999999998
1003 13.46590909090909
0020 13.636363636363635
2030 13.977272727272727
3002 14.318181818181817
0103 14.659090909090908
2000 14.829545454545453
3100 15.34090909090909
0002 15.511363636363635
0023 15.852272727272725
0230 16.193181818181817
1300 16.53409090909091
0002 16.704545454545453
0103 17.045454545454547
0020 17.55681818181818
1030 17.897727272727273
0002 18.068181818181817
0013 18.40909090909091
0100 18.75
0002 18.920454545454543
0003 19.261363636363637
0100 19.43181818181818
2000 19.602272727272727
3020 19.943181818181817
0230 20.284090909090907
0300 20.625
0001 20.96590909090909
0020 21.136363636363637
0130 21.477272727272727
2000 21.64772727272727
0001 21.818181818181817
3000 21.988636363636363
1003 23.18181818181818
0100 23.352272727272727
0010 23.52272727272727
0001 23.693181818181817
1000 23.77840909090909
0001 23.948863636363633
0010 24.034090909090907
0100 24.11931818181818
1000 24.204545454545453
0001 24.374999999999996
0100 24.545454545454543
0010 24.630681818181817
1000 24.80113636363636
0001 24.886363636363633
0010 25.05681818181818
0100 25.142045454545453
1000 25.39772727272727
0010 25.568181818181817
0100 25.73863636363636
0001 25.909090909090907
0010 26.079545454545453
0001 26.249999999999996
0010 26.420454545454543
0100 26.59090909090909
1000 26.761363636363633
0100 26.93181818181818
0100 27.102272727272723
1000 27.27272727272727
0001 27.443181818181817
1000 27.61363636363636
0001 27.784090909090907
0100 27.954545454545453
0010 28.124999999999996
0100 28.295454545454543
0100 28.465909090909086
0001 28.55113636363636
1000 28.636363636363633
0100 28.80681818181818
1000 28.977272727272723
0010 29.14772727272727
0100 29.232954545454543
0001 29.403409090909086
1000 29.48863636363636
0100 29.573863636363633
1000 29.659090909090907
0010 29.82954545454545
0100 29.999999999999996
0001 30.08522727272727
1000 30.255681818181813
0100 30.340909090909086
0010 30.511363636363633
0001 30.596590909090907
1000 30.852272727272723
0010 31.02272727272727
1000 31.193181818181813
0001 31.36363636363636
0010 31.534090909090907
0001 31.70454545454545
0010 31.874999999999996
0100 32.04545454545454
1000 32.215909090909086
0100 32.38636363636363
0100 32.55681818181818
1000 32.72727272727273
0010 32.89772727272727
1000 33.06818181818182
0010 33.23863636363636
0100 33.40909090909091
0001 33.57954545454545
0100 33.75
0100 33.92045454545455
0001 34.00568181818182
1000 34.090909090909086
0100 34.26136363636363
0010 34.34659090909091
0001 34.43181818181818
1000 34.60227272727272
0010 34.68749999999999
0100 34.772727272727266
0010 34.85795454545454
1000 34.94318181818181
0001 35.11363636363636
0010 35.19886363636363
0100 35.28409090909091
0010 35.45454545454545
0001 35.625
1000 35.71022727272727
0001 35.79545454545455
0100 35.965909090909086
0010 36.05113636363636
0100 36.13636363636363
0001 36.22159090909091
1000 36.30681818181818
0001 36.47727272727273
0010 36.5625
0100 36.64772727272727
1000 36.81818181818181
0100 36.98863636363636
0010 37.07386363636363
0100 37.15909090909091
1000 37.329545454545446
0001 37.41477272727272
1000 37.49999999999999
0001 37.585227272727266
0100 37.67045454545454
0001 37.840909090909086
1000 37.92613636363636
0100 38.01136363636363
0010 38.18181818181818
0001 38.35227272727273
1000 38.4375
0001 38.52272727272727
1000 38.69318181818181
0100 38.778409090909086
0010 38.86363636363636
0001 38.94886363636363
1000 39.03409090909091
0010 39.20454545454545
1000 39.28977272727273
0001 39.375
0100 39.54545454545454
0001 39.63068181818181
0100 39.715909090909086
0001 39.80113636363636
0100 39.88636363636363
0001 39.97159090909091
0100 40.05681818181817
0001 40.142045454545446
1000 40.22727272727272
0100 40.31249999999999
1000 40.397727272727266
0100 40.48295454545454
1000 40.56818181818181
0100 40.653409090909086
1000 40.73863636363636
0100 40.82386363636363
0010 40.90909090909091
0001 40.99431818181818
0010 41.07954545454545
0001 41.16477272727273
0010 41.25
0001 41.33522727272727
0010 41.42045454545454
0001 41.50568181818181
1000 41.590909090909086
0001 41.67613636363636
1000 41.76136363636363
0001 41.84659090909091
1000 41.93181818181818
0001 42.01704545454545
1000 42.10227272727273
0001 42.1875
1000 42.272727272727266
0100 42.35795454545454
1000 42.44318181818181
0100 42.528409090909086
1000 42.61363636363636
0100 42.69886363636363
1000 42.7840909090909
0100 42.86931818181817
0010 42.954545454545446
0001 43.03977272727272
0010 43.12499999999999
0001 43.210227272727266
0010 43.29545454545454
0001 43.38068181818181
0010 43.465909090909086
0001 43.55113636363636
1000 43.63636363636363
1000 43.97727272727273
1000 44.31818181818181
0100 44.48863636363636
0010 44.65909090909091
0001 45.0
1000 45.08522727272727
0001 45.17045454545455
0100 45.25568181818182
0010 45.34090909090909
1000 45.59659090909091
0001 45.68181818181818
1000 45.76704545454545
0001 45.85227272727273
0100 46.02272727272727
0010 46.10795454545455
0100 46.19318181818182
0001 46.36363636363636
1000 46.44886363636363
0100 46.53409090909091
0010 46.61931818181818
0001 46.70454545454545
1000 46.960227272727266
0010 47.04545454545454
0100 47.13068181818181
0010 47.215909090909086
1000 47.38636363636363
0001 47.47159090909091
0010 47.55681818181818
0130 47.72727272727273
1000 47.8125
0100 47.89772727272727
1000 47.98295454545455
0001 48.06818181818182
1000 48.32386363636363
0001 48.40909090909091
0100 48.49431818181818
0010 48.57954545454545
0100 48.75
0001 48.83522727272727
0100 48.92045454545455
0301 49.090909090909086
1000 49.17613636363636
0001 49.26136363636363
1000 49.43181818181818
0010 49.51704545454545
1000 49.60227272727272
0001 49.772727272727266
0100 49.85795454545454
0001 50.028409090909086
1000 50.11363636363636
0100 50.19886363636363
0010 50.36931818181818
0100 50.45454545454545
1000 50.53977272727273
0001 50.625
1000 50.71022727272727
0001 50.79545454545455
0100 51.05113636363636
0010 51.13636363636363
1000 51.22159090909091
0001 51.30681818181818
1000 51.47727272727273
0100 51.5625
0010 51.64772727272727
0100 51.81818181818181
1000 51.903409090909086
0100 51.98863636363636
1000 52.07386363636363
0001 52.15909090909091
1000 52.41477272727272
0001 52.49999999999999
0100 52.585227272727266
0001 52.67045454545454
1000 52.840909090909086
0001 52.92613636363636
0010 53.01136363636363
0130 53.18181818181818
1000 53.26704545454545
0001 53.35227272727273
1000 53.4375
0001 53.52272727272727
0010 53.778409090909086
0100 53.86363636363636
1000 53.94886363636363
0100 54.03409090909091
1000 54.20454545454545
0001 54.28977272727273
1000 54.375
3001 54.54545454545454
0010 54.715909090909086
0100 54.80113636363636
0010 54.88636363636363
0031 55.05681818181817
1000 55.22727272727272
0010 55.31249999999999
0100 55.397727272727266
0001 55.56818181818181
1000 55.73863636363636
0100 55.82386363636363
1000 55.90909090909091
0001 55.99431818181818
1000 56.07954545454545
0100 56.16477272727273
0010 56.25
0100 56.50568181818181
1000 56.590909090909086
0001 56.67613636363636
1000 56.76136363636363
0010 56.93181818181818
0100 57.01704545454545
0001 57.10227272727273
1000 57.272727272727266
0010 57.35795454545454
1000 57.44318181818181
0001 57.528409090909086
1000 57.61363636363636
0001 57.86931818181817
0010 57.954545454545446
0100 58.03977272727272
0010 58.12499999999999
0001 58.29545454545454
1000 58.38068181818181
0001 58.465909090909086
0103 58.63636363636363
0010 58.72159090909091
0100 58.80681818181818
0001 58.89204545454545
1000 58.97727272727273
0001 59.23295454545454
1000 59.31818181818181
0100 59.403409090909086
0010 59.48863636363636
0100 59.65909090909091
1000 59.74431818181818
0001 59.82954545454545
1003 59.99999999999999
0010 60.085227272727266
1000 60.17045454545454
0001 60.340909090909086
0010 60.42613636363636
0001 60.511363636363626
1000 60.68181818181817
0100 60.767045454545446
0010 60.93749999999999
0001 61.022727272727266
1000 61.10795454545454
0001 61.278409090909086
0100 61.36363636363636
0001 61.44886363636363
1000 61.53409090909091
0001 61.61931818181818
0100 61.70454545454545
0001 61.960227272727266
1000 62.04545454545454
0001 62.13068181818181
0010 62.215909090909086
0100 62.38636363636363
1000 62.47159090909091
0001 62.55681818181818
0100 62.72727272727272
0001 62.81249999999999
1000 62.897727272727266
0100 62.98295454545454
1000 63.06818181818181
0001 63.323863636363626
0100 63.4090909090909
0010 63.49431818181817
0100 63.579545454545446
0001 63.74999999999999
1000 63.835227272727266
0001 63.92045454545454
0013 64.09090909090908
0100 64.17613636363635
1000 64.26136363636363
0100 64.34659090909089
0010 64.43181818181817
0001 64.68749999999999
0010 64.77272727272727
0001 65.02840909090908
1000 65.11363636363635
0100 65.19886363636363
0010 65.28409090909089
0001 65.36931818181817
2000 65.45454545454545
3000 66.81818181818181
2002 68.35227272727272
0003 69.20454545454544
3001 69.54545454545455
0100 69.7159090909091
0001 69.88636363636364
1000 70.05681818181819
0100 70.22727272727273
1000 70.39772727272728
0100 70.56818181818181
0010 70.73863636363636
0001 70.9090909090909
1000 71.07954545454545
0010 71.25
0100 71.42045454545455
0001 71.5909090909091
1000 71.76136363636364
0001 71.93181818181817
0010 72.10227272727272
0100 72.27272727272727
1000 72.44318181818181
0100 72.61363636363636
0010 72.7840909090909
0100 72.95454545454545
1000 73.125
0001 73.29545454545453
0100 73.46590909090908
0001 73.63636363636363
1000 73.80681818181817
0100 73.97727272727272
2000 74.14772727272727
3002 74.31818181818181
0203 74.48863636363636
0320 74.65909090909089
2030 74.82954545454544
3001 75.0
0010 75.17045454545455
0001 75.3409090909091
1000 75.51136363636364
0010 75.68181818181819
1000 75.85227272727273
0001 76.02272727272727
0010 76.19318181818181
0100 76.36363636363636
1000 76.5340909090909
0100 76.70454545454545
0010 76.875
0001 77.04545454545455
1000 77.2159090909091
0010 77.38636363636363
0100 77.55681818181817
0001 77.72727272727272
0100 77.89772727272727
0001 78.06818181818181
1000 78.23863636363636
0001 78.4090909090909
0010 78.57954545454545
0100 78.74999999999999
1000 78.92045454545453
0001 79.09090909090908
1000 79.17613636363635
0001 79.26136363636363
1000 79.34659090909089
0001 79.43181818181817
1000 79.51704545454544
0001 79.60227272727272
1000 79.68749999999999
0100 79.77272727272727
1000 79.85795454545453
0100 79.94318181818181
1000 80.02840909090908
0100 80.11363636363635
1000 80.19886363636363
0100 80.28409090909089
1000 80.36931818181817
0001 80.45454545454545
1000 80.625
0010 80.79545454545455
0100 80.9659090909091
0010 81.13636363636364
1000 81.30681818181819
0001 81.47727272727272
0010 81.64772727272727
0100 81.81818181818181
1000 81.98863636363636
0100 82.1590909090909
0010 82.32954545454545
0001 82.5
0100 82.67045454545455
0010 82.84090909090908
0100 83.01136363636363
0001 83.18181818181817
0010 83.35227272727272
0001 83.52272727272727
1000 83.69318181818181
0100 83.86363636363636
0010 84.0340909090909
0100 84.20454545454544
1000 84.37499999999999
0010 84.54545454545453
0100 84.71590909090908
0001 84.88636363636363
2000 85.05681818181817
3200 85.22727272727272
0320 85.39772727272727
0032 85.5681818181818
2003 85.73863636363635
3001 85.9090909090909
0100 85.99431818181817
0001 86.07954545454545
0100 86.16477272727272
0001 86.25
0100 86.33522727272727
0001 86.42045454545455
0100 86.50568181818181
0010 86.5909090909091
1000 86.67613636363636
0010 86.76136363636364
1000 86.8465909090909
0010 86.93181818181817
1000 87.01704545454545
0010 87.10227272727272
1000 87.1875
0001 87.27272727272727
1000 87.35795454545453
0001 87.44318181818181
1000 87.52840909090908
0001 87.61363636363636
1000 87.69886363636363
0001 87.7840909090909
1000 87.86931818181817
0100 87.95454545454545
1000 88.03977272727272
0100 88.125
1000 88.21022727272727
0100 88.29545454545453
1000 88.38068181818181
0100 88.46590909090908
1000 88.55113636363636
0001 88.63636363636363
0010 88.72159090909089
0100 88.80681818181817
1000 88.89204545454544
0100 88.97727272727272
0010 89.06249999999999
0001 89.14772727272727
1000 89.23295454545453
0001 89.31818181818181
0100 89.40340909090908
0010 89.48863636363636
1000 89.57386363636363
0010 89.65909090909089
0100 89.74431818181817
0001 89.82954545454544
1000 89.91477272727272
0001 90.0
0010 90.17045454545455
0100 90.3409090909091
0010 90.51136363636364
0001 90.68181818181819
1000 90.9375
0010 91.19318181818181
0100 91.36363636363636
0001 91.5340909090909
1000 91.70454545454545
0001 91.875
1000 92.04545454545455
0100 92.2159090909091
0010 92.38636363636363
0001 92.55681818181817
1000 92.64204545454545
0010 92.72727272727272
0100 92.89772727272727
0001 93.06818181818181
1000 93.23863636363636
0100 93.32386363636363
0010 93.4090909090909
0100 93.57954545454545
1000 93.66477272727272
0001 93.74999999999999
0100 93.92045454545453
0010 94.00568181818181
0100 94.09090909090908
0001 94.26136363636363
1000 94.43181818181817
0100 94.60227272727272
0010 94.77272727272727
0001 94.94318181818181
1000 95.11363636363635
0010 95.28409090909089
0100 95.36931818181817
0001 95.45454545454545
1000 95.625
0010 95.79545454545455
1000 95.9659090909091
0001 96.05113636363636
0100 96.13636363636364
0010 96.30681818181819
1000 96.39204545454545
0001 96.47727272727272
1000 96.64772727272727
0100 96.73295454545455
0010 96.81818181818181
0001 96.98863636363636
1000 97.1590909090909
0010 97.32954545454545
0100 97.5
0001 97.67045454545455
1000 97.84090909090908
0100 98.01136363636363
0010 98.0965909090909
0001 98.18181818181817
1000 98.35227272727272
0010 98.52272727272727
0100 98.69318181818181
0001 98.77840909090908
0100 98.86363636363636
0001 99.0340909090909
1000 99.11931818181817
0001 99.20454545454544
1000 99.37499999999999
0100 99.46022727272727
0010 99.54545454545453
0001 99.71590909090908
1000 99.88636363636363
0010 100.05681818181817
0100 100.22727272727272
0001 100.39772727272727
1000 100.5681818181818
0100 100.73863636363635
1000 100.82386363636363
0100 100.9090909090909
0010 101.07954545454545
0001 101.25
1000 101.42045454545455
0001 101.50568181818181
0100 101.5909090909091
0010 101.76136363636364
0100 101.8465909090909
0001 101.93181818181817
1000 102.10227272727272
0010 102.1875
0100 102.27272727272727
0001 102.35795454545453
0100 102.44318181818181
0001 102.52840909090908
0100 102.61363636363636
0001 102.69886363636363
0100 102.7840909090909
0001 102.86931818181817
1000 102.95454545454545
0100 103.03977272727272
1000 103.125
0100 103.21022727272727
1000 103.29545454545453
0100 103.38068181818181
1000 103.46590909090908
0100 103.55113636363636
1000 103.63636363636363
3001 104.99999999999999
1001 107.04545454545455
1000 107.2159090909091
0010 107.30113636363636
1000 107.38636363636363
0001 107.55681818181817
0100 107.64204545454545
0001 107.72727272727272
0010 107.89772727272727
0100 108.06818181818181
1000 108.23863636363636
0001 108.4090909090909
1000 108.57954545454545
0010 108.74999999999999
0100 108.92045454545453
0001 109.09090909090908
1000 109.26136363636363
0001 109.43181818181817
0010 109.60227272727272
0100 109.77272727272727
1000 109.94318181818181
0100 110.11363636363635
0010 110.28409090909089
0100 110.45454545454545
1000 110.625
0001 110.79545454545455
0100 110.9659090909091
0010 111.13636363636364
0100 111.30681818181819
0001 111.47727272727272
1000 111.64772727272727
0001 111.81818181818181
0010 111.98863636363636
0100 112.1590909090909
1000 112.32954545454545
0001 112.5
0010 112.67045454545455
0100 112.84090909090908
0100 113.01136363636363
0100 113.18181818181817
0010 113.35227272727272
0001 113.52272727272727
1000 113.69318181818181
0010 113.86363636363636
0100 114.0340909090909
0010 114.20454545454544
1000 114.37499999999999
0001 114.54545454545453
0010 114.71590909090908
0001 114.88636363636363
1000 115.05681818181817
0010 115.22727272727272
0100 115.39772727272727
0010 115.5681818181818
1000 115.73863636363635
0001 115.9090909090909
0010 116.07954545454545
0100 116.25
0010 116.42045454545455
0100 116.5909090909091
1000 116.76136363636364
0001 116.93181818181817
1000 117.10227272727272
1100 117.27272727272727
1100 117.61363636363636
1100 117.95454545454545
1100 118.29545454545453
1100 118.63636363636363
0100 118.80681818181817
0010 118.97727272727272
0001 119.14772727272727
1000 119.31818181818181
0001 119.48863636363636
0100 119.65909090909089
0001 119.82954545454544
1000 119.99999999999999
0001 120.17045454545453
0100 120.34090909090908
0010 120.51136363636363
1000 120.68181818181817
0001 120.85227272727272
0010 121.02272727272725
0010 121.1931818181818
0010 121.36363636363636
0001 121.5340909090909
0010 121.70454545454545
0100 121.875
1000 122.04545454545455
1000 122.2159090909091
1000 122.38636363636363
1000 122.55681818181817
1000 122.72727272727272
0001 122.89772727272727
1000 123.06818181818181
0100 123.23863636363636
0010 123.32386363636363
0001 123.4090909090909
0100 123.57954545454545
0010 123.74999999999999
1000 123.92045454545453
0001 124.00568181818181
1000 124.09090909090908
0010 124.26136363636363
0100 124.43181818181817
0100 124.60227272727272
0100 124.77272727272727
0001 125.02840909090908
1000 125.28409090909089
0010 125.45454545454544
1000 125.62499999999999
0001 125.79545454545453
0001 125.96590909090908
0001 126.13636363636363
0010 126.39204545454544
0100 126.64772727272725
0010 126.81818181818181
0001 126.90340909090908
0010 126.98863636363636
0001 127.07386363636363
0010 127.1590909090909
0001 127.24431818181817
0010 127.32954545454545
0001 127.41477272727272
1000 127.5
0001 127.58522727272727
1000 127.67045454545455
0001 127.75568181818181
1000 127.84090909090908
0001 127.92613636363636
1000 128.01136363636363
0001 128.0965909090909
1000 128.18181818181816
3001 129.54545454545453
0100 129.71590909090907
0010 129.88636363636363
1000 130.05681818181816
0001 130.22727272727272
0010 130.39772727272725
0100 130.48295454545453
0100 130.65340909090907
1000 130.73863636363635
0001 130.9090909090909
0100 131.07954545454544
0010 131.25
1000 131.42045454545453
0001 131.5909090909091
1000 131.76136363636363
0100 131.8465909090909
0100 132.01704545454544
0010 132.10227272727272
0100 132.27272727272725
1000 132.44318181818178
0001 132.61363636363635
0100 132.78409090909088
0001 132.95454545454544
0100 133.12499999999997
0010 133.21022727272725
0010 133.38068181818178
1000 133.46590909090907
0001 133.55113636363635
1000 133.63636363636363
0100 133.80681818181816
0010 133.89204545454544
0010 134.0625
0001 134.14772727272725
1000 134.3181818181818
0001 134.48863636363635
0100 134.57386363636363
0100 134.74431818181816
0001 134.82954545454544
0010 135.0
0100 135.17045454545453
0010 135.3409090909091
0001 135.51136363636363
1000 135.6818181818182
0010 135.85227272727272
0100 135.9375
0100 136.10795454545453
0001 136.1931818181818
1000 136.36363636363635
0001 136.53409090909088
0100 136.61931818181816
0100 136.78977272727272
0010 136.87499999999997
1000 137.04545454545453
0001 137.21590909090907
0010 137.30113636363635
0010 137.47159090909088
0001 137.55681818181816
1000 137.72727272727272
0100 137.8125
1000 137.89772727272725
0100 137.98295454545453
1000 138.0681818181818
0100 138.1534090909091
1000 138.23863636363635
0100 138.32386363636363
0010 138.4090909090909
0001 138.4943181818182
0010 138.57954545454544
0001 138.66477272727272
0010 138.75
0001 138.83522727272725
0010 138.92045454545453
0001 139.0056818181818
1000 139.0909090909091
0100 139.17613636363637
1000 139.26136363636363
3001 139.4318181818182
0100 139.51704545454547
0001 139.60227272727272
1003 139.77272727272728
0100 139.85795454545456
1000 139.9431818181818
3001 140.11363636363637
1003 140.45454545454544
