TITLE Unbroken Circle
BPM   220.0
NOTES
0001 8.727272727272727
0010 8.863636363636363
0100 9.0
1000 9.204545454545453
0001 9.272727272727272
0010 9.409090909090908
0001 9.545454545454545
1000 9.818181818181817
0100 9.954545454545453
0010 10.09090909090909
0100 10.295454545454543
1000 10.363636363636362
0100 10.499999999999998
1000 10.636363636363635
0001 10.909090909090908
0100 11.045454545454545
0010 11.181818181818182
1000 11.386363636363635
0100 11.454545454545453
1000 11.59090909090909
0001 11.727272727272727
0010 12.0
0100 12.136363636363637
1000 12.272727272727273
0100 12.477272727272727
1000 12.545454545454545
0001 12.613636363636363
1000 12.681818181818182
0001 12.75
1000 12.818181818181818
0001 12.954545454545455
0100 13.09090909090909
0010 13.227272727272727
1000 13.363636363636363
0100 13.568181818181817
0010 13.636363636363635
0001 13.772727272727272
1000 13.909090909090908
0001 14.18181818181818
0100 14.318181818181817
0010 14.454545454545453
1000 14.659090909090907
0001 14.727272727272725
0100 14.863636363636362
0010 14.999999999999998
1000 15.272727272727272
1000 15.409090909090908
0100 15.545454545454545
0100 15.68181818181818
0010 15.818181818181817
0010 15.954545454545453
0001 16.09090909090909
0001 16.227272727272727
2000 16.363636363636363
3001 16.636363636363637
0001 16.772727272727273
0010 16.90909090909091
0010 17.045454545454547
0001 17.18181818181818
1001 17.454545454545453
1010 17.863636363636363
0010 18.27272727272727
1000 18.409090909090907
1001 18.545454545454543
0110 18.954545454545453
0001 19.36363636363636
1000 19.499999999999996
1001 19.636363636363633
1100 20.045454545454543
1000 20.45454545454545
0100 20.590909090909086
1000 20.727272727272727
0001 20.795454545454543
1000 20.863636363636363
0100 20.93181818181818
0010 21.0
0001 21.068181818181817
0010 21.136363636363637
0001 21.204545454545453
1000 21.272727272727273
0001 21.34090909090909
1000 21.409090909090907
0010 21.477272727272727
1000 21.545454545454543
0010 21.613636363636363
0100 21.68181818181818
0001 21.75
0100 21.818181818181817
0101 22.227272727272727
1000 22.636363636363633
0010 22.77272727272727
1010 22.909090909090907
1001 23.318181818181817
0001 23.727272727272723
0010 23.86363636363636
0011 24.0
1100 24.40909090909091
0100 24.818181818181817
1000 24.954545454545453
0001 25.09090909090909
0010 25.159090909090907
0100 25.227272727272727
0010 25.295454545454543
0100 25.363636363636363
1000 25.43181818181818
0001 25.5
1000 25.568181818181817
0001 25.636363636363637
0100 25.704545454545453
0010 25.772727272727273
0100 25.909090909090907
0001 26.045454545454543
1001 26.18181818181818
1010 26.59090909090909
1000 26.999999999999996
0001 27.136363636363633
1001 27.27272727272727
1100 27.68181818181818
0100 28.090909090909086
0010 28.227272727272723
0110 28.36363636363636
0011 28.77272727272727
0001 29.181818181818176
1000 29.318181818181813
0010 29.454545454545453
1000 29.52272727272727
0001 29.59090909090909
1000 29.659090909090907
0001 29.727272727272727
0100 29.795454545454543
0010 29.863636363636363
2000 29.93181818181818
3001 30.0
1000 30.068181818181817
0100 30.136363636363633
0010 30.204545454545453
0001 30.27272727272727
0010 30.34090909090909
0100 30.409090909090907
1000 30.477272727272727
0001 30.545454545454543
0011 30.954545454545453
1000 31.36363636363636
0100 31.499999999999996
1100 31.636363636363633
0110 32.04545454545454
0001 32.45454545454545
1000 32.590909090909086
1001 32.72727272727273
1010 33.13636363636363
1000 33.54545454545455
0010 33.68181818181818
0100 33.81818181818181
0001 33.954545454545446
1000 34.090909090909086
0100 34.22727272727272
0010 34.29545454545454
0001 34.36363636363636
0010 34.43181818181818
0001 34.49999999999999
0010 34.56818181818181
0100 34.63636363636363
1000 34.704545454545446
0100 34.772727272727266
1100 34.90909090909091
1001 35.31818181818181
0002 35.72727272727273
0013 35.86363636363636
1100 36.0
1010 36.40909090909091
0001 36.81818181818182
0100 36.95454545454545
1010 37.090909090909086
1001 37.49999999999999
1000 37.90909090909091
0010 38.04545454545454
0100 38.18181818181818
0001 38.25
0100 38.31818181818181
0001 38.38636363636363
1000 38.45454545454545
0001 38.52272727272727
1000 38.590909090909086
0100 38.65909090909091
0010 38.72727272727273
0001 38.79545454545455
1000 38.86363636363636
0100 38.93181818181818
0010 39.0
0001 39.06818181818181
1000 39.13636363636363
0001 39.20454545454545
1000 39.272727272727266
0110 39.68181818181817
1000 40.090909090909086
0001 40.22727272727272
0110 40.36363636363636
1001 40.772727272727266
1000 41.18181818181818
0100 41.31818181818181
1001 41.45454545454545
1100 41.86363636363636
0100 42.27272727272727
0010 42.40909090909091
0001 42.54545454545454
1000 42.61363636363636
0010 42.68181818181817
1000 42.74999999999999
0010 42.81818181818181
0100 42.88636363636363
0001 42.954545454545446
1000 43.022727272727266
0100 43.090909090909086
0010 43.15909090909091
0100 43.22727272727272
1000 43.36363636363636
0001 43.49999999999999
0011 43.63636363636363
1100 44.04545454545454
1000 44.45454545454545
0100 44.590909090909086
0011 44.72727272727273
1100 45.13636363636363
0200 45.54545454545455
0310 45.68181818181818
1001 45.81818181818181
0011 46.22727272727272
0001 46.63636363636363
0100 46.772727272727266
0010 46.90909090909091
0100 46.97727272727273
0001 47.04545454545454
0100 47.11363636363636
0010 47.18181818181818
1000 47.25
0001 47.31818181818181
2000 47.38636363636363
3001 47.45454545454545
1000 47.52272727272727
0001 47.590909090909086
0010 47.65909090909091
0001 47.72727272727273
0010 47.79545454545454
0100 47.86363636363636
1000 47.93181818181818
0200 48.0
0300 48.13636363636363
1100 48.40909090909091
0001 48.81818181818182
0010 48.95454545454545
1002 49.090909090909086
0003 49.22727272727272
1010 49.49999999999999
0001 49.90909090909091
0100 50.04545454545454
0102 50.18181818181818
0003 50.31818181818181
1001 50.590909090909086
0002 50.72727272727273
0023 50.86363636363636
0230 51.0
2300 51.13636363636363
3001 51.272727272727266
0010 51.4090909090909
0100 51.54545454545454
1000 51.68181818181817
0100 51.74999999999999
0010 51.81818181818181
0001 51.88636363636363
1000 51.954545454545446
0001 52.022727272727266
0010 52.090909090909086
0100 52.1590909090909
1000 52.22727272727272
0002 52.36363636363636
2003 52.56818181818181
3000 52.90909090909091
0002 53.31818181818181
0203 53.45454545454545
0320 53.65909090909091
2030 53.72727272727273
3002 53.93181818181818
0203 54.0
0300 54.27272727272727
0002 54.54545454545454
2003 54.81818181818181
3020 55.36363636363636
0130 55.90909090909091
0200 56.04545454545454
0302 56.31818181818181
1003 56.72727272727272
0100 57.136363636363626
0010 57.54545454545454
0001 57.68181818181817
1000 57.81818181818181
0100 58.22727272727272
1000 58.63636363636363
0100 58.772727272727266
0010 58.90909090909091
0001 59.31818181818181
1000 59.72727272727273
0001 59.86363636363636
1000 59.99999999999999
0100 60.4090909090909
0010 60.68181818181817
0001 60.81818181818181
1000 60.954545454545446
0010 61.090909090909086
0100 61.49999999999999
0001 61.90909090909091
1000 62.18181818181818
0100 62.590909090909086
0010 63.0
0100 63.13636363636363
1000 63.272727272727266
0001 63.68181818181817
0100 64.09090909090908
0010 64.36363636363636
1000 64.77272727272727
0010 65.04545454545455
1000 65.18181818181817
0010 65.31818181818181
0100 65.45454545454545
0001 65.86363636363636
0100 66.27272727272727
0010 66.4090909090909
1000 66.54545454545455
0010 66.95454545454545
0100 67.36363636363636
0001 67.5
0010 67.63636363636363
0001 68.04545454545453
1000 68.45454545454544
0100 68.59090909090908
0010 68.72727272727272
0001 69.13636363636363
1000 69.27272727272727
0100 69.34090909090908
0010 69.4090909090909
0001 69.47727272727272
0010 69.54545454545453
0001 69.81818181818181
1000 69.95454545454545
1001 70.09090909090908
0001 70.22727272727272
0010 70.36363636363636
0011 70.5
0001 70.63636363636363
1000 70.70454545454545
0001 70.77272727272727
1000 70.84090909090908
0002 70.9090909090909
0023 71.04545454545455
0230 71.25
2300 71.45454545454545
3001 71.6590909090909
0200 71.72727272727272
0301 72.0
0010 72.13636363636364
0001 72.27272727272727
1000 72.4090909090909
1001 72.54545454545455
0001 72.68181818181819
2000 72.81818181818181
3001 73.09090909090908
0010 73.22727272727272
0100 73.36363636363635
1000 73.49999999999999
0001 73.63636363636363
0100 73.77272727272727
0010 73.84090909090908
0100 73.90909090909089
0001 74.04545454545453
1000 74.11363636363635
0001 74.18181818181817
0010 74.31818181818181
0110 74.45454545454544
0100 74.59090909090908
1000 74.72727272727272
1001 74.86363636363636
0001 74.99999999999999
0010 75.06818181818181
0001 75.13636363636363
0010 75.20454545454544
0100 75.27272727272727
1000 75.4090909090909
0001 75.54545454545453
0100 75.61363636363636
0010 75.68181818181817
1000 75.81818181818181
0010 75.95454545454545
1000 76.09090909090908
0001 76.22727272727272
1000 76.36363636363636
0100 76.5
0010 76.63636363636363
0001 76.77272727272727
0010 76.8409090909091
0200 76.97727272727272
2300 77.18181818181817
3002 77.38636363636363
0023 77.6590909090909
0130 77.86363636363636
1000 78.0
0001 78.06818181818181
1000 78.13636363636364
0001 78.20454545454545
1000 78.27272727272727
1000 78.4090909090909
0001 78.54545454545453
0010 78.68181818181817
0100 78.8181818181818
1000 78.95454545454544
0001 79.09090909090908
1000 79.22727272727272
0010 79.36363636363635
1000 79.43181818181817
0010 79.49999999999999
1000 79.5681818181818
0001 79.63636363636363
0010 79.77272727272727
0100 79.84090909090908
1000 79.90909090909089
0100 79.97727272727272
0010 80.04545454545453
0001 80.18181818181817
1000 80.24999999999999
0001 80.31818181818181
0100 80.45454545454544
0010 80.59090909090908
1000 80.72727272727272
0001 80.86363636363636
1000 80.99999999999999
0010 81.13636363636363
0100 81.27272727272727
0010 81.4090909090909
1000 81.54545454545453
0001 81.61363636363636
0010 81.68181818181817
0001 81.74999999999999
0010 81.81818181818181
0001 81.95454545454545
1000 82.02272727272727
0001 82.09090909090908
1000 82.1590909090909
0010 82.22727272727272
0100 82.36363636363636
0001 82.5
2000 82.63636363636363
3001 82.9090909090909
0010 83.04545454545455
0001 83.18181818181817
1000 83.31818181818181
0001 83.45454545454545
0010 83.5909090909091
0100 83.72727272727272
1000 83.79545454545455
0100 83.86363636363636
0010 83.93181818181817
0001 84.0
0010 84.13636363636364
0100 84.20454545454545
1000 84.27272727272727
0100 84.3409090909091
1000 84.4090909090909
0001 84.54545454545455
0100 84.61363636363636
0001 84.68181818181819
1000 84.81818181818181
0010 84.95454545454545
0100 85.09090909090908
0001 85.22727272727272
1000 85.36363636363635
0100 85.49999999999999
0010 85.56818181818181
0001 85.63636363636363
1000 85.77272727272727
0001 85.90909090909089
0010 86.04545454545453
0100 86.11363636363635
1000 86.18181818181817
0001 86.31818181818181
0010 86.38636363636363
0100 86.45454545454544
0010 86.52272727272727
0100 86.59090909090908
1000 86.72727272727272
0001 86.79545454545453
1000 86.86363636363636
0001 86.93181818181817
0100 86.99999999999999
0010 87.13636363636363
0100 87.27272727272727
0001 87.4090909090909
1000 87.54545454545453
0010 87.68181818181817
0100 87.81818181818181
0001 87.95454545454545
1000 88.09090909090908
0100 88.1590909090909
0010 88.22727272727272
0100 88.29545454545453
1000 88.36363636363636
0001 88.5
1000 88.56818181818181
0002 88.63636363636363
1003 88.70454545454545
0100 88.77272727272727
0010 88.9090909090909
0001 88.97727272727272
0010 89.04545454545455
0001 89.11363636363636
1000 89.18181818181817
0002 89.31818181818181
0003 89.38636363636363
1000 89.45454545454545
0001 89.5909090909091
0010 89.72727272727272
0001 89.86363636363636
1000 90.0
0010 90.13636363636364
0100 90.27272727272727
0001 90.3409090909091
0100 90.4090909090909
0001 90.47727272727272
1000 90.54545454545453
0001 90.68181818181817
0010 90.74999999999999
0001 90.8181818181818
0010 90.88636363636363
0100 90.95454545454544
1000 91.09090909090908
0001 91.15909090909089
1000 91.22727272727272
0001 91.29545454545453
0010 91.36363636363635
0100 91.49999999999999
1000 91.63636363636363
0100 91.77272727272727
0010 91.90909090909089
0001 92.04545454545453
2000 92.18181818181817
3200 92.31818181818181
0320 92.45454545454544
0031 92.72727272727272
1000 92.86363636363636
0001 92.93181818181817
1000 92.99999999999999
0001 93.06818181818181
0010 93.13636363636363
0100 93.27272727272727
1000 93.34090909090908
0100 93.4090909090909
0010 93.54545454545453
0100 93.68181818181817
1000 93.81818181818181
1000 93.95454545454545
0001 94.09090909090908
0100 94.22727272727272
0010 94.36363636363636
0010 94.5
1000 94.63636363636363
0100 94.77272727272727
0010 94.9090909090909
0001 95.04545454545455
0010 95.11363636363636
0100 95.18181818181817
1000 95.25
0001 95.31818181818181
1000 95.38636363636364
0001 95.45454545454545
1000 95.52272727272727
0001 95.5909090909091
2000 95.72727272727272
3100 96.0
0010 96.13636363636364
0011 96.27272727272727
0001 96.4090909090909
1000 96.54545454545455
1100 96.68181818181819
0100 96.81818181818181
1000 96.88636363636364
0001 96.95454545454545
0010 97.02272727272727
0200 97.09090909090908
2300 97.22727272727272
3002 97.43181818181817
2003 97.63636363636363
3100 97.84090909090908
0020 97.90909090909089
0130 98.18181818181817
0010 98.31818181818181
0001 98.45454545454544
0010 98.59090909090908
0110 98.72727272727272
0100 98.86363636363636
2000 98.99999999999999
3001 99.27272727272727
1000 99.4090909090909
0001 99.54545454545453
1000 99.68181818181817
0100 99.81818181818181
0010 99.95454545454545
0001 100.02272727272727
1000 100.09090909090908
0001 100.22727272727272
1000 100.29545454545453
0100 100.36363636363636
0010 100.5
0011 100.63636363636363
0001 100.77272727272727
1000 100.9090909090909
1100 101.04545454545455
0100 101.18181818181817
0010 101.25
0100 101.31818181818181
0010 101.38636363636363
0001 101.45454545454545
1000 101.5909090909091
0001 101.72727272727272
0010 101.79545454545455
0100 101.86363636363636
0010 102.0
0001 102.13636363636364
1000 102.27272727272727
0010 102.4090909090909
0100 102.54545454545453
0010 102.68181818181817
1000 102.8181818181818
0001 102.95454545454544
1000 103.02272727272727
0020 103.15909090909089
2030 103.36363636363635
3002 103.5681818181818
2003 103.84090909090908
3100 104.04545454545453
0010 104.18181818181817
0001 104.24999999999999
0010 104.31818181818181
0001 104.38636363636363
1000 104.45454545454544
0001 104.72727272727272
0010 104.86363636363636
0001 104.99999999999999
1000 105.13636363636363
0100 105.27272727272727
0010 105.4090909090909
0001 105.54545454545453
1000 105.61363636363636
0001 105.68181818181817
1000 105.74999999999999
0100 105.81818181818181
0010 105.95454545454545
0001 106.02272727272727
0010 106.09090909090908
0100 106.1590909090909
1000 106.22727272727272
0001 106.36363636363636
0100 106.43181818181817
0001 106.5
1000 106.63636363636363
0010 106.77272727272727
0100 106.9090909090909
0001 107.04545454545455
1000 107.18181818181817
0001 107.31818181818181
0010 107.45454545454545
0100 107.5909090909091
1000 107.72727272727272
0001 107.79545454545455
0100 107.86363636363636
0001 107.93181818181817
0100 107.99999999999999
0010 108.13636363636363
0100 108.20454545454544
0001 108.27272727272725
0100 108.34090909090908
0010 108.40909090909089
1000 108.54545454545453
0100 108.68181818181817
0020 108.8181818181818
0031 109.09090909090908
0010 109.22727272727272
0100 109.36363636363635
1000 109.49999999999999
0100 109.63636363636363
0010 109.77272727272727
0100 109.90909090909089
1000 109.97727272727272
0001 110.04545454545453
0010 110.11363636363635
0100 110.18181818181817
1000 110.31818181818181
0100 110.38636363636363
0010 110.45454545454544
0001 110.52272727272727
1000 110.59090909090908
0001 110.72727272727272
1000 110.79545454545453
0100 110.86363636363636
0010 110.99999999999999
0001 111.13636363636363
1000 111.27272727272727
0010 111.4090909090909
1000 111.54545454545453
0010 111.68181818181817
0100 111.75
0001 111.81818181818181
0100 111.95454545454545
0001 112.09090909090908
1000 112.22727272727272
0100 112.29545454545453
1000 112.36363636363636
0001 112.5
0100 112.56818181818181
0001 112.63636363636363
1000 112.70454545454545
0010 112.77272727272727
0100 112.9090909090909
0001 113.04545454545455
0100 113.18181818181817
0001 113.31818181818181
0010 113.45454545454544
0100 113.59090909090908
1000 113.7272727272727
0100 113.86363636363635
0010 113.99999999999999
0001 114.13636363636363
1000 114.27272727272725
0001 114.34090909090908
0010 114.40909090909089
0001 114.4772727272727
0010 114.54545454545453
0100 114.68181818181817
0100 114.8181818181818
1000 115.09090909090908
0001 115.15909090909089
0010 115.22727272727272
0100 115.29545454545453
0010 115.36363636363635
0002 115.49999999999999
0003 115.5681818181818
1000 115.63636363636363
0100 115.77272727272727
0010 115.90909090909089
0100 116.04545454545453
0010 116.18181818181817
0001 116.31818181818181
1000 116.45454545454544
0100 116.52272727272727
1000 116.59090909090908
0100 116.65909090909089
0010 116.72727272727272
0001 116.86363636363636
1000 116.93181818181817
0001 116.99999999999999
0010 117.06818181818181
0100 117.13636363636363
1000 117.27272727272727
0010 117.34090909090908
0100 117.4090909090909
0001 117.47727272727272
0100 117.54545454545453
0020 117.68181818181817
1030 117.81818181818181
0001 117.95454545454545
0010 118.09090909090908
0001 118.22727272727272
1000 118.36363636363636
0010 118.43181818181817
1000 118.5
0010 118.56818181818181
2000 118.63636363636363
3001 118.9090909090909
1000 119.04545454545455
0100 119.11363636363636
0010 119.18181818181817
0001 119.25
0010 119.31818181818181
0001 119.45454545454545
1000 119.52272727272727
0001 119.5909090909091
0100 119.72727272727272
0010 119.86363636363636
1000 119.99999999999999
1000 120.13636363636363
0001 120.27272727272725
0010 120.40909090909089
0100 120.54545454545453
0100 120.68181818181817
1000 120.8181818181818
0001 120.95454545454544
1000 121.09090909090908
0001 121.22727272727272
1000 121.29545454545453
0001 121.36363636363635
0100 121.43181818181817
0010 121.49999999999999
0100 121.56818181818181
0010 121.63636363636363
0100 121.70454545454544
0010 121.77272727272727
1000 121.90909090909089
0100 121.97727272727272
0010 122.04545454545453
0001 122.11363636363635
0230 122.39999999999999
2300 122.69090909090909
3002 123.81818181818181
2003 124.09090909090908
3000 124.63636363636363
