TITLE Up & Down
BPM   112.0
NOTES
1010 8.56242857142857
0001 9.098142857142857
0100 9.232071428571428
1010 9.49992857142857
1010 9.901714285714284
0001 10.169571428571428
0100 10.3035
0011 10.705285714285713
1000 11.241
0100 11.37492857142857
0011 11.642785714285713
0011 12.044571428571427
1000 12.31242857142857
0100 12.446357142857142
0101 12.848142857142857
1000 13.383857142857144
0010 13.517785714285715
0101 13.785642857142857
0101 14.187428571428573
1000 14.455285714285715
0010 14.589214285714286
0020 14.991
0030 15.258857142857142
0200 15.392785714285713
0300 15.660642857142857
0002 15.794571428571428
0003 15.9285
0001 16.062428571428573
2000 16.196357142857142
3000 16.464214285714284
0200 16.598142857142857
0300 16.73207142857143
0020 16.866
0030 16.999928571428573
0100 17.133857142857142
0010 17.401714285714284
0100 17.669571428571427
1000 17.8035
0010 17.93742857142857
1000 18.205285714285715
0001 18.339214285714284
0010 18.473142857142857
0001 18.741
1000 19.008857142857142
0001 19.276714285714284
0001 19.544571428571427
0100 19.723142857142857
0010 19.81242857142857
1000 19.991
0001 20.08028571428571
1000 20.258857142857142
0100 20.348142857142857
0010 20.526714285714284
0100 20.616
1000 20.74992857142857
0001 20.883857142857142
0010 21.151714285714284
0010 21.68742857142857
0100 21.95528571428571
1000 22.223142857142854
0001 22.357071428571427
0001 22.62492857142857
0100 23.026714285714284
0001 23.294571428571427
0100 23.56242857142857
0010 23.696357142857142
0100 23.83028571428571
0001 23.964214285714284
1000 24.098142857142854
0100 24.276714285714284
0010 24.365999999999996
0100 24.49992857142857
1000 24.633857142857142
0001 24.76778571428571
1000 24.901714285714284
0100 25.035642857142854
1000 25.169571428571427
0010 25.43742857142857
1000 25.705285714285715
1000 26.10707142857143
0010 26.241
0010 26.642785714285715
0100 27.04457142857143
0101 27.580285714285715
0001 28.116
0001 28.383857142857142
1000 28.651714285714284
0100 28.785642857142857
0100 29.187428571428573
1000 29.455285714285715
0001 29.723142857142857
0010 29.85707142857143
0010 30.258857142857142
0010 30.526714285714284
0001 30.794571428571427
0100 30.9285
0100 31.330285714285715
0110 31.598142857142857
1010 32.13385714285714
1001 32.535642857142854
1010 32.93742857142857
1000 33.339214285714284
0001 33.473142857142854
0010 33.74099999999999
0010 34.00885714285714
0100 34.14278571428571
0010 34.276714285714284
0100 34.54457142857143
1000 34.6785
0100 34.94635714285714
0010 35.080285714285715
0100 35.214214285714284
0010 35.348142857142854
0010 35.616
0001 35.74992857142857
0100 35.88385714285714
0010 36.151714285714284
2000 36.41957142857143
3000 36.687428571428576
0010 36.821357142857146
0200 36.955285714285715
0300 37.22314285714286
0001 37.35707142857143
2000 37.491
3001 37.758857142857146
0001 38.026714285714284
0001 38.29457142857143
1000 38.56242857142857
0100 38.830285714285715
0010 38.964214285714284
0100 39.23207142857142
1000 39.366
0100 39.49992857142857
1000 39.63385714285714
0001 39.901714285714284
0100 40.035642857142854
0010 40.16957142857142
1000 40.43742857142857
0020 40.705285714285715
0030 40.97314285714286
0100 41.10707142857143
0002 41.241
0003 41.508857142857146
1000 41.642785714285715
0001 41.776714285714284
0010 42.04457142857143
0010 42.31242857142857
0010 42.580285714285715
0100 42.848142857142854
1000 43.116
0010 43.38385714285714
0010 43.651714285714284
0100 43.91957142857142
0001 44.18742857142857
1000 44.45528571428571
0100 44.723142857142854
1000 44.85707142857142
0010 44.991
0100 45.258857142857146
0001 45.526714285714284
1000 45.79457142857143
0002 46.06242857142857
0003 46.464214285714284
0021 46.598142857142854
0030 46.99992857142857
1100 47.13385714285714
0001 47.66957142857142
0010 47.80349999999999
1100 48.07135714285714
1100 48.473142857142854
0001 48.74099999999999
0010 48.87492857142857
1001 49.276714285714284
1001 49.54457142857143
1000 49.81242857142857
0010 49.94635714285714
0100 50.080285714285715
0010 50.348142857142854
0100 50.616
0001 50.88385714285714
1000 51.151714285714284
0001 51.41957142857143
0010 51.687428571428576
0010 51.955285714285715
0100 52.22314285714286
1000 52.491
0010 52.758857142857146
0100 53.026714285714284
0001 53.29457142857143
0002 53.56242857142857
0003 54.49992857142857
1000 54.63385714285714
0010 54.901714285714284
0100 55.16957142857142
2000 55.43742857142857
3000 55.839214285714284
0100 55.97314285714286
0010 56.241
2000 56.508857142857146
3000 56.91064285714286
0001 57.04457142857143
0010 57.31242857142857
0200 57.580285714285715
0310 57.848142857142854
0010 58.24992857142857
0100 58.38385714285714
1000 58.651714285714284
0001 58.91957142857142
1000 59.18742857142857
1000 59.45528571428571
0010 59.723142857142854
0100 59.85707142857142
0010 59.991
0100 60.258857142857146
0100 60.526714285714284
0001 60.79457142857143
0010 61.06242857142857
0100 61.330285714285715
1000 61.598142857142854
0100 61.866
0200 62.13385714285714
0300 63.07135714285714
0100 63.20528571428571
1000 63.473142857142854
0010 63.74099999999999
0002 64.00885714285714
0003 64.41064285714285
0010 64.54457142857142
0100 64.81242857142857
0002 65.08028571428571
0003 65.48207142857142
0100 65.61599999999999
0001 65.88385714285714
0010 66.15171428571428
0100 66.41957142857143
0100 66.82135714285714
1000 66.95528571428572
0001 67.22314285714286
0100 67.491
0010 67.75885714285714
1000 68.02671428571429
0010 68.29457142857143
1000 68.4285
0001 68.56242857142857
1000 68.83028571428571
0100 68.96421428571428
0010 69.09814285714286
0200 69.27671428571428
0300 69.45528571428571
1000 69.63385714285714
0010 69.90171428571428
0100 70.03564285714286
0001 70.16957142857143
0200 70.34814285714286
0300 70.52671428571428
0010 70.70528571428571
0100 70.88385714285714
0010 70.97314285714285
1000 71.10707142857142
0001 71.241
0010 71.37492857142857
0100 71.50885714285714
1000 71.64278571428571
0001 71.77671428571428
1000 72.04457142857142
0010 72.1785
0100 72.31242857142857
0020 72.491
0030 72.66957142857142
0100 72.84814285714286
0100 73.02671428571429
0010 73.116
0100 73.24992857142857
0001 73.38385714285715
1000 73.51778571428572
0100 73.65171428571429
1000 73.91957142857143
0001 74.0535
0100 74.18742857142857
1000 74.45528571428572
0001 74.58921428571429
0100 74.72314285714286
1000 74.991
0001 75.12492857142857
0010 75.25885714285714
0100 75.39278571428571
1000 75.52671428571429
1000 75.79457142857143
0010 75.9285
0100 76.06242857142857
0001 76.19635714285714
1000 76.33028571428571
0100 76.46421428571429
1000 76.59814285714286
0001 76.73207142857143
0010 76.866
0001 77.13385714285714
1000 77.40171428571428
0001 77.66957142857143
0100 77.8035
0010 78.07135714285714
2000 78.33921428571428
3000 78.60707142857143
0001 78.741
1000 79.00885714285714
0100 79.27671428571428
0010 79.54457142857142
0001 79.81242857142857
1000 79.94635714285714
0001 80.21421428571428
0200 80.48207142857142
0300 80.74992857142857
0010 80.88385714285714
0010 81.15171428571428
0100 81.28564285714285
0001 81.41957142857143
1000 81.95528571428572
0100 82.08921428571429
0011 82.35707142857143
0011 82.75885714285714
1000 83.02671428571429
0100 83.16064285714286
0011 83.56242857142857
0010 83.96421428571428
0001 84.09814285714286
1000 84.366
0001 84.63385714285714
0100 84.90171428571428
0010 85.16957142857143
1000 85.43742857142857
0001 85.57135714285714
1000 85.70528571428571
0100 85.97314285714285
0100 86.241
0010 86.50885714285714
0001 86.77671428571428
0100 87.04457142857142
0010 87.31242857142857
1000 87.58028571428571
2000 87.84814285714286
3000 88.78564285714286
0001 88.91957142857143
0100 89.18742857142857
0010 89.45528571428572
0002 89.72314285714286
0003 90.12492857142857
0010 90.25885714285714
0100 90.52671428571429
0002 90.79457142857143
0003 91.19635714285714
1000 91.33028571428571
0100 91.59814285714286
0020 91.866
0130 92.13385714285714
0100 92.53564285714285
0010 92.66957142857143
0001 92.93742857142857
1000 93.20528571428571
0001 93.47314285714285
0001 93.741
0100 94.00885714285714
0010 94.14278571428571
0100 94.27671428571428
0010 94.54457142857142
0010 94.81242857142857
1000 95.08028571428571
0100 95.34814285714285
0010 95.61599999999999
0001 95.88385714285714
0010 96.15171428571428
0020 96.41957142857143
0030 97.35707142857143
0010 97.491
0001 97.75885714285714
0100 98.02671428571429
2000 98.29457142857143
3000 98.69635714285714
0100 98.83028571428571
0010 99.09814285714286
2000 99.366
3000 99.76778571428571
0010 99.90171428571428
1000 100.16957142857143
0100 100.43742857142857
0010 100.70528571428571
0010 101.10707142857142
0001 101.241
1000 101.50885714285714
0010 101.77671428571428
0100 102.04457142857142
0001 102.31242857142857
0100 102.58028571428571
0001 102.71421428571428
0100 102.84814285714286
1000 103.38385714285715
0010 103.51778571428572
0101 103.78564285714286
0101 104.18742857142857
1000 104.45528571428572
0010 104.58921428571429
1100 104.991
0001 105.52671428571429
0010 105.66064285714286
1100 105.9285
1100 106.33028571428571
0001 106.59814285714286
0010 106.73207142857143
1010 107.13385714285714
0001 107.66957142857143
0100 107.8035
1010 108.07135714285714
1010 108.47314285714285
0001 108.741
0100 108.87492857142857
0110 109.27671428571428
0110 109.54457142857142
0100 109.81242857142857
0001 109.94635714285714
1000 110.08028571428571
0100 110.34814285714285
0010 110.61599999999999
0100 110.88385714285714
1000 111.01778571428571
