TITLE VILE CAT
BPM   240.0
NOTES
5.0
5.166666666666667
5.25
5.416666666666667
5.5
5.666666666666667
5.75
5.916666666666667
6.0
6.166666666666667
6.25
6.416666666666667
6.5
6.666666666666667
6.75
6.916666666666667
7.0
7.25
7.5
7.666666666666667
7.916666666666667
8.0
8.166666666666666
8.416666666666666
9.0
9.166666666666666
9.25
9.416666666666666
9.5
9.666666666666666
9.75
9.916666666666666
10.0
10.166666666666666
10.25
10.416666666666666
10.5
10.666666666666666
10.75
10.916666666666666
11.0
11.25
11.5
11.666666666666666
11.916666666666666
12.0
12.166666666666666
12.416666666666666
13.75
14.0
14.25
14.5
14.666666666666666
14.75
14.916666666666666
15.0
15.25
15.5
15.666666666666666
15.75
15.916666666666666
16.0
16.25
16.416666666666668
16.5
16.666666666666668
16.75
16.916666666666668
17.0
17.25
17.5
17.666666666666668
17.75
17.916666666666668
18.0
18.25
18.416666666666668
18.5
18.666666666666668
18.75
18.916666666666668
19.166666666666668
19.25
19.75
20.25
20.5
20.75
21.0
21.25
21.75
21.916666666666668
22.166666666666668
22.25
22.416666666666668
22.5
22.666666666666668
22.75
22.916666666666668
23.0
23.25
23.5
23.666666666666668
23.75
23.916666666666668
24.0
24.25
24.416666666666668
24.5
24.666666666666668
24.75
24.916666666666668
25.0
25.25
25.5
25.666666666666668
25.75
25.916666666666668
26.0
26.25
26.416666666666668
26.5
26.666666666666668
26.75
26.916666666666668
27.166666666666668
27.25
27.75
28.25
28.5
28.75
29.0
29.25
29.75
29.916666666666668
30.166666666666668
30.25
30.416666666666668
30.5
30.666666666666668
30.75
30.916666666666668
31.0
31.25
31.5
31.75
32.0
32.25
32.5
32.75
32.916666666666664
33.166666666666664
33.25
33.416666666666664
33.5
33.666666666666664
33.75
33.916666666666664
34.0
34.25
34.5
34.75
35.0
35.25
35.5
35.75
36.0
36.25
36.5
36.75
36.916666666666664
37.166666666666664
37.25
37.416666666666664
37.5
37.666666666666664
37.75
37.916666666666664
38.0
38.25
38.5
38.75
39.0
39.25
39.5
39.75
39.916666666666664
40.0
40.25
40.5
40.75
40.916666666666664
41.166666666666664
41.25
41.416666666666664
41.5
41.666666666666664
41.75
41.916666666666664
42.0
42.25
42.5
42.75
42.916666666666664
43.0
43.25
43.5
43.75
43.916666666666664
44.0
44.25
44.5
44.75
45.0
45.18181818181818
45.27272727272727
45.45454545454545
45.63636363636363
45.81818181818182
46.0
46.25
46.5
46.583333333333336
46.666666666666664
46.75
46.833333333333336
46.916666666666664
47.0
47.166666666666664
47.25
47.416666666666664
47.5
47.666666666666664
47.75
47.916666666666664
48.0
48.166666666666664
48.25
48.416666666666664
48.5
48.666666666666664
48.75
48.916666666666664
49.0
49.25
49.5
49.666666666666664
49.916666666666664
50.0
50.416666666666664
50.916666666666664
51.0
51.166666666666664
51.25
51.416666666666664
51.5
51.666666666666664
51.75
51.916666666666664
52.0
52.166666666666664
52.25
52.416666666666664
52.5
52.666666666666664
52.75
52.916666666666664
53.0
53.25
53.5
53.666666666666664
53.916666666666664
54.0
54.166666666666664
54.25
54.416666666666664
54.5
54.666666666666664
54.75
54.916666666666664
55.0
55.166666666666664
55.25
55.416666666666664
55.5
55.666666666666664
55.75
55.916666666666664
56.0
56.166666666666664
56.25
56.416666666666664
56.5
56.666666666666664
56.75
56.916666666666664
57.0
57.25
57.5
57.666666666666664
57.916666666666664
58.0
58.416666666666664
58.916666666666664
59.0
59.166666666666664
59.25
59.416666666666664
59.5
59.666666666666664
59.75
59.916666666666664
60.0
60.166666666666664
60.25
60.416666666666664
60.5
60.666666666666664
60.75
60.916666666666664
61.0
61.25
61.5
61.666666666666664
61.916666666666664
62.0
62.166666666666664
62.25
62.416666666666664
62.666666666666664
62.75
62.916666666666664
64.0
64.25
64.5
64.75
65.0
65.16666666666667
65.25
65.41666666666667
65.5
65.66666666666667
65.75
65.91666666666667
66.0
66.16666666666667
66.25
66.41666666666667
66.5
66.66666666666667
66.75
66.91666666666667
67.0
67.16666666666667
67.25
67.41666666666667
67.5
67.66666666666667
67.75
67.91666666666667
68.0
68.16666666666667
68.25
68.41666666666667
68.5
68.66666666666667
68.75
68.91666666666667
69.0
69.18181818181819
69.36363636363636
69.54545454545455
69.72727272727273
69.81818181818181
70.0
70.16666666666667
70.5
70.66666666666667
70.83333333333333
71.0
71.16666666666667
71.25
71.41666666666667
71.5
71.66666666666667
71.83333333333333
72.16666666666667
72.25
72.41666666666667
72.5
72.66666666666667
72.75
72.91666666666667
73.0
73.08333333333333
73.16666666666667
73.25
73.33333333333333
73.41666666666667
73.5
73.58333333333333
73.66666666666667
73.75
73.83333333333333
73.91666666666667
74.0
74.16666666666667
74.41666666666667
74.66666666666667
74.91666666666667
75.0
75.08333333333333
75.16666666666667
75.25
75.33333333333333
75.41666666666667
75.5
75.66666666666667
75.75
75.91666666666667
76.0
76.16666666666667
76.41666666666667
76.91666666666667
77.0
77.5
77.66666666666667
77.83333333333333
78.0
78.16666666666667
78.33333333333333
78.5
78.66666666666667
78.83333333333333
79.0
79.08333333333333
79.16666666666667
79.25
79.41666666666667
79.66666666666667
79.91666666666667
80.0
80.16666666666667
80.25
80.41666666666667
80.66666666666667
80.75
80.91666666666667
81.0
81.25
81.75
81.83333333333333
81.91666666666667
82.0
82.08333333333333
82.16666666666667
82.25
82.33333333333333
82.41666666666667
82.5
82.58333333333333
82.66666666666667
82.75
82.83333333333333
82.91666666666667
83.0
83.16666666666667
83.33333333333333
83.5
83.66666666666667
83.83333333333333
84.0
84.08333333333333
84.16666666666667
84.25
84.33333333333333
84.66666666666667
84.83333333333333
85.0
85.25
85.5
85.66666666666667
85.75
85.91666666666667
86.0
86.08333333333333
86.16666666666667
86.25
86.33333333333333
86.41666666666667
86.5
86.58333333333333
86.66666666666667
86.75
86.83333333333333
86.91666666666667
87.0
87.16666666666667
87.41666666666667
87.66666666666667
87.91666666666667
88.16666666666667
88.41666666666667
88.66666666666667
88.91666666666667
89.25
89.41666666666667
90.0
90.16666666666667
90.25
90.41666666666667
90.5
90.66666666666667
90.75
90.91666666666667
91.0
91.16666666666667
91.25
91.41666666666667
91.5
91.66666666666667
91.75
91.91666666666667
92.0
92.25
92.5
92.66666666666667
92.91666666666667
93.0
93.41666666666667
93.75
93.83333333333333
94.0
94.16666666666667
94.25
94.41666666666667
94.5
94.66666666666667
94.75
94.91666666666667
95.0
95.16666666666667
95.25
95.41666666666667
95.5
95.66666666666667
95.75
95.91666666666667
96.0
96.25
96.5
96.66666666666667
96.91666666666667
97.0
97.16666666666667
97.41666666666667
97.5
97.58333333333333
97.66666666666667
97.75
97.83333333333333
97.91666666666667
98.0
98.16666666666667
98.25
98.41666666666667
98.5
98.66666666666667
98.75
98.91666666666667
99.0
99.16666666666667
99.25
99.41666666666667
99.5
99.66666666666667
99.75
99.91666666666667
100.0
100.25
100.5
100.66666666666667
100.91666666666667
101.0
101.16666666666667
101.41666666666667
102.0
102.16666666666667
102.25
102.41666666666667
102.5
102.66666666666667
102.75
102.91666666666667
103.0
103.16666666666667
103.25
103.41666666666667
103.5
103.66666666666667
103.75
103.91666666666667
104.0
104.25
104.5
104.66666666666667
104.91666666666667
105.0
105.16666666666667
105.41666666666667
106.75
107.0
107.25
107.5
107.66666666666667
107.75
107.91666666666667
108.0
108.16666666666667
108.25
108.41666666666667
108.5
108.66666666666667
108.75
108.91666666666667
109.0
109.16666666666667
109.25
109.41666666666667
109.5
109.66666666666667
109.75
109.91666666666667
110.0
110.25
110.5
110.66666666666667
110.91666666666667
111.0
111.41666666666667
111.5
111.625
111.75
111.875
112.0
112.125
112.25
112.375
112.5
112.625
112.75
112.875
113.0
113.125
113.25
113.375
113.5
113.625
113.75
113.875
114.0
114.125
114.25
114.375
114.5
114.625
114.75
114.875
