TITLE YEAR OF THE BAD DRAGON
BPM   240.0
NOTES
0001 2.042
1000 2.292
0010 2.542
0100 2.792
0001 2.875333333333333
1000 2.9586666666666663
0010 3.042
1000 3.292
0100 3.417
0010 3.542
0001 3.792
1000 4.042
0010 4.167
0100 4.292
0001 4.542
0010 4.792
0100 4.875333333333333
1000 4.958666666666667
0100 5.042
0010 5.292
0001 5.417
1000 5.542
0001 5.792
1000 5.8545
0001 5.917
1000 5.9795
0001 6.042
0010 6.292
0100 6.542
1000 6.792
0010 6.875333333333333
0100 6.958666666666667
0001 7.042
0100 7.292
0010 7.417
1000 7.542
0100 7.792
0010 8.042
0001 8.167
0010 8.292
0001 8.542
1000 8.792
0010 8.875333333333334
1000 8.958666666666666
0001 9.042
0100 9.292
0010 9.417
1000 9.542
0001 9.6045
1000 9.667
0001 9.7295
1000 9.792
0001 9.8545
1000 9.917
0001 9.9795
1000 10.042
0001 10.167
0010 10.292
0100 10.542
1000 10.792
0100 10.875333333333334
0010 10.958666666666666
0001 11.042
0100 11.292
0010 11.417
1000 11.542
0010 11.792
1000 12.042
0100 12.167
0010 12.292
0001 12.542
1000 12.792
0010 12.875333333333334
0100 12.958666666666666
0010 13.042
1000 13.292
0001 13.417
0010 13.542
0100 13.792
1000 13.8545
0100 13.917
1000 13.9795
0100 14.042
0010 14.292
0011 14.542
0001 14.792
1001 15.042
1001 15.292
1000 15.542
0010 15.667
1000 15.792
0010 15.917
1000 16.042
0001 16.292
0100 16.542
0010 16.792
1000 16.875333333333334
0001 16.95866666666667
1000 17.042
0001 17.1045
1000 17.167
0001 17.292
1000 17.3545
0001 17.417
1000 17.542
0010 17.667
0100 17.7295
0010 17.792
1000 17.917
0001 18.042
0010 18.167
0100 18.292
1000 18.417
0001 18.542
0100 18.667
0010 18.792
1000 18.917
0001 18.9795
0010 19.042
0001 19.1045
1000 19.167
0001 19.292
0010 19.417
0100 19.542
1000 19.667
0001 19.792
0100 19.917
0010 19.9795
0100 20.042
0001 20.1045
1000 20.167
0001 20.2295
1000 20.292
0100 20.417
0010 20.542
0001 20.667
1000 20.792
0010 20.917
0100 20.9795
0010 21.042
1010 21.292
1000 21.542
0010 21.6045
1000 21.667
0001 21.792
1000 21.917
0100 21.9795
1000 22.042
0100 22.167
0010 22.292
0001 22.417
0100 22.542
0001 22.667
1000 22.792
0010 22.917
1000 22.9795
0001 23.042
1000 23.1045
0100 23.167
0010 23.292
0001 23.417
1000 23.542
0010 23.667
0100 23.792
0001 23.917
1000 23.9795
0001 24.042
0010 24.1045
0100 24.167
1000 24.2295
0100 24.292
0010 24.417
0001 24.542
0100 24.667
0010 24.792
1000 24.917
0001 24.9795
1000 25.042
1010 25.292
0010 25.542
1000 25.6045
0001 25.667
0100 25.792
0001 25.917
1000 25.9795
0100 26.042
0010 26.167
0001 26.292
1000 26.417
0001 26.542
0100 26.667
0010 26.792
1000 26.917
0010 26.9795
0100 27.042
0001 27.1045
0100 27.167
0001 27.292
1000 27.417
0100 27.542
0100 27.667
0100 27.792
0010 27.917
0001 27.9795
1000 28.042
0001 28.1045
1000 28.167
0100 28.2295
0010 28.292
0001 28.417
0100 28.542
0010 28.667
1000 28.792
0100 28.917
1000 28.9795
0001 29.042
1001 29.292
1000 29.542
0010 29.6045
0100 29.667
0001 29.792
0010 29.917
0100 29.9795
1000 30.042
0001 30.167
0100 30.292
0010 30.417
1000 30.542
0100 30.667
0010 30.792
0001 30.917
0010 30.9795
0100 31.042
1000 31.1045
0001 31.167
0100 31.292
0010 31.417
1000 31.542
0010 31.667
1000 31.792
0001 31.917
1000 31.9795
0001 32.042
0100 32.1045
0001 32.167
0100 32.2295
0010 32.292
1000 32.417
0001 32.542
0010 32.667
0100 32.792
1000 32.917
0001 32.9795
1000 33.042
1010 33.292
0010 33.542
1000 33.6045
0010 33.667
1000 33.792
0100 33.917
1000 33.9795
0100 34.042
0010 34.167
0001 34.292
1000 34.417
0001 34.542
0100 34.667
0010 34.792
0001 35.042
0100 35.167
0010 35.292
0001 35.542
0100 35.667
0010 35.792
1000 36.042
0100 36.167
0010 36.292
0001 36.417
1000 36.542
0100 36.667
0010 36.792
0001 36.917
0100 37.042
0010 37.167
1000 37.292
0100 37.417
0010 37.542
0010 37.792
0010 37.917
0001 38.042
1000 38.167
0001 38.292
0100 38.417
0010 38.542
1000 38.667
0001 38.792
0010 39.042
1000 39.167
0001 39.292
0010 39.542
1000 39.667
0001 39.792
1000 40.042
0010 40.167
1000 40.292
0001 40.417
0100 40.542
0001 40.667
1000 40.792
0100 40.917
1000 41.042
0001 41.167
0100 41.292
0001 41.417
1000 41.542
1000 41.792
0001 41.8545
1000 41.917
0001 41.9795
1000 42.042
0100 42.292
0010 42.542
0001 42.792
0100 42.87533333333334
0010 42.958666666666666
1000 43.042
0001 43.292
0010 43.417
0100 43.542
1000 43.792
0001 44.042
0100 44.292
0010 44.542
1000 44.792
0100 44.87533333333334
0010 44.958666666666666
0001 45.042
1000 45.292
0001 45.417
0100 45.542
0010 45.792
1000 45.8545
0010 45.917
1000 45.9795
0001 46.042
0100 46.292
0010 46.542
1000 46.792
0001 46.87533333333334
0100 46.958666666666666
0010 47.042
1000 47.292
0100 47.417
0010 47.542
0100 47.792
1100 48.042
1000 48.292
1001 48.542
0001 48.792
1000 49.042
0100 49.1045
1000 49.167
0001 49.292
0100 49.3545
0010 49.417
0100 49.4795
0001 49.542
1000 49.6045
0100 49.667
0010 49.7295
0001 49.792
1000 49.917
0001 49.9795
1000 50.042
0100 50.167
0010 50.292
0001 50.417
1000 50.542
0001 50.667
0100 50.792
0010 50.917
1000 50.9795
0001 51.042
0100 51.1045
0001 51.167
1000 51.292
0100 51.417
0010 51.542
0001 51.667
1000 51.792
0010 51.917
1000 51.9795
0010 52.042
0100 52.1045
0001 52.167
1000 52.2295
0100 52.292
0010 52.417
0001 52.542
1000 52.667
0010 52.792
0100 52.917
0001 52.9795
1000 53.042
1000 53.167
1000 53.292
1000 53.417
0100 53.542
0010 53.6045
0100 53.667
1000 53.792
0010 53.917
0100 53.9795
0010 54.042
1000 54.167
0001 54.292
0100 54.417
0010 54.542
1000 54.667
0010 54.792
1000 54.917
0001 54.9795
0010 55.042
0100 55.1045
1000 55.167
0001 55.292
0100 55.417
0010 55.542
1000 55.667
0001 55.792
0100 55.917
0001 55.9795
1000 56.042
0001 56.1045
1000 56.167
0100 56.2295
0010 56.292
0001 56.3545
1000 56.417
0001 56.4795
1000 56.542
0100 56.667
0010 56.792
0100 56.917
1000 57.042
1000 57.167
1000 57.292
0001 57.417
0100 57.542
0010 57.6045
1000 57.667
0001 57.792
0010 57.8545
0100 57.917
1000 57.9795
0001 58.042
0100 58.167
0010 58.292
1000 58.417
0001 58.542
0010 58.667
0100 58.792
1000 58.917
0100 58.9795
1000 59.042
0100 59.1045
0010 59.167
0001 59.292
0100 59.417
0001 59.542
1000 59.667
0010 59.792
0100 59.917
0001 59.9795
1000 60.042
0100 60.1045
1000 60.167
0100 60.2295
1000 60.292
0001 60.417
0100 60.542
0010 60.667
1000 60.792
0001 60.917
0010 60.9795
0100 61.042
0100 61.167
0100 61.292
0100 61.417
1000 61.542
0001 61.6045
0010 61.667
0001 61.792
0100 61.917
0001 61.9795
1000 62.042
0001 62.167
0010 62.292
0100 62.417
0010 62.542
0001 62.667
1000 62.792
0010 62.917
0100 62.9795
0010 63.042
1000 63.1045
0001 63.167
0010 63.292
0100 63.417
1000 63.542
0001 63.667
0100 63.792
0010 63.917
1000 63.9795
0010 64.042
1000 64.1045
0001 64.167
0010 64.2295
0100 64.292
1000 64.3545
0001 64.417
1000 64.4795
0001 64.542
0010 64.667
0001 64.792
1000 64.917
0010 65.042
1000 65.167
0001 65.292
0010 65.417
0001 65.542
0001 65.792
1000 65.8545
0001 65.917
1000 65.9795
0001 66.042
0010 66.292
0100 66.542
1000 66.792
0010 66.87533333333333
0100 66.95866666666667
0001 67.042
0010 67.292
0100 67.417
1000 67.542
0010 67.792
1000 68.042
0001 68.167
1000 68.292
0100 68.542
0010 68.792
0001 68.87533333333333
1000 68.95866666666667
0010 69.042
0100 69.292
0001 69.417
0010 69.542
0100 69.792
1000 69.8545
0100 69.917
1000 69.9795
0100 70.042
0010 70.292
0001 70.542
1000 70.792
0001 70.87533333333333
1000 70.95866666666667
0100 71.042
0010 71.292
0001 71.417
1000 71.542
0001 71.792
0100 72.042
0001 72.167
0010 72.292
0100 72.542
1000 72.792
0001 72.87533333333333
0010 72.95866666666667
0100 73.042
1000 73.292
0001 73.417
0100 73.542
0010 73.6045
0100 73.667
0010 73.7295
0100 73.792
0010 73.8545
0100 73.917
0010 73.9795
0100 74.042
0001 74.167
1000 74.292
0010 74.542
1000 74.792
0010 74.87533333333333
1000 74.95866666666667
0001 75.042
1000 75.292
0001 75.417
0010 75.542
0100 75.792
1000 76.042
0001 76.167
0100 76.292
0010 76.542
1000 76.792
0001 76.87533333333333
0100 76.95866666666667
0001 77.042
0010 77.292
0100 77.417
1000 77.542
0010 77.792
1000 77.8545
0010 77.917
1000 77.9795
0010 78.042
0100 78.292
0101 78.542
0001 78.792
1001 79.042
1001 79.292
1000 79.542
0100 79.667
1000 79.792
0100 79.917
1000 80.042
0001 80.292
0100 80.542
0010 80.792
1000 80.87533333333333
0001 80.95866666666667
0100 81.042
0001 81.292
0010 81.417
0100 81.542
1000 81.792
0010 81.917
0100 82.042
0001 82.167
1000 82.292
0001 82.542
0100 82.792
0001 82.87533333333333
1000 82.95866666666667
0100 83.042
0010 83.292
0001 83.417
1000 83.542
0010 83.792
1000 84.042
0100 84.167
0010 84.292
0001 84.542
0010 84.792
0100 84.87533333333333
1000 84.95866666666667
0100 85.042
1000 85.292
0001 85.417
0100 85.542
0010 85.792
1000 85.8545
0010 85.917
1000 85.9795
0010 86.042
1000 86.292
1001 86.542
0001 86.792
0011 87.042
0011 87.292
0010 87.542
0100 87.667
0010 87.792
0100 87.917
0010 88.042
0001 88.292
1000 88.542
0010 88.792
0100 88.87533333333333
0001 88.95866666666667
1000 89.042
0001 89.1045
1000 89.167
0001 89.292
1000 89.3545
0001 89.417
1000 89.542
0010 89.6045
0100 89.667
0001 89.7295
0100 89.792
0010 89.8545
1000 89.917
0001 89.9795
1000 90.042
0001 90.167
0100 90.292
0010 90.417
1000 90.542
0001 90.667
0010 90.792
0100 90.917
1000 90.9795
0100 91.042
0010 91.1045
0001 91.167
1000 91.292
0010 91.417
0100 91.542
0010 91.667
1000 91.792
0001 91.917
1000 91.9795
0001 92.042
0100 92.1045
0001 92.167
1000 92.2295
0100 92.292
0010 92.417
0001 92.542
1000 92.667
0001 92.792
0100 92.917
0010 92.9795
1000 93.042
1010 93.292
0010 93.542
1000 93.6045
0001 93.667
1000 93.792
0001 93.917
1000 93.9795
0100 94.042
0010 94.167
0001 94.292
0100 94.417
0001 94.542
0010 94.667
0100 94.792
1000 94.917
0001 94.9795
0100 95.042
0010 95.1045
0100 95.167
0001 95.292
0010 95.417
0100 95.542
1000 95.667
0100 95.792
0010 95.917
0001 95.9795
0010 96.042
0001 96.1045
1000 96.167
0001 96.2295
0100 96.292
0010 96.417
1000 96.542
0100 96.667
0010 96.792
0001 96.917
1000 96.9795
0001 97.042
1001 97.292
1000 97.542
0010 97.6045
1000 97.667
0001 97.792
1000 97.917
0100 97.9795
1000 98.042
0001 98.167
0100 98.292
0010 98.417
1000 98.542
0100 98.667
0010 98.792
0001 98.917
0010 98.9795
0100 99.042
0010 99.1045
0001 99.167
1000 99.292
0010 99.417
0100 99.542
0100 99.667
0100 99.792
0001 99.917
1000 99.9795
0001 100.042
0010 100.1045
0100 100.167
1000 100.2295
0001 100.292
0100 100.417
0010 100.542
1000 100.667
0001 100.792
0010 100.917
0100 100.9795
1000 101.042
1100 101.292
0100 101.542
0010 101.6045
0001 101.667
1000 101.792
0001 101.917
0100 101.9795
0010 102.042
1000 102.167
0001 102.292
0100 102.417
0010 102.542
1000 102.667
0100 102.792
0010 102.917
0001 102.9795
0010 103.042
0001 103.1045
1000 103.167
0100 103.292
0010 103.417
0001 103.542
1000 103.667
0010 103.792
0100 103.917
0001 103.9795
0100 104.042
0001 104.1045
1000 104.167
0010 104.2295
1000 104.292
0010 104.417
0100 104.542
0001 104.667
0010 104.792
0100 104.917
1000 104.9795
0100 105.042
1100 105.292
1000 105.542
0001 105.6045
1000 105.667
0001 105.792
1000 105.917
0001 106.042
0010 106.167
0100 106.292
1000 106.417
0001 106.542
0100 106.667
0001 106.792
1000 106.917
0010 106.9795
0100 107.042
0001 107.1045
1000 107.167
0100 107.292
0010 107.417
0001 107.542
0100 107.667
0001 107.792
0010 107.917
0100 107.9795
1000 108.042
0001 108.1045
1000 108.167
0001 108.2295
0100 108.292
0010 108.417
1000 108.542
0001 108.667
0010 108.792
0100 108.917
0010 108.9795
0001 109.042
0011 109.292
0010 109.542
0100 109.6045
1000 109.667
0001 109.792
1000 109.917
0010 109.9795
0100 110.042
0001 110.167
0010 110.292
0001 110.417
1000 110.542
0001 110.667
0100 110.792
0010 110.917
1000 110.9795
0001 111.042
1000 111.1045
0001 111.167
0010 111.292
0100 111.417
1000 111.542
0001 111.667
0010 111.792
0001 111.917
1000 111.9795
0100 112.042
1000 112.1045
0100 112.167
1000 112.2295
0001 112.292
0100 112.417
0001 112.542
1000 112.667
0010 112.792
0100 112.917
0001 112.9795
1000 113.042
1001 113.292
0001 113.542
0100 113.6045
0001 113.667
1000 113.792
0001 113.917
0010 113.9795
0001 114.042
0010 114.167
0100 114.292
1000 114.417
0001 114.542
0100 114.667
0010 114.792
1000 114.917
0001 114.9795
1000 115.042
0001 115.1045
0100 115.167
0010 115.292
1000 115.417
0001 115.542
0001 115.667
0001 115.792
0010 115.917
0100 115.9795
1000 116.042
0100 116.1045
0010 116.167
0001 116.2295
1000 116.292
0100 116.417
1000 116.542
0001 116.667
1000 116.792
0010 116.917
0100 116.9795
0001 117.042
0101 117.292
0100 117.542
0010 117.6045
1000 117.667
0001 117.792
1000 117.917
0100 117.9795
0010 118.042
0001 118.167
1000 118.292
0001 118.417
0100 118.542
0010 118.667
1000 118.792
0100 118.917
0010 118.9795
0001 119.042
0010 119.1045
0001 119.167
1000 119.292
0001 119.417
0010 119.542
0100 119.667
1000 119.792
0100 119.917
0010 120.042
0001 120.167
1000 120.292
0001 120.417
0100 120.542
0010 120.667
1000 120.792
0100 120.917
0010 121.042
0001 121.167
0100 121.292
0010 121.417
1000 121.542
0001 121.792
1000 121.917
0001 121.9795
1000 122.042
