TITLE Kimi Ego Search
BPM   120.0
NOTES
09 2.4
08 2.55
04 2.625
02 2.6999999999999997
01 2.8499999999999996
04 3.0
02 3.15
06 3.3
08 3.4499999999999997
08 3.7499999999999996
01 3.8249999999999997
04 3.8999999999999995
02 4.05
08 4.199999999999999
04 4.35
04 4.5
09 4.8
04 4.95
02 5.0249999999999995
08 5.1
01 5.25
02 5.3999999999999995
06 5.699999999999999
02 5.85
04 6.0
08 6.15
01 6.225
04 6.3
01 6.45
03 6.6
12 6.9
09 7.199999999999999
08 7.35
02 7.424999999999999
04 7.499999999999999
02 7.6499999999999995
08 7.799999999999999
04 7.949999999999999
12 8.1
02 8.25
02 8.55
04 8.625
08 8.700000000000001
02 8.85
04 9.0
01 9.15
05 9.3
05 9.6
04 9.75
02 9.9
08 10.049999999999999
12 10.2
04 10.35
02 10.5
01 10.649999999999999
08 10.799999999999999
02 10.95
08 10.999999999999998
02 11.049999999999999
08 11.1
01 11.249999999999998
08 11.299999999999999
01 11.35
08 11.399999999999999
01 11.475
04 11.549999999999999
02 11.624999999999998
08 11.7
02 11.774999999999999
04 11.849999999999998
01 11.924999999999999
08 12.0
12 12.3
02 12.45
01 12.6
09 12.9
10 13.2
02 13.35
04 13.424999999999999
02 13.5
04 13.649999999999999
02 13.799999999999999
06 14.1
05 14.399999999999999
08 14.474999999999998
04 14.549999999999999
08 14.7
02 14.849999999999998
04 14.999999999999998
05 15.299999999999999
05 15.6
10 15.9
09 16.2
04 16.349999999999998
09 16.5
12 16.8
06 17.1
01 17.25
04 17.400000000000002
06 17.7
10 18.0
08 18.15
01 18.225
08 18.3
01 18.45
08 18.6
12 18.9
06 19.2
01 19.275
08 19.349999999999998
02 19.5
04 19.65
01 19.8
09 20.099999999999998
01 20.4
02 20.474999999999998
04 20.549999999999997
08 20.625
01 20.7
04 20.849999999999998
02 21.0
08 21.15
08 21.299999999999997
09 21.599999999999998
03 21.9
04 22.049999999999997
08 22.2
09 22.499999999999996
09 22.8
08 22.95
02 23.025000000000002
08 23.1
02 23.25
04 23.400000000000002
05 23.7
03 24.0
04 24.075
08 24.15
01 24.3
04 24.45
02 24.6
10 24.9
12 25.2
03 25.5
09 25.8
04 25.95
10 26.099999999999998
09 26.4
10 26.7
04 26.849999999999998
01 27.0
03 27.299999999999997
06 27.599999999999998
04 27.749999999999996
08 27.825
04 27.9
08 28.049999999999997
02 28.2
06 28.499999999999996
05 28.799999999999997
01 28.949999999999996
08 29.099999999999998
08 29.249999999999996
01 29.4
02 29.474999999999998
04 29.549999999999997
08 29.624999999999996
01 29.699999999999996
02 29.775
04 29.849999999999998
08 29.924999999999997
04 30.0
08 30.08
01 30.16
08 30.24
01 30.32
01 30.56
08 30.64
04 30.72
08 30.8
02 30.88
02 31.04
04 31.2
01 31.349999999999998
04 31.425
01 31.5
04 31.65
02 31.8
10 31.95
09 32.1
03 32.25
02 32.4
01 32.55
08 32.625
01 32.699999999999996
04 32.85
02 33.0
06 33.15
05 33.3
09 33.449999999999996
12 33.6
02 33.75
04 33.825
02 33.9
04 34.050000000000004
08 34.2
10 34.35
06 34.5
05 34.65
03 34.8
06 34.949999999999996
05 35.099999999999994
05 35.25
12 35.4
10 35.55
03 35.699999999999996
03 35.849999999999994
10 36.0
01 36.15
08 36.225
01 36.3
08 36.45
04 36.6
06 36.75
03 36.9
09 37.05
10 37.199999999999996
08 37.349999999999994
02 37.425
08 37.49999999999999
02 37.65
04 37.8
05 37.949999999999996
09 38.099999999999994
12 38.24999999999999
06 38.4
01 38.55
02 38.625
01 38.699999999999996
02 38.85
04 39.0
12 39.15
09 39.3
05 39.449999999999996
05 39.6
01 39.75
09 39.9
04 40.050000000000004
12 40.2
01 40.275
08 40.35
01 40.425000000000004
08 40.5
02 40.65
06 40.8
04 40.949999999999996
01 41.025
04 41.099999999999994
01 41.25
08 41.4
12 41.55
06 41.699999999999996
03 41.849999999999994
01 42.0
08 42.15
02 42.225
08 42.3
02 42.45
04 42.6
05 42.75
03 42.9
06 43.05
12 43.199999999999996
01 43.349999999999994
08 43.425
01 43.49999999999999
08 43.65
02 43.8
06 43.949999999999996
05 44.099999999999994
03 44.24999999999999
06 44.4
06 44.55
10 44.699999999999996
10 44.85
03 45.0
05 45.15
12 45.3
12 45.449999999999996
06 45.6
08 45.75
02 45.825
08 45.9
02 46.050000000000004
04 46.2
05 46.35
03 46.5
03 46.65
09 46.8
01 46.949999999999996
08 47.025
01 47.099999999999994
08 47.25
04 47.4
06 47.55
03 47.699999999999996
09 47.849999999999994
10 48.0
04 48.15
02 48.225
04 48.3
02 48.45
08 48.6
09 48.75
03 48.9
06 49.05
12 49.199999999999996
01 49.349999999999994
04 49.49999999999999
02 49.65
08 49.8
04 49.87499999999999
02 49.949999999999996
01 50.025
02 50.099999999999994
04 50.175
02 50.24999999999999
01 50.324999999999996
08 8.0
09 8.375
08 8.625
01 8.75
08 8.875
02 9.0
04 9.125
02 9.375
04 9.625
01 9.75
02 10.0
06 10.375
02 10.625
01 10.75
02 10.875
01 11.0
08 11.125
02 11.375
08 11.625
01 11.75
04 12.0
06 12.375
08 12.5
04 13.0
10 13.5
01 13.625
08 13.75
01 13.875
02 14.0
02 15.25
01 15.375
08 15.5
04 15.625
02 15.75
01 15.875
08 16.0
09 16.375
04 16.625
02 16.75
08 16.875
01 17.0
02 17.125
01 17.375
08 17.625
02 17.75
06 18.0
06 18.375
08 18.625
01 18.75
02 18.875
04 19.0
02 19.125
01 19.375
08 19.625
02 19.75
10 20.0
09 20.375
02 20.625
01 20.75
02 20.875
04 21.0
08 21.125
01 21.375
04 21.625
01 21.75
08 22.0
02 22.125
04 22.25
02 22.5
10 22.75
01 22.875
02 23.0
06 23.125
08 23.25
01 23.375
08 23.5
09 24.0
01 24.25
04 24.5
02 24.625
08 24.75
01 24.875
02 25.125
01 25.375
08 25.5
08 25.75
02 26.0
02 26.25
04 26.5
01 26.625
02 26.75
04 26.875
02 27.125
01 27.25
08 27.375
02 27.5
04 27.75
05 28.25
10 28.625
08 28.875
01 29.0
02 29.25
04 29.375
08 29.5
01 29.625
08 30.125
01 30.25
08 30.5
01 30.625
04 30.75
02 30.875
08 31.0
04 31.125
02 31.25
04 31.375
08 31.5
08 31.75
01 32.0
04 32.125
01 32.25
04 32.375
02 32.5
08 32.75
04 32.875
02 33.0
04 33.25
08 33.375
01 33.75
04 33.875
02 34.125
08 34.25
09 34.5
02 34.625
04 34.75
02 34.875
04 35.0
08 35.125
01 35.25
08 35.375
01 35.5
04 35.75
02 35.875
08 36.125
01 36.25
04 36.375
01 36.5
02 36.625
06 36.875
08 37.0
01 37.25
04 37.5
01 37.625
08 37.75
01 37.875
03 38.125
02 38.375
04 38.5
08 38.625
01 38.875
08 39.1875
01 39.5
03 40.0
10 40.375
10 40.75
03 41.25
08 41.5
04 41.666666666666664
02 41.75
04 42.0
05 42.375
04 42.75
01 42.875
06 43.25
01 43.5
08 43.666666666666664
01 43.75
05 44.0
05 44.375
01 44.5
12 45.0
12 45.375
08 45.5
09 46.0
09 46.375
01 46.5
06 47.0
06 47.375
04 47.5
09 48.0
01 48.25
08 48.416666666666664
04 48.5
04 48.75
06 49.0
02 49.25
01 49.5
08 49.666666666666664
01 49.75
04 50.0
02 50.25
08 50.416666666666664
01 50.5
02 50.75
03 51.0
01 51.25
08 51.5
02 51.666666666666664
08 51.75
01 51.916666666666664
02 52.0
02 52.25
04 52.5
04 52.75
08 53.0
08 53.25
01 53.5
01 53.75
08 54.0
02 54.125
08 54.25
02 54.375
04 54.5
01 54.625
04 54.75
01 54.875
08 55.0
01 55.0625
08 55.125
01 55.1875
08 55.25
01 55.3125
08 55.375
01 55.4375
02 55.5
02 55.875
12 56.0
03 56.375
09 56.75
09 57.0
10 57.25
10 57.5
08 57.75
04 58.0
01 58.125
04 58.375
08 58.75
02 59.0
01 59.125
02 59.375
10 60.0
09 60.375
03 60.75
03 61.0
06 61.25
06 61.5
01 61.75
04 62.0
08 62.125
04 62.375
01 62.75
02 63.0
08 63.25
02 63.375
04 64.0
08 64.125
01 64.25
04 64.375
02 64.5
08 64.75
09 65.25
02 65.5
04 65.75
08 66.0
01 66.125
04 66.25
01 66.375
02 66.5
06 66.75
06 67.0
12 67.25
12 67.75
01 68.0
04 68.125
01 68.25
08 68.375
04 68.5
02 68.75
04 69.25
08 69.5
01 69.75
04 70.0
02 70.125
08 70.25
01 70.5
09 70.75
04 70.875
02 71.0
02 71.125
01 71.25
08 71.375
02 71.5
06 71.75
01 71.875
08 72.0
01 72.25
04 72.375
02 72.5
08 72.75
02 72.875
08 73.125
01 73.25
02 73.375
04 73.625
02 73.75
01 73.875
08 74.125
02 74.25
08 74.375
04 74.5
02 74.75
01 74.875
08 75.125
01 75.25
04 75.375
01 75.625
02 75.75
04 75.875
08 76.0
01 76.25
04 76.375
02 76.5
08 76.75
04 76.875
08 77.125
02 77.25
04 77.375
02 77.625
08 77.75
04 77.875
02 78.0
01 78.125
02 78.25
01 78.375
08 78.5
01 78.75
04 78.875
02 79.0
08 79.125
02 79.25
08 79.375
01 79.625
02 79.75
04 79.875
08 80.0
04 80.14634146341463
08 80.29268292682927
01 80.4390243902439
04 80.58536585365853
02 80.8780487804878
08 81.17073170731707
01 81.3170731707317
02 81.65853658536585
04 81.90243902439025
02 82.0
04 82.13333333333334
08 82.26666666666667
01 82.4
08 82.66666666666667
02 82.8
04 83.06666666666666
02 83.2
04 83.33333333333333
01 83.46666666666667
08 83.73333333333333
04 83.86666666666666
02 84.0
01 84.125
08 84.25
01 84.375
04 84.5
02 84.75
08 84.875
02 85.125
08 85.25
01 85.375
02 85.625
04 85.75
08 85.875
01 86.125
08 86.25
02 86.375
04 86.5
02 86.75
08 86.875
02 87.125
04 87.25
01 87.375
02 87.5
06 88.0
08 88.125
04 88.25
08 88.375
01 88.5
04 88.75
02 88.875
04 89.125
01 89.25
08 89.375
01 89.625
02 89.75
04 89.875
08 90.125
04 90.25
08 90.375
01 90.5
04 90.75
02 90.875
04 91.125
01 91.25
08 91.375
04 91.5
12 92.0
09 92.375
04 92.625
02 92.75
08 92.875
01 93.0
02 93.125
01 93.375
08 93.625
01 93.75
05 94.0
06 94.375
08 94.625
04 94.75
02 94.875
01 95.0
04 95.125
02 95.375
04 95.625
01 95.75
09 96.0
12 96.375
02 96.625
04 96.75
08 96.875
02 97.0
04 97.125
02 97.375
08 97.625
01 97.75
08 98.0
02 98.125
08 98.25
01 98.5
03 98.75
04 98.875
08 99.0
08 99.125
02 99.25
04 99.375
02 99.5
09 100.0
08 100.25
04 100.5
02 100.625
01 100.75
08 100.875
02 101.125
08 101.375
01 101.5
01 101.75
02 102.0
02 102.25
04 102.5
02 102.625
01 102.75
08 103.0
02 103.125
04 103.25
01 103.375
08 103.5
08 103.75
12 104.25
03 104.625
09 105.0
08 105.25
01 105.375
04 105.5
02 105.625
04 105.75
01 106.0
01 106.25
08 106.5
04 106.625
08 106.75
02 106.875
04 107.0
01 107.125
04 107.375
02 107.625
08 107.875
01 108.125
02 108.25
01 108.375
08 108.5
04 108.75
08 108.875
02 109.0
04 109.25
01 109.375
08 109.5
04 109.625
08 109.75
01 109.875
04 110.125
02 110.25
10 110.5
01 110.625
08 110.75
01 110.875
02 111.0
04 111.125
02 111.25
04 111.375
08 111.5
01 111.75
04 111.875
02 112.125
04 112.25
02 112.375
08 112.5
01 112.625
02 112.75
04 112.875
08 113.0
08 113.25
01 113.5
04 113.625
01 113.75
08 113.875
04 114.125
06 114.375
01 114.5
08 114.625
02 114.875
04 115.1875
01 115.5
