TITLE Zi-Zi's Journey
BPM   140.001
NOTES
0002 6.9650938779008715
1003 8.250798980007286
0010 8.465083163691688
0200 8.67936734737609
0301 9.107935714744894
1000 9.322219898429296
0200 9.536504082113698
0320 9.965072449482504
0032 10.393640816851308
1000 10.715067092377911
1000 11.036493367904514
1000 11.357919643431117
1000 11.679345918957722
1003 12.000772194484325
0001 12.107914286326526
1100 12.53648265369533
0011 12.965051021064134
1001 13.39361938843294
1000 13.607903572117342
0001 13.822187755801744
0010 14.036471939486146
0100 14.250756123170548
0010 14.46504030685495
0002 14.679324490539353
1003 15.107892857908158
0010 15.32217704159256
0100 15.536461225276962
0001 15.750745408961365
2000 15.965029592645767
3200 16.39359796001457
0320 16.822166327383375
0032 17.25073469475218
1000 17.572160970278784
1003 17.893587245805385
0020 18.107871429489787
0230 18.53643979685859
0301 18.9650081642274
0010 19.1792923479118
0100 19.393576531596203
0010 19.607860715280605
0002 19.822144898965007
1003 20.25071326633381
0010 20.464997450018213
1000 20.679281633702615
0100 20.893565817387017
1000 21.10785000107142
0100 21.32213418475582
0020 21.536418368440224
0031 21.964986735809028
0100 22.17927091949343
0010 22.393555103177835
0100 22.607839286862237
0002 22.82212347054664
2003 23.250691837915443
3020 23.679260205284248
2030 24.10782857265305
0001 24.429254848179657
3001 24.750681123706258
0100 24.96496530739066
0010 25.179249491075062
2000 25.393533674759464
3001 25.82210204212827
0100 25.929244133970474
0001 26.036386225812674
0100 26.143528317654877
0001 26.250670409497076
1000 26.464954593181478
0100 26.67923877686588
0010 26.786380868708083
0001 26.893522960550282
0010 27.000665052392485
0100 27.107807144234684
1000 27.214949236076887
0001 27.322091327919086
1000 27.42923341976129
0002 27.536375511603488
1003 27.964943878972292
0100 28.179228062656694
0020 28.393512246341096
0031 28.8220806137099
1000 29.036364797394302
0010 29.250648981078704
0100 29.464933164763107
0001 29.67921734844751
1000 29.89350153213191
0002 30.107785715816313
2003 30.536354083185117
3010 30.964922450553924
0100 31.179206634238327
0001 31.39349081792273
0100 31.60777500160713
0010 31.822059185291533
1000 32.036343368975935
0001 32.25062755266033
0010 32.46491173634474
0100 32.67919592002914
0010 32.78633801187134
0001 32.89348010371354
0010 33.00062219555574
0100 33.10776428739794
0010 33.21490637924014
0001 33.32204847108235
0010 33.429190562924546
0001 33.536332654766746
1000 33.643474746608945
0010 33.75061683845115
0100 33.85775893029335
0001 33.96490102213555
0100 34.07204311397775
0010 34.179185205819955
0100 34.286327297662154
0001 34.393469389504354
1000 34.60775357318876
0010 34.82203775687316
0100 35.03632194055756
0020 35.25060612424196
1030 35.679174491610766
0001 35.89345867529517
0010 36.10774285897958
0100 36.32202704266398
2000 36.53631122634838
3002 36.964879593717185
0203 37.39344796108599
0301 37.822016328454794
1000 38.0363005121392
0001 38.2505846958236
1000 38.464868879508
0100 38.6791530631924
1000 38.89343724687681
0100 39.107721430561206
1000 39.32200561424561
0001 39.53628979793001
0100 39.750573981614416
0001 39.964858165298814
1000 40.17914234898322
0010 40.28628444082542
0100 40.39342653266762
0001 40.607710716352024
0010 40.82199490003642
0100 41.03627908372083
1000 41.14342117556303
0001 41.25056326740523
0100 41.357705359247426
0010 41.46484745108963
0100 41.57198954293183
0001 41.67913163477403
0100 41.78627372661623
0010 41.893415818458436
1000 42.000557910300635
0001 42.107700002142835
0010 42.214842093985034
0100 42.32198418582724
1000 42.42912627766944
0100 42.53626836951164
0010 42.64341046135384
0100 42.750552553196044
1000 42.857694645038244
0001 42.96483673688044
0100 43.07197882872264
0001 43.17912092056485
1000 43.28626301240705
0001 43.39340510424925
0100 43.500547196091446
0010 43.60768928793365
0100 43.71483137977585
0001 43.82197347161805
1000 43.92911556346025
0100 44.03625765530246
1000 44.143399747144656
0001 44.250541838986855
1000 44.357683930829054
0100 44.46482602267126
0010 44.57196811451346
0001 44.679110206355666
0100 44.786252298197866
0010 44.89339439004007
1000 45.00053648188227
0010 45.10767857372447
0100 45.21482066556667
0001 45.321962757408876
0100 45.429104849251075
0001 45.536246941093275
1000 45.643389032935474
0100 45.75053112477768
1000 45.85767321661988
0100 45.96481530846208
0010 46.07195740030428
0100 46.179099492146484
0010 46.286241583988684
0001 46.39338367583088
1000 46.50052576767308
0010 46.60766785951529
1000 46.71480995135749
0001 46.82195204319969
0100 46.929094135041886
0010 47.03623622688409
0100 47.14337831872629
0001 47.25052041056849
0010 47.35766250241069
0100 47.4648045942529
0010 47.571946686095096
0001 47.679088777937295
0010 47.786230869779494
0100 47.8933729616217
1000 48.0005150534639
0001 48.1076571453061
0100 48.2147992371483
0001 48.321941328990505
1000 48.429083420832704
0010 48.5362255126749
0100 48.6433676045171
0010 48.75050969635931
1000 48.85765178820151
0001 48.96479388004371
0010 49.07193597188591
0100 49.17907806372811
0010 49.28622015557031
0001 49.39336224741251
1000 49.50050433925471
0100 49.60764643109692
0010 49.714788522939116
0001 49.821930614781316
1000 49.929072706623515
0010 50.03621479846572
0100 50.14335689030792
0010 50.25049898215012
1000 50.35764107399232
0001 50.464783165834525
0100 50.571925257676725
0001 50.679067349518924
0010 50.78620944136112
0100 50.89335153320333
1000 51.00049362504553
0100 51.10763571688773
0010 51.21477780872993
0001 51.321919900572134
1000 51.42906199241433
0001 51.53620408425654
0100 51.64334617609874
0010 51.750488267940945
0100 51.857630359783144
0001 51.96477245162534
1000 52.07191454346754
0010 52.17905663530975
0100 52.28619872715195
0001 52.39334081899415
0010 52.50048291083635
0100 52.60762500267855
1000 52.71476709452075
0001 52.82190918636295
1000 53.03619337004736
0200 53.250477553731756
0010 53.57190382925836
0010 53.893330104784965
0320 54.107614288469364
0100 54.53618265583817
0031 54.96475102320697
1000 55.07189311504917
0010 55.17903520689138
0100 55.28617729873358
0001 55.393319390575776
0010 55.500461482417975
0100 55.60760357426018
0010 55.71474566610238
0002 55.82188775794458
2003 56.250456125313384
3010 56.67902449268219
0100 56.78616658452439
0001 56.893308676366594
0100 57.00045076820879
0001 57.10759286005099
0010 57.21473495189319
0100 57.3218770437354
1000 57.4290191355776
0002 57.5361612274198
1003 57.9647295947886
1000 58.179013778473006
0001 58.286155870315206
0100 58.393297962157405
0010 58.500440053999604
1000 58.60758214584181
1000 58.82186632952621
0001 59.036150513210615
0010 59.143292605052814
0100 59.25043469689501
0100 59.46471888057942
0010 59.67900306426382
0001 59.89328724794822
1000 60.10757143163263
0010 60.321855615317034
0100 60.42899770715923
0010 60.53613979900143
1000 60.75042398268584
0001 60.85756607452804
1000 60.96470816637024
0001 61.071850258212436
1000 61.28613444189684
0200 61.39327653373904
0310 61.821844901107845
0001 61.928986992950044
0010 62.03612908479225
0100 62.14327117663445
0010 62.25041326847665
0001 62.35755536031885
1000 62.464697452161055
0001 62.571839544003254
0200 62.67898163584545
0302 63.10755000321426
1003 63.53611837058306
0010 63.64326046242526
1000 63.75040255426747
0100 63.857544646109666
1000 63.964686737951865
0001 64.07182882979407
0100 64.17897092163628
0001 64.28611301347847
0200 64.39325510532068
0310 64.82182347268949
0010 65.03610765637389
1000 65.14324974821608
0002 65.25039184005828
0013 65.6789602074271
0100 65.78610229926929
1000 65.8932443911115
0100 66.00038648295369
2000 66.1075285747959
3001 66.7503811258491
0100 66.9646653095335
0010 67.07180740137571
0010 67.2860915850601
1000 67.39323367690231
0001 67.5003757687445
1000 67.60751786058671
0001 67.7146599524289
0010 67.82180204427111
0100 68.03608622795551
1000 68.25037041163992
0100 68.35751250348211
1000 68.46465459532432
0001 68.57179668716651
0100 68.67893877900872
0010 68.78608087085092
1000 68.89322296269312
0010 69.00036505453532
0100 69.10750714637753
0001 69.21464923821972
1000 69.32179133006193
0100 69.42893342190412
0010 69.53607551374633
0001 69.75035969743072
2000 69.96464388111514
3001 70.39321224848393
0100 70.50035434032614
0001 70.60749643216833
1000 70.71463852401054
0100 70.82178061585275
0010 70.92892270769494
0001 71.03606479953714
0010 71.14320689137934
0001 71.25034898322154
1000 71.46463316690594
0010 71.67891735059035
0010 71.89320153427475
0100 72.00034362611694
0010 72.10748571795916
1000 72.21462780980137
0001 72.32176990164356
0001 72.53605408532798
1000 72.75033826901237
0010 72.85748036085457
0100 72.96462245269677
0100 73.17890663638117
0001 73.39319082006558
1000 73.60747500374998
0001 73.82175918743438
0010 73.92890127927659
0100 74.03604337111878
0010 74.14318546296099
0001 74.25032755480319
1000 74.35746964664538
0010 74.46461173848759
0100 74.57175383032978
0010 74.67889592217199
1000 74.7860380140142
0001 75.0003221976986
0200 75.1074642895408
0310 75.5360326569096
1000 75.6431747487518
0001 75.750316840594
1000 75.8574589324362
0100 75.96460102427841
1000 76.0717431161206
0001 76.17888520796281
0010 76.286027299805
0001 76.3931693916472
1000 76.6074535753316
0020 76.82173775901602
0130 77.25030612638481
0001 77.35744821822702
1000 77.46459031006921
0100 77.57173240191142
1000 77.67887449375363
0001 77.78601658559582
0100 77.89315867743802
0010 78.00030076928022
0100 78.10744286112242
0001 78.32172704480682
1000 78.53601122849123
1000 78.75029541217563
0100 78.85743750401782
0020 78.96457959586003
0031 79.60743214691324
1000 79.71457423875543
0010 79.82171633059764
0100 80.03600051428204
0001 80.25028469796645
1000 80.46456888165085
0001 80.67885306533525
0010 80.78599515717745
0010 81.00027934086185
0100 81.10742143270406
1000 81.32170561638846
0001 81.42884770823065
0100 81.53598980007285
0010 81.75027398375725
1000 81.96455816744167
0100 82.17884235112606
0010 82.28598444296826
0001 82.39312653481046
1000 82.50026862665267
0010 82.60741071849486
0100 82.71455281033707
0010 82.82169490217927
1000 82.92883699402147
0001 83.03597908586367
1000 83.14312117770586
0001 83.25026326954807
0100 83.46454745323247
0020 83.67883163691688
1030 84.10740000428568
0100 84.21454209612789
0010 84.32168418797008
0001 84.42882627981228
0010 84.53596837165449
0001 84.64311046349668
1000 84.75025255533889
0010 84.85739464718108
0100 84.96453673902329
0001 85.17882092270769
1000 85.3931051063921
1000 85.6073892900765
0100 85.71453138191869
0020 85.8216734737609
0031 86.4645260248141
1000 86.6788102084985
0010 86.8930943921829
0200 87.10737857586732
0301 87.53594694323613
0010 87.64308903507833
0001 87.75023112692053
0010 87.85737321876273
0100 87.96451531060494
1000 88.07165740244713
0001 88.17879949428934
0100 88.28594158613153
0001 88.39308367797373
1000 88.50022576981594
0010 88.60736786165813
0100 88.71450995350034
0010 88.82165204534255
1000 89.03593622902694
0001 89.25022041271134
0100 89.35736250455355
0010 89.46450459639574
0100 89.57164668823795
0001 89.67878878008015
1000 89.78593087192235
0100 89.89307296376455
0010 90.00021505560674
0002 90.10735714744895
1003 90.53592551481776
0010 90.75020969850216
0100 90.96449388218656
0001 91.07163597402877
0010 91.17877806587096
0001 91.28592015771316
1000 91.39306224955537
0010 91.50020434139756
0100 91.60734643323977
0010 91.71448852508196
2000 91.82163061692417
3002 92.25019898429298
0013 92.67876735166178
0100 92.89305153534617
1000 93.10733571903059
0001 93.21447781087278
1000 93.32161990271499
0001 93.42876199455718
2000 93.53590408639938
3200 93.9644724537682
0310 94.39304082113699
0001 94.5001829129792
0001 94.7144670966636
1000 94.8216091885058
0010 94.928751280348
0100 95.0358933721902
0010 95.1430354640324
1000 95.2501775558746
0001 95.464461739559
1000 95.67874592324341
0100 95.7858880150856
0010 95.89303010692781
0001 96.00017219877
1000 96.10731429061221
0010 96.21445638245442
0100 96.32159847429661
0001 96.42874056613881
1000 96.53588265798102
0001 96.64302474982321
0010 96.75016684166542
0100 96.85730893350761
2000 96.96445102534982
3001 97.82158776008743
0100 97.92872985192963
0010 98.03587194377182
0100 98.14301403561403
0001 98.25015612745624
1000 98.35729821929843
0100 98.46444031114063
0010 98.57158240298283
0200 98.67872449482503
1300 99.10729286219384
1000 99.32157704587824
0001 99.42871913772044
0100 99.53586122956264
0010 99.75014541324704
0010 99.96442959693145
1000 100.17871378061585
1001 100.39299796430025
0001 100.82156633166906
1000 101.25013469903786
0001 101.46441888272226
0100 101.57156097456446
0001 101.67870306640667
1000 101.89298725009107
0010 102.00012934193326
0100 102.10727143377547
0001 102.21441352561767
0010 102.42869770930207
0100 102.53583980114428
1000 102.75012398482868
0001 102.85726607667087
1000 102.96440816851309
0100 103.0715502603553
0010 103.17869235219749
0100 103.2858344440397
1000 103.3929765358819
0001 103.50011862772409
0010 103.6072607195663
0100 103.71440281140849
1000 103.8215449032507
0001 104.0358290869351
0200 104.25011327061951
0301 104.6786816379883
1000 104.78582372983051
0010 104.8929658216727
1000 105.00010791351491
0001 105.10725000535712
0100 105.21439209719931
0010 105.32153418904151
0100 105.4286762808837
0001 105.53581837272591
1000 105.75010255641031
0020 105.96438674009472
0230 106.39295510746352
0301 107.03580765851673
0010 107.25009184220113
0100 107.46437602588553
0010 107.67866020956994
0001 107.89294439325434
2000 108.10722857693874
3100 108.53579694430755
0010 108.75008112799195
0001 108.85722321983414
2000 108.96436531167635
3020 109.39293367904516
0330 111.53577551588917
