TITLE Zombie Maker
BPM   140.0
NOTES
01 6.857142857142857
08 7.071428571428571
01 7.178571428571428
04 7.392857142857142
01 7.5
08 7.7142857142857135
04 7.821428571428571
02 8.035714285714285
01 8.142857142857142
08 8.357142857142858
01 8.464285714285714
08 8.678571428571429
04 8.785714285714285
02 9.0
04 9.107142857142858
08 9.321428571428571
01 9.428571428571429
04 9.642857142857142
02 9.75
04 9.964285714285714
01 10.071428571428571
08 10.285714285714285
04 10.392857142857142
02 10.607142857142856
04 10.714285714285714
02 10.928571428571427
01 11.035714285714285
08 11.249999999999998
01 11.357142857142856
04 11.57142857142857
02 11.678571428571427
04 11.892857142857142
01 12.0
08 12.214285714285714
04 12.321428571428571
04 12.535714285714285
04 12.75
02 12.857142857142858
01 13.285714285714285
09 13.714285714285714
02 14.142857142857142
10 14.571428571428571
08 15.0
01 15.64285714285714
02 15.857142857142856
06 16.285714285714285
12 17.142857142857142
08 17.785714285714285
10 18.0
02 18.428571428571427
04 19.071428571428573
01 19.285714285714285
09 19.714285714285715
12 20.57142857142857
04 20.999999999999996
06 21.428571428571427
02 21.857142857142854
01 22.5
08 22.71428571428571
09 23.142857142857142
05 24.0
04 24.642857142857142
06 24.857142857142858
09 25.285714285714285
08 25.71428571428571
01 25.928571428571427
04 26.035714285714285
02 26.249999999999996
08 26.46428571428571
04 26.57142857142857
02 26.785714285714285
01 26.89285714285714
02 26.999999999999996
01 27.14285714285714
08 27.285714285714285
01 27.428571428571427
03 27.857142857142854
04 28.07142857142857
08 28.285714285714285
01 28.5
04 28.607142857142854
02 28.71428571428571
08 28.928571428571427
01 29.142857142857142
02 29.357142857142858
01 29.57142857142857
09 29.892857142857142
02 30.0
04 30.107142857142858
02 30.214285714285715
08 30.32142857142857
04 30.428571428571427
02 30.535714285714285
01 30.642857142857142
08 30.75
01 30.857142857142854
04 30.96428571428571
02 31.07142857142857
08 31.28571428571428
04 31.39285714285714
02 31.499999999999996
04 31.71428571428571
08 31.928571428571423
01 32.14285714285714
08 32.25
02 32.357142857142854
04 32.46428571428571
01 32.57142857142857
02 32.67857142857142
04 32.785714285714285
08 32.89285714285714
01 33.0
08 33.107142857142854
02 33.214285714285715
04 33.32142857142857
02 33.42857142857142
08 33.535714285714285
01 33.75
08 33.857142857142854
01 34.07142857142857
02 34.17857142857142
04 34.285714285714285
08 34.39285714285714
01 34.5
04 34.607142857142854
02 34.82142857142857
08 35.035714285714285
04 35.14285714285714
02 35.25
01 35.357142857142854
08 35.57142857142857
09 35.89285714285714
04 36.0
02 36.107142857142854
08 36.214285714285715
01 36.32142857142857
02 36.535714285714285
04 36.642857142857146
08 36.75
01 36.857142857142854
04 37.0
02 37.142857142857146
08 37.285714285714285
01 37.42857142857143
02 37.57142857142857
04 37.714285714285715
08 37.85714285714286
04 38.0
02 38.142857142857146
01 38.285714285714285
08 38.42857142857143
01 38.57142857142857
04 38.714285714285715
02 38.85714285714286
04 39.0
01 39.142857142857146
08 39.285714285714285
01 39.42857142857142
08 39.64285714285714
02 39.74999999999999
08 39.96428571428571
04 40.17857142857142
02 40.28571428571428
01 40.49999999999999
08 40.607142857142854
01 40.71428571428571
09 41.14285714285714
02 41.24999999999999
08 41.357142857142854
01 41.410714285714285
08 41.46428571428571
01 41.51785714285714
08 41.57142857142857
04 41.67857142857142
02 41.785714285714285
01 41.89285714285714
08 41.99999999999999
02 42.107142857142854
04 42.21428571428571
01 42.32142857142857
08 42.42857142857142
04 42.482142857142854
08 42.535714285714285
04 42.58928571428571
08 42.64285714285714
01 42.74999999999999
02 42.857142857142854
04 42.96428571428571
08 43.07142857142857
01 43.17857142857142
04 43.285714285714285
02 43.39285714285714
08 43.5
04 43.607142857142854
02 43.71428571428571
04 43.82142857142857
08 43.92857142857142
01 44.035714285714285
08 44.14285714285714
02 44.25
04 44.357142857142854
01 44.46428571428571
08 44.57142857142857
01 44.67857142857142
08 44.785714285714285
04 44.839285714285715
08 44.89285714285714
04 44.94642857142857
08 45.0
01 45.107142857142854
02 45.214285714285715
01 45.32142857142857
04 45.42857142857142
02 45.535714285714285
08 45.64285714285714
02 45.75
08 45.857142857142854
01 45.910714285714285
08 45.964285714285715
01 46.01785714285714
08 46.07142857142857
04 46.17857142857142
02 46.285714285714285
01 46.39285714285714
04 46.5
02 46.607142857142854
08 46.714285714285715
01 46.82142857142857
08 46.92857142857143
04 47.035714285714285
02 47.14285714285714
01 47.25
04 47.357142857142854
02 47.464285714285715
04 47.57142857142857
01 47.67857142857143
02 47.785714285714285
04 47.89285714285714
08 48.0
01 48.107142857142854
08 48.214285714285715
02 48.267857142857146
08 48.32142857142857
02 48.375
08 48.42857142857143
01 48.535714285714285
08 48.642857142857146
04 48.75
02 48.857142857142854
01 48.964285714285715
04 49.07142857142857
02 49.17857142857143
08 49.285714285714285
01 49.339285714285715
08 49.392857142857146
01 49.44642857142857
08 49.5
04 49.607142857142854
02 49.71428571428571
01 49.82142857142856
08 49.92857142857142
02 50.03571428571428
04 50.14285714285714
01 50.24999999999999
08 50.357142857142854
01 50.46428571428571
02 50.57142857142856
04 50.67857142857142
02 50.78571428571428
01 50.89285714285714
08 50.99999999999999
02 51.107142857142854
04 51.21428571428571
01 51.32142857142856
08 51.42857142857142
04 51.53571428571428
02 51.64285714285714
01 51.74999999999999
08 51.857142857142854
01 52.07142857142857
04 52.28571428571428
02 52.39285714285714
08 52.49999999999999
01 52.71428571428571
02 52.92857142857142
04 53.14285714285714
08 53.357142857142854
01 53.46428571428571
04 53.67857142857142
02 53.89285714285714
04 53.99999999999999
01 54.21428571428571
08 54.32142857142857
01 54.42857142857142
09 54.857142857142854
02 55.285714285714285
10 55.71428571428571
08 56.14285714285714
01 56.785714285714285
02 57.0
06 57.42857142857142
12 58.285714285714285
08 58.92857142857143
10 59.14285714285714
02 59.57142857142857
04 60.214285714285715
01 60.42857142857143
09 60.857142857142854
08 61.71428571428571
01 61.92857142857142
04 62.03571428571428
02 62.24999999999999
08 62.357142857142854
01 62.57142857142856
02 62.67857142857142
04 62.89285714285714
02 62.99999999999999
01 63.21428571428571
08 63.32142857142856
01 63.53571428571428
04 63.64285714285714
02 63.857142857142854
08 63.96428571428571
04 64.17857142857142
02 64.28571428571428
04 64.5
08 64.60714285714285
01 64.82142857142857
08 64.92857142857142
02 65.14285714285714
04 65.25
01 65.46428571428571
02 65.57142857142857
01 65.78571428571428
08 65.89285714285714
04 66.10714285714285
02 66.21428571428571
04 66.42857142857143
08 66.53571428571428
01 66.75
08 66.85714285714285
01 67.07142857142856
09 67.71428571428571
10 68.57142857142857
04 68.78571428571428
01 69.32142857142857
08 69.42857142857143
01 69.64285714285714
02 70.17857142857143
04 70.28571428571428
02 72.0
01 72.21428571428571
08 72.75
02 72.85714285714286
08 73.07142857142857
04 73.39285714285714
02 73.60714285714286
01 73.71428571428571
09 75.0
09 75.42857142857143
04 75.85714285714286
02 76.28571428571429
08 76.71428571428572
04 77.14285714285714
02 77.57142857142857
01 78.0
08 78.42857142857143
02 78.85714285714285
04 79.28571428571428
01 79.71428571428571
08 80.14285714285714
01 80.57142857142857
02 81.21428571428571
01 81.85714285714286
08 82.28571428571428
02 82.71428571428571
04 83.14285714285714
01 83.57142857142857
08 84.0
04 84.42857142857143
02 84.85714285714286
01 85.28571428571429
02 85.71428571428571
01 86.14285714285714
04 86.57142857142857
02 87.0
04 87.42857142857143
01 88.07142857142857
04 88.71428571428572
01 88.85714285714286
08 89.0
01 89.14285714285714
05 89.57142857142857
02 89.78571428571428
08 90.0
01 90.21428571428571
02 90.32142857142857
04 90.42857142857143
08 90.64285714285714
01 90.85714285714285
04 91.07142857142856
01 91.28571428571428
09 91.60714285714285
04 91.71428571428571
02 91.82142857142856
04 91.92857142857142
08 92.03571428571428
02 92.14285714285714
04 92.24999999999999
01 92.35714285714285
08 92.46428571428571
01 92.57142857142857
02 92.67857142857143
04 92.78571428571428
08 93.0
02 93.10714285714286
04 93.21428571428571
02 93.42857142857143
08 93.64285714285714
01 93.85714285714286
08 93.96428571428571
04 94.07142857142857
02 94.17857142857143
01 94.28571428571428
04 94.39285714285714
02 94.49999999999999
08 94.60714285714285
01 94.71428571428571
08 94.82142857142857
04 94.92857142857142
02 95.03571428571428
04 95.14285714285714
08 95.24999999999999
01 95.46428571428571
08 95.57142857142857
01 95.78571428571428
04 95.89285714285714
02 96.0
08 96.10714285714286
01 96.21428571428571
02 96.32142857142857
04 96.53571428571429
08 96.75
02 96.85714285714286
04 96.96428571428571
01 97.07142857142857
08 97.28571428571429
09 97.60714285714286
02 97.71428571428571
04 97.82142857142857
08 97.92857142857142
01 98.03571428571428
04 98.25
02 98.35714285714285
08 98.46428571428571
01 98.57142857142857
02 98.71428571428571
04 98.85714285714285
08 99.0
01 99.14285714285714
04 99.28571428571428
02 99.42857142857142
08 99.57142857142856
02 99.71428571428571
04 99.85714285714285
01 99.99999999999999
08 100.14285714285712
01 100.28571428571428
02 100.42857142857142
04 100.57142857142856
02 100.71428571428571
01 100.85714285714285
08 100.99999999999999
01 101.14285714285714
04 101.28571428571428
02 101.42857142857143
08 101.57142857142857
02 101.71428571428571
04 101.85714285714285
01 102.0
02 102.14285714285714
04 102.28571428571428
08 102.42857142857143
04 102.57142857142857
02 102.71428571428571
01 102.85714285714285
08 103.07142857142856
02 103.28571428571428
04 103.49999999999999
05 103.71428571428571
01 103.92857142857142
02 104.14285714285714
04 104.35714285714285
08 104.57142857142857
01 104.78571428571428
04 105.0
02 105.21428571428571
06 105.42857142857143
04 105.64285714285714
01 105.85714285714286
08 106.07142857142857
04 106.28571428571428
02 106.49999999999999
01 106.71428571428571
02 106.92857142857142
03 107.14285714285714
01 107.35714285714285
08 107.57142857142857
02 107.78571428571428
04 108.0
01 108.21428571428571
02 108.42857142857143
04 108.64285714285714
12 108.85714285714286
08 109.07142857142857
01 109.28571428571429
04 109.5
02 109.71428571428571
08 109.92857142857142
01 110.14285714285714
08 110.35714285714285
12 110.57142857142857
04 110.78571428571428
02 111.0
01 111.21428571428571
08 111.42857142857142
01 111.64285714285712
04 111.85714285714285
02 112.07142857142856
10 112.28571428571428
08 112.49999999999999
04 112.71428571428571
02 112.92857142857142
01 113.14285714285714
02 113.35714285714285
01 113.57142857142857
04 113.78571428571428
05 114.0
01 114.21428571428571
02 114.42857142857143
04 114.64285714285714
08 114.85714285714285
02 115.07142857142856
04 115.28571428571428
01 115.49999999999999
09 115.71428571428571
08 115.92857142857142
04 116.14285714285714
02 116.35714285714285
01 116.57142857142857
02 116.78571428571428
04 117.0
08 117.21428571428571
12 117.42857142857143
04 117.64285714285714
08 117.85714285714286
01 118.07142857142857
04 118.28571428571428
02 118.49999999999999
08 118.71428571428571
01 118.92857142857142
03 119.14285714285714
02 119.35714285714285
04 119.57142857142857
08 119.78571428571428
01 120.0
04 120.21428571428571
01 120.42857142857143
08 120.64285714285714
12 120.85714285714286
04 121.07142857142857
02 121.28571428571429
01 121.5
08 121.71428571428571
02 121.92857142857142
04 122.14285714285714
01 122.35714285714285
09 122.57142857142857
08 122.78571428571428
04 123.0
02 123.21428571428571
01 123.42857142857142
08 123.64285714285712
01 123.85714285714285
04 124.07142857142856
06 124.28571428571428
02 124.49999999999999
10 124.71428571428571
08 124.92857142857142
04 125.14285714285714
06 125.35714285714285
03 125.57142857142857
01 125.78571428571428
09 126.0
08 126.21428571428571
02 126.42857142857143
04 126.64285714285714
02 126.85714285714285
08 127.07142857142856
04 127.28571428571428
02 127.49999999999999
03 127.71428571428571
01 127.92857142857142
09 128.14285714285714
08 128.35714285714283
02 128.57142857142856
06 128.78571428571428
05 128.99999999999997
01 129.2142857142857
09 129.42857142857142
08 129.64285714285714
04 129.85714285714283
02 130.07142857142856
03 130.28571428571428
01 130.7142857142857
10 131.14285714285714
01 131.57142857142856
08 132.0
02 132.21428571428572
04 132.42857142857142
09 132.85714285714286
02 133.28571428571428
09 133.7142857142857
01 133.92857142857142
08 134.03571428571428
01 134.1428571428571
08 134.35714285714283
01 134.57142857142856
02 134.67857142857142
04 134.78571428571428
08 134.99999999999997
01 135.2142857142857
04 135.32142857142856
02 135.42857142857142
08 135.64285714285714
04 135.85714285714283
02 135.9642857142857
01 136.07142857142856
08 136.28571428571428
02 136.5
04 136.60714285714283
01 136.7142857142857
09 137.14285714285714
08 137.57142857142856
06 138.0
01 138.42857142857142
04 138.85714285714286
02 139.07142857142858
08 139.28571428571428
05 139.71428571428572
08 140.14285714285714
09 140.57142857142856
02 140.78571428571428
04 140.89285714285714
08 140.99999999999997
01 141.2142857142857
04 141.42857142857142
02 141.53571428571428
08 141.64285714285714
09 142.28571428571428
04 142.5
02 142.60714285714286
02 142.82142857142856
02 143.03571428571428
08 143.14285714285714
09 143.57142857142856
06 144.0
06 144.85714285714286
