0.1
0.32
0.42
0.66
0.75
0.98
1.08
1.32
1.41
1.65
1.74
1.98
2.07
2.31
2.4
2.64
2.73
2.89
2.97
3.06
3.22
3.3
3.39
3.56
3.63
3.72
3.88
4.05
4.38
4.71
5.04
5.36
5.53
5.7
6.04
6.12
6.36
6.53
6.69
6.86
7.019999999999999
7.35
7.44
7.69
7.85
8.01
8.18
8.34
8.67
8.77
9.0
9.17
9.33
9.5
9.67
9.83
9.99
10.16
10.33
10.65
10.82
10.99
11.15
11.32
11.41
11.65
11.82
11.97
12.14
12.31
12.64
12.73
12.97
13.14
13.29
13.46
13.63
13.96
14.05
14.289999999999997
14.46
14.61
14.78
14.94
15.11
15.28
15.45
15.77
15.88
15.93
16.1
16.18
16.27
16.43
16.52
16.61
16.69
16.84
16.94
17.1
17.26
17.42
17.5
17.59
17.83
17.92
18.02
18.17
18.25
18.74
18.83
18.91
19.08
19.16
19.24
19.33
19.48
19.57
19.74
19.9
20.06
20.14
20.18
20.24
20.4
20.55
20.73
20.9
21.21
21.38
21.46
21.56
21.8
21.89
21.98
22.13
22.22
22.38
22.54
22.7
22.79
22.88
23.11
23.2
23.3
23.45
23.53
23.86
24.03
24.11
24.2
24.36
24.44
24.53
24.62
24.8
24.86
25.02
25.18
25.35
25.43
25.52
25.62
25.68
25.84
26.0
26.09
26.25
26.41
26.5
26.67
26.75
26.84
27.0
27.08
27.12
27.17
27.26
27.41
27.45
27.49
27.82
27.91
27.99
28.079999999999995
28.16
28.32
28.4
28.48
28.579999999999995
28.73
28.81
29.31
29.48
29.73
29.81
29.9
30.05
30.14
30.46
30.63
30.8
30.9
30.96
31.12
31.22
31.3
31.69
31.79
31.95
32.12
32.29
32.4
32.45
32.54
32.69
32.73
32.77
33.11
33.19
33.28
33.38
33.44
33.61
33.69
33.77
33.81
33.87
33.96
34.02
34.1
34.6
34.69
34.76
34.92
35.01
35.09
35.18
35.36
35.42
35.75
35.92
36.07
36.23
36.31
36.4
36.48
36.98
37.07
37.32
37.39
37.59
37.64
37.73
37.97
38.06
38.39
38.72
39.38
40.04
40.37
40.54
40.62
40.7
41.04
41.13
41.21
41.31
41.36
41.54
41.85
42.03
42.19
42.35
42.55
42.6
42.68
43.01
43.34
43.68
44.0
45.32
45.65
45.82
45.98
46.31
46.41
46.47
46.64
46.8
47.63
47.96
48.3
48.62
48.87
48.96
49.28
49.94
50.28
50.45
50.61
50.78
50.94
51.1
51.26
51.37
51.44
51.6
51.69
51.92
52.25
52.35
52.42
52.59
52.75
52.92
53.24
53.58
53.9
54.16
54.24
54.57
55.23
55.56
55.73
55.89
56.06
56.22
56.39
56.55
56.65999999999999
56.72
56.88
56.98
57.21
57.3
57.54
57.64
57.7
57.78
57.88
58.02
58.2
58.53
58.78
58.86
59.11
59.19
59.44
59.53
59.85
61.17
61.5
61.67
61.83
62.17
62.26
62.34
62.44
62.49
62.67
62.99
63.17
63.32
63.49
63.73
63.81
64.15
64.48
64.72
64.82
65.13
66.46
66.78
66.96
67.05
67.12
67.45
67.55
67.61
67.68
67.96
68.45
68.77
68.86
69.1
69.43
69.6
69.76
70.0
70.09
70.42
70.66
70.75
71.08
71.41
71.58
71.65
71.74
71.98
72.07
72.24
72.31
72.4
72.73
72.91
73.06
73.16
73.24
73.39
73.57
73.72
73.89
74.06
74.23
74.38
74.72
74.89
75.05
75.38
75.61
75.71
76.03
76.37
76.69
76.87
76.94
77.03
77.27
77.36
77.52
77.6
77.69
77.93
78.02
78.19
78.34
78.45
78.52
78.67
78.85
79.0
79.18
79.34
79.4
79.51
79.58
79.67
79.71
79.9
80.0
80.05
80.17
80.33
80.37
80.57
80.66
80.91
80.98
81.23
81.31
81.57
81.64
81.89
81.98
82.15
82.23
82.31
82.48
82.56
82.64
82.81
82.9
82.98
83.08
83.14
83.3
83.4
83.47
83.62
83.74
83.79
83.95
84.07
84.12
84.29
84.39
84.45
84.53
84.62
84.73
84.79
84.86
84.95
85.0
85.12
85.28
85.33
85.38
85.52
85.61
85.65
85.86
85.95
86.19
86.27
86.44
86.52
86.6
86.85
86.93
87.1
87.26
87.3
87.43
87.51
87.59
87.76
87.85
87.92
88.09
88.17
88.25
88.42
88.5
88.58
88.69
88.75
88.91
89.02
89.07
89.24
89.35
89.41
89.57
89.73
89.82
89.91
90.07
90.24
90.35
90.41
90.48
90.53
90.57
90.73
90.86
91.07
91.23
91.31
91.47
91.56
91.66
91.74
91.8
91.88
92.13
92.22
92.56
92.72
92.82
92.88
93.05
93.14
93.21
93.38
93.47
93.54
93.65
93.72
93.87
94.04
94.2
94.3
94.37
94.43
94.53
94.63
94.71
94.85
95.19
95.36
95.52
95.63
95.69
95.81
95.85
96.02
96.18
96.28
96.51
96.61
96.68
96.84
97.03
97.08
97.17
97.22
97.41
97.51
97.84
98.0
98.11
98.16
98.34
98.43
98.49
98.66
98.76
98.83
99.0
99.07
99.15
99.33
99.49
99.66
99.82
99.98
100.14
100.23
100.3
100.36
100.63
104.02
104.18
105.1
105.28
105.37
105.76
105.96
106.0
106.08
106.42
106.74
107.0
107.09
107.41
108.06
108.64
108.73
109.06
109.23
109.3
109.39
109.56999999999998
109.63
109.72
109.81999999999998
109.9
110.05
110.22
110.38
110.55
110.72
110.88
111.05
111.29
111.37
111.56999999999998
111.7
112.03
112.28
112.36
112.69
113.34
114.01
114.26
114.34
114.52
114.59
114.67
114.92
115.0
115.1
115.18
115.26
115.33
115.5
115.58
115.66
115.76
115.9
115.99
116.15
116.31999999999998
116.41
116.65
116.99
117.31
117.65
117.97
118.3
118.63
118.74
118.93
118.97
119.06
119.21
119.3
119.54
119.62
119.96
120.2
120.29
120.45
120.53
120.62
120.79
120.94
121.11
121.28
121.38
121.45
121.6
121.71
121.94
122.27
122.37
122.59
122.93
123.02
123.25
123.36
123.58
123.68
123.91
124.21
124.25
124.34
124.5
124.58
124.83
124.91
125.24
125.58
125.73
125.9
126.06
126.56
126.8
126.89
129.04
