TITLE 66 Marching Songs
BPM   122.0
NOTES
1001 7.853852459016394
0001 8.099754098360656
0100 8.345655737704917
0010 8.59155737704918
1000 8.837459016393442
0100 9.083360655737705
1000 9.329262295081966
0001 9.575163934426229
0100 9.821065573770491
0010 10.066967213114754
1000 10.189918032786885
0001 10.312868852459015
0010 10.558770491803278
0001 10.68172131147541
1000 10.80467213114754
0100 11.050573770491804
0010 11.296475409836065
0011 11.542377049180327
0101 11.788278688524588
0100 12.034180327868851
0010 12.280081967213112
1000 12.525983606557375
0100 12.771885245901638
0010 13.0177868852459
0001 13.140737704918031
1000 13.263688524590162
0010 13.509590163934424
1000 13.632540983606555
0001 13.755491803278687
0010 14.00139344262295
0100 14.247295081967211
0100 14.493196721311474
1000 14.616147540983604
1100 14.985
1010 15.23090163934426
0100 15.476803278688523
0011 15.722704918032786
0001 15.968606557377049
0100 16.21450819672131
0110 16.460409836065573
1000 16.706311475409834
0100 16.952213114754098
1000 17.19811475409836
0010 17.444016393442624
0101 17.689918032786885
0001 17.935819672131146
0010 18.18172131147541
0001 18.42762295081967
0100 18.550573770491802
0010 18.673524590163932
1000 18.919426229508197
0100 19.165327868852458
0010 19.41122950819672
1001 19.657131147540984
0010 19.903032786885245
0100 20.14893442622951
1001 20.39483606557377
0001 20.886639344262296
0001 21.132540983606557
0001 21.37844262295082
1000 21.624344262295082
0100 21.747295081967213
1000 21.870245901639343
0100 22.116147540983608
0010 22.36204918032787
0001 22.485
0001 22.730901639344264
1000 22.853852459016395
0010 23.099754098360656
0100 23.345655737704917
0101 23.591557377049178
0001 23.83745901639344
0010 23.960409836065573
0100 24.083360655737703
1000 24.329262295081964
1000 24.575163934426225
0001 24.82106557377049
0100 24.94401639344262
0010 25.06696721311475
1000 25.31286885245901
0100 25.558770491803276
1000 25.804672131147537
0001 25.92762295081967
0100 26.050573770491802
0010 26.296475409836063
1000 26.542377049180324
0100 26.78827868852459
0020 27.03418032786885
0031 27.525983606557375
1000 27.771885245901636
0010 27.89483606557377
0100 28.0177868852459
0001 28.26368852459016
0001 28.509590163934423
0010 28.755491803278687
0100 29.00139344262295
1000 29.24729508196721
0001 29.493196721311474
0001 29.739098360655735
1000 29.86204918032787
0002 29.985
0013 30.47680327868852
0100 30.722704918032786
0010 30.845655737704917
0100 30.968606557377047
1000 31.091557377049178
0001 31.21450819672131
0100 31.337459016393442
0010 31.460409836065573
1000 31.706311475409834
0001 31.829262295081968
0100 31.952213114754098
0010 32.19811475409836
0010 32.444016393442624
1000 32.689918032786885
0001 32.81286885245902
0010 32.935819672131146
0100 33.18172131147541
0010 33.42762295081967
0001 33.67352459016393
1000 33.79647540983606
0100 33.91942622950819
0100 34.16532786885246
0010 34.288278688524585
0001 34.41122950819672
0100 34.65713114754098
0020 34.90303278688524
1030 35.39483606557377
1000 35.64073770491803
0100 35.763688524590165
0010 35.88663934426229
0001 36.13254098360656
0001 36.37844262295082
0100 36.62434426229508
0010 36.87024590163934
1000 37.116147540983604
1001 37.362049180327865
0001 37.607950819672126
0010 37.73090163934426
0100 37.85385245901639
1000 38.099754098360656
1000 38.34565573770492
0001 38.59155737704918
0100 38.83745901639344
0010 38.96040983606557
0100 39.0833606557377
1002 39.32926229508197
0103 39.57516393442623
0010 39.69811475409836
0010 39.944016393442624
1000 40.06696721311476
0001 40.31286885245902
0010 40.55877049180328
0100 40.681721311475414
0100 40.927622950819675
1000 41.0505737704918
0010 41.21450819672131
1000 41.29647540983606
0100 41.4194262295082
1000 41.542377049180324
0001 41.66532786885246
0010 41.788278688524585
0100 41.952213114754095
0010 42.03418032786885
0001 42.15713114754098
0100 42.280081967213114
0001 42.40303278688524
1000 42.525983606557375
0010 42.689918032786885
0100 42.771885245901636
0001 42.935819672131146
0010 43.0177868852459
0100 43.3866393442623
1000 43.63254098360656
0100 43.75549180327869
0010 43.87844262295082
0001 44.001393442622955
1000 44.16532786885246
0001 44.247295081967216
0100 44.37024590163934
0010 44.49319672131148
0100 44.73909836065574
0001 44.86204918032787
1000 44.985
0100 45.23090163934426
1000 45.353852459016395
0001 45.47680327868852
0010 45.599754098360656
0001 45.72270491803278
0100 45.88663934426229
0010 45.96860655737705
1000 46.09155737704918
0001 46.21450819672131
0010 46.46040983606557
0010 46.706311475409834
0010 46.952213114754095
0001 47.32106557377049
0010 47.44401639344262
0001 47.56696721311475
1000 47.68991803278688
0010 47.81286885245901
0100 47.935819672131146
0010 48.05877049180327
1000 48.18172131147541
0100 48.304672131147534
1000 48.42762295081967
0001 48.550573770491795
0010 48.67352459016393
0100 48.91942622950819
0010 49.16532786885246
0001 49.28827868852459
1000 49.41122950819672
0001 49.57516393442623
0100 49.65713114754098
0010 49.780081967213114
1000 49.90303278688525
0001 50.025983606557375
0010 50.14893442622951
0100 50.271885245901636
0010 50.39483606557377
0001 50.5177868852459
0100 50.64073770491803
0010 50.88663934426229
1000 51.25549180327869
0001 51.378442622950814
1000 51.50139344262295
0100 51.624344262295075
0010 51.74729508196721
0100 51.87024590163934
1000 51.99319672131147
0001 52.116147540983604
0100 52.23909836065573
0010 52.362049180327865
0100 52.485
0001 52.607950819672126
1000 52.85385245901639
0101 53.099754098360656
0010 53.34565573770492
1100 53.59155737704918
0001 53.837459016393446
0010 53.96040983606557
0100 54.08336065573771
1000 54.206311475409834
0001 54.32926229508197
1000 54.4522131147541
0020 54.57516393442623
0030 55.03622950819672
1001 55.06696721311475
0002 55.31286885245901
0203 55.55877049180327
2300 55.80467213114754
3100 56.0505737704918
0010 56.17352459016393
1000 56.29647540983606
0010 56.41942622950819
0100 56.542377049180324
0001 56.788278688524585
1000 57.03418032786885
0100 57.15713114754099
1000 57.280081967213114
0010 57.40303278688525
0100 57.525983606557375
0001 57.64893442622951
0100 57.77188524590164
0010 57.935819672131146
1000 58.017786885245904
0001 58.14073770491803
0010 58.263688524590165
0100 58.38663934426229
1000 58.509590163934426
0002 58.75549180327869
0203 59.24729508196721
0320 59.49319672131147
0032 59.73909836065574
0013 59.985
0100 60.23090163934426
0001 60.39483606557377
1000 60.47680327868852
0100 60.72270491803278
0010 60.96860655737705
0100 61.091557377049185
1000 61.21450819672131
0001 61.337459016393446
1000 61.46040983606557
0100 61.58336065573771
0010 61.70631147540984
0001 61.82926229508197
0100 61.9522131147541
0010 62.07516393442623
1000 62.19811475409836
0010 62.3210655737705
0100 62.444016393442624
0101 62.689918032786885
0011 62.935819672131146
0001 63.18172131147541
1000 63.30467213114754
0010 63.5505737704918
0100 63.79647540983606
0001 63.9194262295082
1000 64.04237704918033
0001 64.16532786885246
0010 64.28827868852458
0100 64.41122950819673
1000 64.53418032786885
0001 64.65713114754098
0100 65.14893442622952
0010 65.27188524590164
1000 65.39483606557377
0001 65.5177868852459
1000 65.64073770491804
0100 65.76368852459017
0010 66.00959016393443
0001 66.13254098360656
1000 66.29647540983606
0010 66.37844262295083
0100 66.50139344262296
0010 66.74729508196721
1000 66.99319672131146
0001 67.1161475409836
0010 67.23909836065573
0100 67.36204918032786
0010 67.52598360655738
0001 67.60795081967213
1000 67.73090163934425
0010 67.85385245901638
0100 68.0177868852459
0001 68.09975409836065
1001 68.34565573770492
0010 68.59155737704917
1100 68.83745901639344
0100 69.0833606557377
0010 69.20631147540983
0001 69.32926229508196
1000 69.49319672131148
0010 69.57516393442623
0100 69.82106557377048
0001 69.985
0010 70.06696721311475
0100 70.23090163934425
1000 70.31286885245902
0010 70.55877049180327
0110 70.80467213114754
0100 71.05057377049181
0001 71.17352459016394
1000 71.29647540983606
0100 71.54237704918033
0010 71.66532786885246
0001 71.78827868852458
0010 72.03418032786885
0100 72.15713114754098
1000 72.28008196721312
0010 72.52598360655738
1000 72.77188524590164
0001 73.01778688524591
0100 73.26368852459017
0010 73.50959016393443
1000 73.63254098360656
0001 73.75549180327869
0010 74.00139344262296
0001 74.24729508196722
1000 74.49319672131148
0010 74.73909836065573
0100 74.985
0010 75.10795081967213
1000 75.23090163934425
0001 75.47680327868852
0011 75.72270491803278
0010 75.96860655737704
0100 76.09155737704917
1000 76.21450819672131
0001 76.46040983606557
0100 76.70631147540983
0010 76.9522131147541
1000 77.19811475409836
0100 77.44401639344262
1000 77.56696721311475
0010 77.68991803278688
0100 77.93581967213115
0001 78.05877049180327
0010 78.18172131147541
0110 78.42762295081967
1001 78.67352459016394
0001 78.9194262295082
0100 79.16532786885246
0010 79.41122950819673
1010 79.65713114754098
1000 79.90303278688525
0100 80.02598360655738
0010 80.14893442622952
0001 80.39483606557377
0010 80.64073770491802
0100 80.88663934426229
0010 81.13254098360655
0001 81.37844262295081
0100 81.50139344262294
0010 81.62434426229507
1000 81.87024590163934
0100 81.99319672131146
0010 82.1161475409836
0001 82.36204918032786
1000 82.60795081967213
0010 82.8538524590164
0100 82.97680327868852
0001 83.09975409836065
1000 83.34565573770492
0100 83.59155737704917
0010 83.71450819672131
0001 83.83745901639344
0101 84.0833606557377
0010 84.32926229508196
1100 84.57516393442623
0002 84.8210655737705
0203 85.06696721311475
0320 85.31286885245902
2030 85.55877049180327
3200 85.80467213114754
0320 86.05057377049181
0130 86.29647540983606
1001 86.54237704918033
1000 86.7882786885246
0001 86.91122950819673
1000 87.03418032786885
0010 87.28008196721312
0100 87.52598360655738
0001 87.77188524590164
0010 87.89483606557377
0001 88.01778688524591
0010 88.26368852459017
0100 88.50959016393442
1000 88.75549180327869
0010 88.87844262295081
1000 89.00139344262294
0001 89.24729508196721
0100 89.49319672131146
0010 89.73909836065573
2000 89.985
3001 90.47680327868852
0100 90.72270491803279
0001 90.84565573770492
0100 90.96860655737704
0010 91.21450819672131
1000 91.46040983606557
0100 91.70631147540983
1000 91.9522131147541
0001 92.19811475409836
0010 92.44401639344262
0010 92.68991803278689
0100 92.81286885245902
0010 92.93581967213115
0001 93.18172131147541
1000 93.42762295081967
0020 93.67352459016394
0230 93.9194262295082
0310 94.16532786885246
1001 94.41122950819671
1000 94.65713114754098
0010 94.7800819672131
1000 94.90303278688523
0010 95.1489344262295
0100 95.39483606557376
0001 95.64073770491802
1000 95.76368852459015
0001 95.88663934426229
0010 96.13254098360655
0100 96.37844262295081
1000 96.62434426229508
0010 96.74729508196721
1000 96.87024590163934
0001 97.1161475409836
0100 97.23909836065573
0001 97.36204918032786
0010 97.60795081967213
0200 97.8538524590164
1300 98.34565573770492
0001 98.59155737704918
0010 98.71450819672131
0001 98.83745901639344
1000 99.0833606557377
0010 99.32926229508196
0100 99.57516393442623
0001 99.8210655737705
1000 100.06696721311475
0100 100.31286885245902
0010 100.55877049180329
0010 100.80467213114754
0001 101.05057377049181
1000 101.29647540983606
1010 101.54237704918033
0101 101.7882786885246
0011 102.03418032786885
1100 102.2800819672131
1000 102.56111241217798
0010 102.84214285714285
0010 102.98265807962528
0001 103.26368852459015
0100 103.54471896955502
0100 103.68523419203747
1000 103.96626463700234
0010 104.24729508196721
0100 104.49319672131148
0001 104.6161475409836
0010 104.73909836065573
0100 104.985
0010 105.10795081967213
0001 105.23090163934425
1000 105.47680327868852
0010 105.72270491803279
0100 105.96860655737704
0010 106.47680327868852
0100 106.73909836065573
0100 106.87024590163935
1000 107.13254098360656
0010 107.39483606557377
0100 107.52598360655738
0001 107.65713114754098
0010 107.91942622950819
0001 108.05057377049181
0100 108.18172131147541
0010 108.42762295081968
1000 108.67352459016394
0100 108.9194262295082
1000 109.04237704918033
0001 109.16532786885246
0010 109.41122950819673
0100 109.53418032786885
0010 109.657131147541
0001 109.78008196721312
0100 109.90303278688525
0010 110.02598360655738
1000 110.1489344262295
0100 110.42996487119437
0010 110.71099531615924
0010 110.85151053864168
1000 111.13254098360655
0100 111.41357142857142
0100 111.55408665105386
0001 111.83511709601873
0010 112.1161475409836
0001 112.36204918032787
1000 112.60795081967213
0010 112.8538524590164
1000 112.97680327868852
0100 113.09975409836065
0010 113.34565573770492
0100 113.59155737704918
1000 113.83745901639344
0002 114.32926229508197
0023 114.57516393442623
0032 114.8210655737705
0003 115.06696721311475
2000 115.31286885245902
3020 115.55877049180329
2030 115.80467213114754
3100 116.0505737704918
0010 116.17352459016392
0001 116.29647540983606
1000 116.41942622950819
0001 116.54237704918032
0100 116.66532786885244
0010 116.78827868852458
0100 116.91122950819671
0001 117.03418032786884
1000 117.15713114754098
1000 117.40303278688523
0200 117.52598360655738
1300 118.0177868852459
0001 118.26368852459017
0010 118.38663934426229
0001 118.50959016393442
0100 118.75549180327869
0100 119.00139344262294
0010 119.24729508196721
1000 119.49319672131148
0100 119.73909836065573
1000 119.86204918032786
0100 119.985
0010 120.23090163934427
0001 120.3538524590164
0010 120.47680327868852
0001 120.72270491803279
0001 120.96860655737704
0100 121.21450819672131
0020 121.46040983606558
1030 121.9522131147541
0001 122.19811475409837
0100 122.3210655737705
0001 122.44401639344262
0010 122.68991803278689
0010 122.93581967213115
0100 123.18172131147541
1000 123.42762295081968
0010 123.67352459016394
0100 123.91942622950819
0100 124.16532786885246
0001 124.28827868852458
0100 124.41122950819671
0010 124.65713114754098
1001 124.90303278688523
1000 125.1489344262295
0100 125.27188524590163
1000 125.39483606557377
0001 125.5177868852459
0100 125.64073770491802
0010 125.76368852459015
0100 125.88663934426229
0001 126.13254098360656
0100 126.25549180327869
0001 126.37844262295081
1000 126.62434426229508
1000 126.87024590163934
0100 127.1161475409836
0010 127.36204918032787
0001 127.60795081967213
0010 127.73090163934425
0001 127.8538524590164
1000 128.09975409836068
0010 128.2227049180328
1000 128.34565573770493
0010 128.59155737704918
0010 128.83745901639347
0100 129.08336065573772
0002 129.32926229508197
0013 129.8210655737705
0100 130.06696721311476
1000 130.1899180327869
0100 130.31286885245905
0010 130.5587704918033
0010 130.80467213114756
0001 131.0505737704918
0100 131.2964754098361
0010 131.54237704918035
1000 131.7882786885246
0001 132.03418032786885
0010 132.15713114754098
0001 132.28008196721314
0100 132.5259836065574
0100 132.77188524590164
0010 133.0177868852459
1000 133.26368852459018
1000 133.50959016393443
0012 133.7554918032787
0003 134.24729508196722
