TITLE Admiral Love
BPM   158.0
NOTES
1001 4.541
0001 4.920746835443039
0100 5.110620253164558
0102 5.300493670886077
1003 5.870113924050633
1001 6.059987341772152
1001 6.439734177215191
2100 6.819481012658228
3100 7.389101265822785
0110 7.578974683544304
0010 7.958721518987343
0001 8.14859493670886
0012 8.33846835443038
0103 8.908088607594937
0110 9.097962025316455
0110 9.477708860759495
2010 9.857455696202532
3001 10.142265822784811
0010 10.23720253164557
0100 10.33213924050633
0010 10.42707594936709
0100 10.52201265822785
1000 10.616949367088608
0010 10.996696202531647
0100 11.186569620253167
0120 11.376443037974685
1030 11.946063291139241
1100 12.135936708860761
1100 12.515683544303798
0021 12.895430379746836
0031 13.465050632911392
0101 13.654924050632912
0100 14.03467088607595
0010 14.224544303797469
2010 14.414417721518989
3001 14.984037974683545
0011 15.173911392405063
0110 15.458721518987343
1100 15.74353164556962
1000 15.93340506329114
0001 16.028341772151897
0100 16.123278481012658
0010 16.21821518987342
0100 16.313151898734176
0001 16.408088607594937
1000 16.503025316455698
0100 16.597962025316455
0020 16.692898734177216
0130 17.072645569620256
1000 17.26251898734177
1200 17.452392405063293
0310 18.02201265822785
0301 19.351126582278482
1001 19.73087341772152
0001 20.11062025316456
1000 20.300493670886077
2100 20.4903670886076
3001 21.059987341772153
0011 21.24986075949367
0011 21.629607594936708
0001 21.81948101265823
2001 22.009354430379748
3001 22.294164556962027
0010 22.389101265822784
0001 22.484037974683545
1000 22.578974683544306
0010 22.673911392405063
0100 22.768848101265824
0010 23.14859493670886
1000 23.338468354430383
1020 23.5283417721519
1030 24.09796202531646
1001 24.287835443037977
1001 24.667582278481014
0012 25.047329113924054
1003 25.616949367088612
1100 25.806822784810127
0100 26.186569620253163
1000 26.376443037974685
2001 26.566316455696203
3100 27.135936708860758
0010 27.32581012658228
0001 27.42074683544304
0010 27.515683544303798
0100 27.61062025316456
1000 27.705556962025316
0001 27.800493670886077
0100 27.895430379746838
0010 27.990367088607595
0100 28.085303797468356
0001 28.180240506329117
1000 28.275177215189874
0010 28.370113924050635
1000 28.465050632911392
0001 28.559987341772153
0010 28.65492405063291
0100 28.74986075949367
1000 28.844797468354432
0001 28.939734177215193
1000 29.03467088607595
0001 29.12960759493671
0100 29.22454430379747
0010 29.41441772151899
1000 29.509354430379748
0010 29.60429113924051
1000 29.69922784810127
0001 29.794164556962027
0010 29.984037974683545
0100 30.078974683544306
0010 30.173911392405063
0100 30.268848101265824
1000 30.363784810126585
0100 30.553658227848103
0010 30.648594936708864
0100 30.74353164556962
0010 30.838468354430383
0001 30.933405063291143
1000 31.12327848101266
0001 31.218215189873423
1000 31.31315189873418
0001 31.40808860759494
0200 31.503025316455698
0301 31.692898734177216
1000 31.787835443037977
0010 31.882772151898738
1000 31.9777088607595
0010 32.072645569620256
1000 32.16758227848102
0001 32.26251898734178
1000 32.45239240506329
0010 32.54732911392405
1000 32.642265822784815
0010 32.73720253164558
0100 32.832139240506336
0001 33.02201265822785
1000 33.11694936708861
0100 33.211886075949366
0010 33.30682278481013
0001 33.40175949367089
1000 33.59163291139241
0100 33.68656962025317
1000 33.781506329113924
0100 33.87644303797468
0010 33.971379746835446
0001 34.16125316455697
0100 34.256189873417725
0001 34.35112658227848
0100 34.44606329113924
0010 34.541
1000 34.63593670886076
0001 34.730873417721526
1000 34.82581012658228
0100 34.92074683544304
0010 35.0156835443038
0100 35.110620253164555
0010 35.20555696202532
0001 35.30049367088608
0010 35.4903670886076
0100 35.585303797468356
0010 35.68024050632911
0100 35.77517721518987
1000 35.870113924050635
0001 36.05998734177216
1000 36.154924050632914
0001 36.24986075949367
1000 36.34479746835443
0010 36.43973417721519
1000 36.629607594936715
0001 36.72454430379747
1000 36.81948101265823
0001 36.91441772151899
0010 37.009354430379744
0100 37.19922784810127
1000 37.29416455696203
0100 37.38910126582279
1000 37.484037974683545
0002 37.5789746835443
0103 37.76884810126583
0010 37.86378481012659
1000 37.958721518987346
0001 38.0536582278481
1000 38.14859493670886
0001 38.24353164556962
0010 38.338468354430375
0001 38.528341772151904
1000 38.62327848101266
0001 38.71821518987342
1000 38.813151898734176
0100 38.908088607594934
0010 39.09796202531646
0001 39.19289873417722
0100 39.28783544303798
0010 39.382772151898735
1000 39.47770886075949
0001 39.57264556962025
0100 39.66758227848102
0010 39.76251898734178
1000 39.857455696202535
0001 39.95239240506329
1000 40.04732911392405
0100 40.14226582278481
0010 40.237202531645565
0100 40.332139240506336
0010 40.427075949367094
0100 40.52201265822785
0010 40.61694936708861
0001 40.711886075949366
1000 40.80682278481012
0001 40.901759493670895
0100 40.99669620253165
0010 41.18656962025317
0130 41.37644303797468
0010 41.56631645569621
1030 41.756189873417725
1000 41.94606329113924
0010 42.041
0100 42.13593670886077
0001 42.230873417721526
0001 42.42074683544304
1000 42.5156835443038
0100 42.610620253164555
1000 42.70555696202533
1001 42.89543037974684
0001 43.085303797468356
0100 43.18024050632911
0100 43.37011392405064
0010 43.4650506329114
1000 43.55998734177216
0002 43.654924050632914
0103 44.03467088607596
0010 44.129607594936715
1000 44.22454430379747
1100 44.41441772151899
0100 44.604291139240516
0010 44.69922784810127
0010 44.88910126582279
0001 44.984037974683545
1000 45.0789746835443
0020 45.173911392405074
0130 45.36378481012659
0001 45.5536582278481
1000 45.64859493670886
0100 45.74353164556963
0110 45.93340506329115
0010 46.12327848101266
0001 46.21821518987342
0001 46.40808860759495
0100 46.503025316455705
0010 46.59796202531646
2000 46.69289873417722
3001 47.07264556962025
0010 47.16758227848101
0100 47.26251898734178
1100 47.45239240506329
1000 47.64226582278481
0010 47.737202531645565
0010 47.927075949367094
0100 48.02201265822785
0101 48.211886075949366
1010 48.40175949367088
1000 48.59163291139241
0001 48.68656962025317
0010 48.781506329113924
0110 48.97137974683544
0100 49.16125316455697
1000 49.256189873417725
1000 49.44606329113924
0010 49.541
0100 49.635936708860754
0002 49.730873417721526
1003 50.110620253164555
0010 50.20555696202531
0100 50.300493670886084
0101 50.4903670886076
0001 50.68024050632911
1000 50.77517721518987
1000 50.9650506329114
0100 51.05998734177216
0010 51.154924050632914
0002 51.24986075949367
1003 51.439734177215186
0010 51.53467088607596
0100 51.629607594936715
0001 51.72454430379747
0100 51.81948101265823
0110 52.009354430379744
0010 52.19922784810127
1000 52.29416455696203
1000 52.484037974683545
0001 52.5789746835443
0010 52.67391139240506
0200 52.76884810126583
1300 53.14859493670886
0010 53.24353164556962
0100 53.33846835443039
0001 53.43340506329115
1000 53.528341772151904
0010 53.62327848101266
0100 53.71821518987342
0001 53.813151898734176
1000 53.908088607594934
0100 54.003025316455705
0010 54.09796202531646
0001 54.19289873417722
0010 54.28783544303798
0100 54.382772151898735
1000 54.47770886075949
0001 54.57264556962026
2000 54.66758227848102
3020 55.04732911392405
0130 55.61694936708861
0001 55.80682278481014
1000 55.99669620253165
1100 56.18656962025317
1001 56.47137974683545
0012 56.756189873417725
0103 57.32581012658228
0010 57.42074683544304
1000 57.5156835443038
0001 57.61062025316457
1000 57.70555696202533
1001 57.9903670886076
0201 58.275177215189885
0310 58.654924050632914
1030 59.22454430379747
0001 59.31948101265823
1000 59.50935443037976
0010 59.69922784810127
0100 59.79416455696203
0001 59.88910126582279
0010 59.984037974683545
0100 60.173911392405074
1100 60.36378481012659
1000 60.5536582278481
1002 60.74353164556962
0203 61.12327848101266
0310 61.69289873417722
1000 61.882772151898735
0001 62.07264556962025
0011 62.26251898734178
0110 62.54732911392405
2100 62.832139240506336
3002 63.401759493670895
0100 63.59163291139241
0203 63.781506329113924
0310 64.35112658227848
1000 64.44606329113924
0001 64.541
0010 64.73087341772153
0100 64.82581012658228
1000 65.0156835443038
0001 65.11062025316456
0100 65.20555696202533
0002 65.30049367088608
1003 65.68024050632911
1200 65.87011392405064
0310 66.24986075949367
0001 66.4397341772152
1000 66.53467088607596
0001 66.62960759493672
0100 66.72454430379747
0010 66.81948101265823
1000 66.91441772151899
0010 67.00935443037976
1000 67.10429113924052
0001 67.19922784810127
0010 67.38910126582279
0100 67.48403797468355
1000 67.5789746835443
1000 67.76884810126583
0010 67.86378481012659
0010 68.0536582278481
0100 68.14859493670886
0001 68.33846835443039
1000 68.43340506329115
0001 68.5283417721519
1000 68.62327848101266
0100 68.71821518987342
0010 68.90808860759493
0001 69.0030253164557
1000 69.09796202531646
1000 69.28783544303798
0010 69.38277215189873
0010 69.57264556962025
0100 69.66758227848102
0001 69.85745569620254
0010 69.95239240506329
0100 70.04732911392405
0010 70.14226582278481
0001 70.23720253164558
0100 70.33213924050634
0010 70.4270759493671
1000 70.52201265822785
0001 70.61694936708861
0010 70.71188607594937
0100 70.80682278481014
0010 70.9017594936709
0100 70.99669620253165
1000 71.09163291139241
0100 71.18656962025317
0010 71.28150632911392
0002 71.37644303797468
1003 72.13593670886075
0100 72.23087341772151
0100 72.32581012658228
0001 72.42074683544304
0100 72.5156835443038
0100 72.61062025316456
1000 72.70555696202531
0001 72.80049367088607
1000 72.89543037974684
0010 72.9903670886076
1000 73.08530379746836
0010 73.18024050632911
0100 73.27517721518988
0001 73.4650506329114
1000 73.55998734177216
0100 73.65492405063291
0100 73.84479746835444
0010 73.9397341772152
0010 74.12960759493672
0001 74.22454430379747
1001 74.41441772151899
1010 74.69922784810126
1001 74.98403797468355
0011 75.17391139240506
0110 75.45872151898735
1100 75.74353164556962
0001 75.93340506329115
0100 76.0283417721519
0010 76.12327848101266
0100 76.21821518987342
0001 76.31315189873419
0010 76.40808860759495
0100 76.5030253164557
1000 76.59796202531646
0100 76.69289873417722
0010 76.78783544303798
0001 76.88277215189875
0100 76.9777088607595
0010 77.07264556962026
1000 77.16758227848102
0001 77.26251898734178
1000 77.35745569620254
0001 77.45239240506329
0010 77.54732911392405
0100 77.64226582278481
1000 77.73720253164556
0001 77.83213924050634
0010 77.9270759493671
0100 78.02201265822785
1000 78.11694936708861
0001 78.21188607594937
0100 78.30682278481012
0010 78.4017594936709
1000 78.49669620253165
0001 78.59163291139241
0100 78.68656962025317
0010 78.78150632911392
1000 78.87644303797468
0001 78.97137974683544
0010 79.0663164556962
0100 79.16125316455695
0010 79.25618987341771
0001 79.35112658227848
0010 79.44606329113924
0100 79.541
0010 79.63593670886075
0001 79.73087341772151
1000 79.82581012658227
0010 79.92074683544304
1000 80.0156835443038
0001 80.11062025316456
1000 80.20555696202531
0010 80.30049367088607
1000 80.39543037974683
0001 80.4903670886076
0100 80.68024050632911
0010 80.87011392405064
1000 81.05998734177216
0010 81.24986075949367
0100 81.4397341772152
0001 81.62960759493672
1000 81.81948101265823
0100 82.00935443037974
0010 82.19922784810126
0100 82.38910126582279
0010 82.5789746835443
0001 82.76884810126582
0100 82.95872151898735
0010 83.14859493670886
1000 83.33846835443038
0001 83.5283417721519
1000 83.71821518987342
0010 83.90808860759495
0100 84.09796202531646
0001 84.28783544303798
0010 84.4777088607595
0100 84.66758227848102
0010 84.85745569620254
0100 85.04732911392405
1000 85.23720253164556
0001 85.4270759493671
1000 85.61694936708861
0010 85.80682278481012
1000 85.99669620253165
0001 86.09163291139241
0100 86.18656962025317
0010 86.28150632911392
0100 86.37644303797468
0010 86.47137974683544
1000 86.56631645569621
0001 86.66125316455697
1000 86.85112658227848
0100 86.94606329113925
1000 87.13593670886077
0010 87.23087341772153
1000 87.42074683544304
0001 87.51568354430381
1000 87.70555696202533
1000 87.89543037974684
0001 88.08530379746836
0010 88.18024050632911
0001 88.37011392405063
0100 88.4650506329114
0001 88.65492405063291
1000 88.74986075949367
0001 88.93973417721519
0100 89.03467088607596
0001 89.22454430379747
0001 89.41441772151899
0100 89.6042911392405
0010 89.69922784810126
0100 89.88910126582277
0001 89.98403797468355
0010 90.17391139240506
0100 90.26884810126582
1000 90.36378481012657
0001 90.45872151898733
1000 90.5536582278481
0010 90.64859493670886
1000 90.74353164556962
0001 90.83846835443038
0010 90.93340506329113
0100 91.02834177215189
1000 91.12327848101266
0010 91.21821518987342
1000 91.31315189873418
0001 91.40808860759493
0010 91.5030253164557
0100 91.59796202531646
2000 91.69289873417722
3000 92.26251898734178
0001 92.64226582278481
1000 92.73720253164556
0100 92.83213924050632
0010 93.02201265822785
0001 93.21188607594937
1000 93.30682278481012
0020 93.40175949367088
0100 93.68656962025317
1030 93.97137974683544
0001 94.16125316455697
0010 94.25618987341772
0100 94.35112658227848
1000 94.44606329113924
0100 94.54100000000001
0010 94.63593670886077
0001 94.73087341772153
1000 94.82581012658228
0002 94.92074683544304
1000 95.20555696202533
0103 95.4903670886076
0010 95.58530379746836
2000 95.68024050632911
3100 96.05998734177216
0010 96.24986075949367
0001 96.34479746835443
1000 96.43973417721519
0010 96.62960759493672
1000 96.72454430379747
0001 97.00935443037974
0010 97.1042911392405
0100 97.19922784810127
0010 97.29416455696203
0100 97.38910126582279
1000 97.48403797468355
0001 97.57897468354432
0100 97.76884810126583
0020 97.95872151898735
1000 98.14859493670888
1030 98.33846835443039
0001 98.43340506329115
1000 98.5283417721519
0100 98.62327848101266
0010 98.71821518987342
0001 98.81315189873418
0010 98.90808860759493
0001 99.00302531645569
1000 99.09796202531646
0100 99.28783544303798
0010 99.38277215189873
0200 99.47770886075949
0010 99.76251898734178
1300 100.04732911392405
0002 100.23720253164558
0103 100.61694936708862
0010 100.71188607594938
1000 100.80682278481014
0001 100.9017594936709
2000 100.99669620253165
0010 101.28150632911394
3001 101.56631645569621
0010 101.66125316455697
0100 101.75618987341772
0010 101.94606329113924
0001 102.13593670886077
1000 102.23087341772153
0010 102.32581012658228
0100 102.5156835443038
0001 102.61062025316456
0100 102.70555696202533
0010 102.80049367088608
1000 102.89543037974684
0100 102.9903670886076
0010 103.08530379746836
0001 103.18024050632911
1000 103.27517721518987
0010 103.37011392405063
1000 103.46505063291139
0001 103.65492405063291
0010 103.74986075949367
0001 103.84479746835443
1000 104.03467088607594
0010 104.22454430379747
0100 104.31948101265823
0001 104.41441772151899
1000 104.50935443037974
0001 104.6042911392405
1000 104.69922784810126
0100 104.79416455696203
0010 104.88910126582279
0001 104.98403797468355
1000 105.17391139240507
0010 105.36378481012659
0100 105.45872151898735
0020 105.5536582278481
0100 105.83846835443039
1030 106.12327848101266
0002 106.31315189873418
0013 106.69289873417722
0100 106.78783544303798
0010 106.88277215189873
0100 106.97770886075949
2000 107.07264556962025
0010 107.35745569620254
3100 107.64226582278481
0010 107.73720253164556
0002 107.83213924050634
0103 108.21188607594938
0010 108.4017594936709
1000 108.49669620253165
0002 108.59163291139241
0010 108.8764430379747
1003 109.16125316455697
0100 109.35112658227848
1000 109.44606329113924
0010 109.541
0100 109.63593670886075
0001 109.73087341772153
1000 109.92074683544304
0010 110.0156835443038
0200 110.11062025316456
0001 110.30049367088608
0301 110.4903670886076
1000 110.58530379746836
0100 110.68024050632911
0010 110.77517721518987
0001 110.87011392405064
1000 110.9650506329114
0001 111.05998734177216
1000 111.24986075949369
0001 111.4397341772152
0010 111.53467088607596
0200 111.62960759493672
1000 111.914417721519
0310 112.19922784810127
0002 112.38910126582279
0103 112.76884810126583
0010 112.86378481012659
1000 112.95872151898735
0001 113.0536582278481
0020 113.14859493670886
0001 113.43340506329115
0130 113.71821518987342
1000 113.81315189873418
0001 113.90808860759495
0100 114.09796202531646
1000 114.28783544303799
0100 114.4777088607595
0001 114.66758227848102
1000 114.76251898734178
0100 114.85745569620255
0010 114.9523924050633
0100 115.04732911392406
0010 115.14226582278482
0001 115.23720253164558
1000 115.33213924050634
0001 115.4270759493671
0100 115.52201265822785
0010 115.61694936708861
1000 115.71188607594937
0001 115.80682278481014
0010 115.9017594936709
0001 115.99669620253165
0100 116.09163291139241
0010 116.18656962025317
1000 116.28150632911392
0100 116.3764430379747
0010 116.47137974683545
0001 116.56631645569621
0010 116.66125316455697
0100 116.75618987341772
1000 116.85112658227848
0001 116.94606329113924
0100 117.041
0010 117.13593670886075
1010 117.32581012658228
1000 117.5156835443038
0001 117.61062025316456
0001 117.80049367088607
0010 117.89543037974684
0100 117.9903670886076
2000 118.08530379746836
3010 118.4650506329114
0100 118.55998734177216
0001 118.65492405063291
0011 118.84479746835444
0010 119.03467088607596
0100 119.12960759493672
0100 119.31948101265823
0010 119.414417721519
0001 119.50935443037976
2000 119.60429113924052
3010 119.79416455696203
0100 119.88910126582279
0001 119.98403797468355
1000 120.0789746835443
0100 120.17391139240506
0110 120.36378481012659
0010 120.5536582278481
0100 120.64859493670886
0100 120.83846835443038
1000 120.93340506329115
0001 121.0283417721519
2000 121.12327848101266
3010 121.5030253164557
0100 121.59796202531646
0001 121.69289873417722
0101 121.88277215189875
0100 122.07264556962026
0010 122.16758227848102
0010 122.35745569620254
1000 122.4523924050633
1100 122.64226582278482
0011 122.83213924050634
1000 123.02201265822785
0010 123.11694936708861
0100 123.21188607594937
0101 123.4017594936709
0001 123.59163291139241
1000 123.68656962025317
1000 123.87644303797468
0100 123.97137974683545
0010 124.06631645569621
0002 124.16125316455697
0013 124.54100000000001
0100 124.63593670886077
1000 124.73087341772153
1010 124.92074683544305
0010 125.11062025316457
0100 125.20555696202533
0100 125.39543037974684
0001 125.49036708860761
0010 125.58530379746837
0200 125.68024050632913
1300 125.87011392405064
0001 125.9650506329114
1000 126.05998734177216
0010 126.15492405063291
0100 126.24986075949367
0101 126.4397341772152
0001 126.62960759493672
0010 126.72454430379747
0010 126.91441772151899
0100 127.00935443037976
1000 127.10429113924052
0020 127.19922784810127
0130 127.5789746835443
0001 127.67391139240506
1000 127.76884810126582
0100 127.86378481012657
0010 127.95872151898735
0100 128.0536582278481
1000 128.14859493670886
0001 128.24353164556962
0100 128.33846835443038
0010 128.43340506329113
1000 128.52834177215192
0100 128.62327848101268
1000 128.71821518987343
0010 128.8131518987342
0100 128.90808860759495
0001 129.0030253164557
1000 129.09796202531646
0010 129.19289873417722
1000 129.28783544303798
0010 129.38277215189873
0100 129.47770886075952
0010 129.66758227848104
1000 129.7625189873418
0010 129.85745569620255
1000 129.9523924050633
0100 130.04732911392406
0010 130.23720253164558
0001 130.33213924050634
0010 130.4270759493671
0001 130.52201265822785
1000 130.6169493670886
0001 130.80682278481012
0010 130.90175949367088
0001 130.99669620253167
0010 131.09163291139242
0100 131.18656962025318
1000 131.3764430379747
0001 131.47137974683545
1000 131.5663164556962
0001 131.66125316455697
0200 131.75618987341772
0301 131.94606329113924
0010 132.041
0100 132.13593670886078
1000 132.23087341772154
0100 132.3258101265823
1000 132.42074683544305
0010 132.5156835443038
0100 132.70555696202533
0001 132.80049367088608
0100 132.89543037974684
0001 132.9903670886076
0010 133.08530379746836
0001 133.27517721518987
1000 133.37011392405063
0010 133.4650506329114
0100 133.55998734177217
0001 133.65492405063293
0010 133.84479746835444
0001 133.9397341772152
0010 134.03467088607596
0001 134.12960759493672
1000 134.22454430379747
0010 134.41441772151902
0100 134.50935443037977
0010 134.60429113924053
0100 134.6992278481013
0001 134.79416455696204
1000 134.8891012658228
0100 134.98403797468356
0010 135.07897468354432
0001 135.17391139240507
0100 135.26884810126583
0001 135.3637848101266
0100 135.45872151898735
0010 135.5536582278481
1000 135.74353164556962
0100 135.8384683544304
1000 135.93340506329116
0100 136.02834177215192
0010 136.12327848101268
0001 136.3131518987342
1000 136.40808860759495
0001 136.5030253164557
1000 136.59796202531646
0010 136.69289873417722
1000 136.88277215189873
0001 136.9777088607595
1000 137.07264556962025
0001 137.167582278481
0010 137.26251898734176
0100 137.4523924050633
0010 137.54732911392406
0100 137.64226582278482
0010 137.73720253164558
0002 137.83213924050634
1003 138.02201265822785
0010 138.1169493670886
0100 138.21188607594937
0001 138.30682278481012
0100 138.40175949367088
0001 138.49669620253164
0010 138.5916329113924
0100 138.7815063291139
2000 138.8764430379747
3001 139.16125316455697
0100 139.25618987341772
0010 139.44606329113924
1000 139.541
0001 139.63593670886075
1000 139.7308734177215
0100 139.82581012658227
0010 139.92074683544303
0100 140.01568354430378
0010 140.11062025316454
0001 140.2055569620253
1000 140.30049367088606
0010 140.39543037974684
0100 140.4903670886076
0001 140.58530379746836
0010 140.6802405063291
0001 140.77517721518987
0100 140.87011392405063
0010 140.96505063291139
1000 141.05998734177214
0100 141.1549240506329
0010 141.24986075949369
0001 141.4397341772152
1003 141.62960759493672
0001 141.81948101265823
0103 142.00935443037977
0100 142.1992278481013
0010 142.29416455696204
1000 142.3891012658228
0001 142.48403797468356
0001 142.67391139240507
1000 142.76884810126583
