TITLE Bad Dracula
BPM   188.0
NOTES
0001 2.5441914893617024
0010 2.7037659574468087
0100 2.863340425531915
0010 3.0229148936170214
0001 3.1824893617021277
1000 3.501638297872341
0001 3.8207872340425535
0100 3.98036170212766
0010 4.139936170212766
1000 4.459085106382979
0001 4.7782340425531915
1000 4.937808510638297
0001 5.097382978723404
0010 5.256957446808511
0100 5.416531914893617
0010 5.576106382978724
0001 5.7356808510638295
2000 6.054829787234042
3000 6.214404255319149
0002 6.373978723404255
0003 6.533553191489362
0200 6.6931276595744675
0320 6.852702127659574
0030 6.932489361702127
2000 7.01227659574468
3000 7.092063829787234
0002 7.171851063829787
0003 7.25163829787234
1000 7.650574468085106
0100 7.810148936170213
0010 7.969723404255319
0100 8.129297872340425
1000 8.288872340425533
0002 8.448446808510639
0003 8.52823404255319
0200 8.608021276595744
0300 8.687808510638298
0020 8.76759574468085
0030 8.847382978723404
2000 8.927170212765958
3000 9.086744680851064
0002 9.246319148936172
0020 9.565468085106383
0133 9.72504255319149
1001 10.203765957446809
1000 10.363340425531915
0010 10.522914893617022
0100 10.682489361702128
0101 10.842063829787234
0001 11.320787234042553
0010 11.639936170212765
0100 11.799510638297873
1000 11.959085106382979
1001 12.118659574468085
0001 12.437808510638298
1000 12.597382978723404
0001 12.75695744680851
0010 12.916531914893616
0001 13.076106382978724
0100 13.23568085106383
0020 13.395255319148935
0030 13.47504255319149
1000 13.714404255319149
0200 13.873978723404255
1300 14.352702127659576
0010 14.512276595744682
0100 14.671851063829788
0001 14.831425531914894
0010 14.991000000000001
0001 15.150574468085107
1001 15.310148936170213
1000 15.469723404255319
0100 15.629297872340427
0010 15.788872340425533
0011 15.948446808510639
0001 16.108021276595746
1000 16.427170212765958
0010 16.50695744680851
0100 16.586744680851066
0001 16.746319148936173
0001 17.065468085106385
1001 17.225042553191493
1000 17.544191489361705
0001 17.623978723404257
1000 17.70376595744681
0001 17.783553191489364
1000 17.863340425531916
0001 18.182489361702128
0100 18.342063829787236
0020 18.501638297872343
0030 18.581425531914896
1000 18.820787234042555
0200 18.98036170212766
0300 19.060148936170215
1100 19.139936170212767
1001 19.45908510638298
1010 19.778234042553194
1000 19.9378085106383
1001 20.097382978723406
1000 20.25695744680851
0001 20.416531914893618
0100 20.73568085106383
0010 20.8753085106383
2000 21.054829787234045
0100 21.234351063829788
3000 21.613340425531916
0001 21.69312765957447
0010 22.01227659574468
0001 22.171851063829788
1000 22.491
0010 22.650574468085107
0100 22.81014893617021
0101 22.96972340425532
1001 23.28887234042553
1000 23.44844680851064
1010 23.608021276595746
0020 23.76759574468085
0030 24.00695744680851
0100 24.24631914893617
0001 24.56546808510638
0010 24.72504255319149
0100 25.0441914893617
1000 25.20376595744681
0001 25.363340425531913
0101 25.52291489361702
0100 25.842063829787232
0110 26.00163829787234
0010 26.161212765957448
2010 26.32078723404255
3001 26.639936170212763
1000 26.799510638297875
0001 26.959085106382982
0100 27.038872340425534
0010 27.278234042553194
1001 27.437808510638302
0001 27.597382978723406
0010 27.756957446808514
0100 27.916531914893618
2000 28.076106382978725
3000 28.182489361702128
0200 28.288872340425534
0300 28.395255319148937
0020 28.501638297872343
0030 28.608021276595746
0002 28.714404255319153
0003 28.820787234042555
0020 28.927170212765958
0030 29.033553191489364
0200 29.139936170212767
0300 29.246319148936173
2000 29.352702127659576
3000 29.45908510638298
0020 29.565468085106385
0030 29.671851063829788
0200 29.778234042553194
0300 29.884617021276597
0002 29.991000000000003
0003 30.097382978723406
0200 30.20376595744681
0300 30.310148936170215
0020 30.416531914893618
0030 30.522914893617024
2000 30.629297872340427
0011 31.267595744680854
3011 31.905893617021277
1000 32.5441914893617
0001 32.78355319148936
1000 32.863340425531916
0100 33.02291489361702
2100 33.18248936170213
3000 33.342063829787236
0102 33.50163829787235
0003 33.66121276595745
2100 33.820787234042555
3000 33.98036170212767
1000 34.299510638297875
0001 34.61865957446808
1000 34.778234042553194
0010 34.9378085106383
0100 35.0973829787234
0001 35.256957446808514
0010 35.41653191489362
0012 35.73568085106383
0003 35.89525531914894
2010 36.05482978723405
3000 36.21440425531915
0012 36.37397872340426
0003 36.53355319148937
1000 36.852702127659576
0001 37.171851063829784
0100 37.331425531914896
0010 37.491
0100 37.650574468085104
0001 37.810148936170215
1001 37.96972340425532
1000 38.288872340425534
0100 38.60802127659575
0010 38.767595744680854
0200 38.92717021276596
0300 39.08674468085107
0110 39.24631914893617
0001 39.56546808510638
0100 39.8846170212766
0010 40.0441914893617
0200 40.203765957446805
0300 40.363340425531916
0101 40.52291489361702
0001 41.00163829787234
0100 41.16121276595745
0010 41.320787234042555
1000 41.48036170212766
0010 41.63993617021277
0100 41.799510638297875
0001 41.95908510638298
1000 42.11865957446809
0100 42.437808510638305
0020 42.59738297872341
0030 42.756957446808514
0011 43.07610638297873
0102 43.39525531914894
0003 43.55482978723404
2100 43.71440425531915
3000 43.87397872340426
0102 44.03355319148936
0003 44.19312765957447
1000 44.352702127659576
0100 44.51227659574468
0010 44.831425531914896
0001 44.99100000000001
1000 45.15057446808511
0010 45.310148936170215
0100 45.469723404255326
0001 45.62929787234043
0010 45.788872340425534
0012 45.94844680851064
0003 46.10802127659574
2010 46.267595744680854
3000 46.42717021276596
0012 46.58674468085106
0003 46.74631914893617
0100 46.90589361702128
0001 47.06546808510638
1000 47.3846170212766
0001 47.54419148936171
0100 47.70376595744681
0001 47.863340425531916
1000 48.102702127659576
0001 48.18248936170213
0100 48.342063829787236
0101 48.50163829787234
0001 48.741
0010 48.98036170212766
0200 49.13993617021276
0300 49.37929787234042
1100 49.45908510638298
1000 49.778234042553194
0100 50.017595744680854
0010 50.256957446808514
0002 50.41653191489362
0003 50.65589361702128
1001 50.73568085106383
0001 51.214404255319145
0100 51.37397872340426
0001 51.53355319148936
0010 51.693127659574465
0100 51.852702127659576
0010 52.01227659574468
0001 52.171851063829784
1000 52.331425531914896
0010 52.810148936170215
1000 53.288872340425534
1001 53.60802127659575
0001 53.927170212765965
0100 54.08674468085107
0010 54.24631914893617
1000 54.56546808510639
0001 54.72504255319149
0010 55.0441914893617
0100 55.20376595744681
0010 55.363340425531916
0001 55.52291489361702
1000 55.68248936170213
0010 56.00163829787234
1000 56.320787234042555
0100 56.48036170212767
0010 56.799510638297875
0100 57.11865957446809
1000 57.278234042553194
0001 57.5973829787234
1000 57.756957446808514
0010 58.07610638297872
0100 58.39525531914894
0001 58.55482978723404
1000 59.03355319148937
0100 59.19312765957447
1000 59.352702127659576
0100 59.51227659574469
0010 59.67185106382979
0001 59.831425531914896
0101 59.991
1001 60.46972340425532
0001 60.788872340425534
1000 60.94844680851064
0001 61.10802127659574
0010 61.267595744680854
0100 61.58674468085107
0010 61.90589361702128
0001 62.06546808510639
1000 62.22504255319149
1001 62.54419148936171
0101 63.02291489361703
0001 63.50163829787235
1000 63.66121276595745
1001 63.820787234042555
0001 64.13993617021276
0010 64.29951063829787
0100 64.45908510638299
0010 64.7782340425532
0001 64.9378085106383
1000 65.25695744680851
0010 65.41653191489361
0100 65.57610638297872
0010 65.73568085106383
1000 65.89525531914893
0100 66.21440425531915
0010 66.53355319148937
0001 66.69312765957447
1000 67.0122765957447
0010 67.3314255319149
0100 67.49100000000001
0001 67.81014893617022
1000 67.96972340425532
0100 68.28887234042554
0010 68.60802127659575
0001 68.76759574468086
1000 69.08674468085107
0100 69.24631914893617
1000 69.40589361702128
0010 69.56546808510639
0100 69.72504255319149
0001 70.04419148936171
1001 70.2037659574468
1010 70.68248936170212
1000 70.84206382978724
0100 70.94844680851064
0010 71.05482978723404
0100 71.16121276595744
1000 71.26759574468085
0001 71.37397872340425
0010 71.48036170212767
0010 71.95908510638299
0010 72.1186595744681
0010 72.4378085106383
0210 72.75695744680851
0300 72.83674468085107
0021 73.23568085106383
0030 73.31546808510639
1002 74.03355319148936
0003 74.35270212765957
1000 74.83142553191489
0001 74.991
1000 75.15057446808511
0010 75.46972340425533
1000 75.62929787234043
0010 75.78887234042554
1000 76.10802127659575
0100 76.26759574468086
1000 76.42717021276597
0001 76.74631914893618
1000 76.90589361702128
0001 77.06546808510639
0100 77.3846170212766
0001 77.54419148936171
0100 77.70376595744682
0010 78.02291489361703
1000 78.18248936170212
0010 78.34206382978724
1000 78.66121276595744
0001 78.82078723404256
1000 78.98036170212767
0100 79.29951063829787
1000 79.45908510638297
0100 79.61865957446808
0010 79.93780851063829
0001 80.0973829787234
0010 80.25695744680851
0001 80.57610638297874
1000 80.73568085106383
0001 80.89525531914894
1000 81.21440425531915
0010 81.37397872340426
1000 81.53355319148937
0001 81.85270212765958
0100 82.01227659574468
0001 82.17185106382979
0010 82.491
0100 82.65057446808511
0010 82.81014893617022
0001 83.12929787234043
1000 83.28887234042553
0010 83.44844680851064
1000 83.76759574468085
0001 83.92717021276596
0021 84.24631914893618
0001 84.56546808510639
0031 84.88461702127661
1000 85.20376595744682
0001 85.52291489361703
0100 85.68248936170214
0010 86.00163829787235
1000 86.16121276595746
0100 86.32078723404256
2010 86.79951063829787
0010 87.11865957446808
3020 87.4378085106383
0030 87.5973829787234
1000 87.75695744680851
0001 87.91653191489362
0010 88.23568085106383
0100 88.39525531914893
0010 88.55482978723404
0001 88.71440425531915
0100 88.87397872340425
0001 89.03355319148936
1000 89.35270212765958
0100 89.59206382978724
0010 89.8314255319149
0001 89.99100000000001
1000 90.15057446808511
0010 90.31014893617022
1000 90.46972340425533
0001 90.62929787234043
0010 90.78887234042554
0100 90.94844680851064
1000 91.10802127659575
0001 91.26759574468086
1000 91.42717021276596
0001 91.58674468085107
0100 91.74631914893618
0001 92.06546808510639
0100 92.22504255319149
0001 92.3846170212766
0010 92.54419148936171
0100 92.7037659574468
0010 92.86334042553192
0001 93.02291489361703
1000 93.18248936170214
0001 93.34206382978725
0100 93.42185106382979
0010 93.50163829787235
1000 93.66121276595746
0001 93.82078723404257
1000 93.98036170212767
0100 94.13993617021278
1000 94.29951063829789
2010 94.45908510638299
3000 94.6186595744681
0012 94.7782340425532
0003 94.9378085106383
2010 95.09738297872342
3000 95.25695744680851
1000 95.57610638297874
0001 95.89525531914894
1000 96.05482978723404
0100 96.21440425531915
0010 96.37397872340426
0001 96.53355319148936
1000 96.69312765957447
0100 96.85270212765958
2100 97.01227659574468
3000 97.17185106382979
0102 97.33142553191489
0003 97.491
2100 97.65057446808511
3000 97.81014893617021
1000 98.12929787234043
0001 98.44844680851065
0010 98.60802127659575
0100 98.76759574468086
0010 98.92717021276597
0001 99.08674468085107
0100 99.16653191489362
0010 99.24631914893618
1000 99.40589361702129
0001 99.56546808510639
0010 99.80482978723404
0100 100.04419148936171
0020 100.20376595744682
0030 100.36334042553192
0110 100.52291489361703
0001 100.84206382978724
0100 101.08142553191489
0010 101.32078723404256
0200 101.48036170212767
0300 101.63993617021276
0101 101.79951063829787
0001 102.2782340425532
0010 102.43780851063829
0100 102.5973829787234
1000 102.75695744680851
0100 102.91653191489361
0010 103.07610638297872
0001 103.23568085106383
1000 103.39525531914894
0010 103.87397872340426
2000 104.35270212765958
3000 104.5122765957447
0001 104.67185106382979
1000 104.991
0010 105.15057446808511
0100 105.31014893617022
0010 105.46972340425532
1000 105.62929787234043
0100 105.78887234042554
0010 106.10802127659575
0001 106.26759574468085
0100 106.42717021276596
0010 106.58674468085107
0100 106.74631914893617
0001 107.06546808510639
1000 107.38461702127661
0010 107.54419148936171
0100 107.86334042553193
0010 108.18248936170214
1000 108.34206382978725
0001 108.66121276595746
1000 108.82078723404256
0100 109.13993617021278
0010 109.45908510638299
0001 109.6186595744681
2001 109.7782340425532
3000 109.9378085106383
0001 110.25695744680851
0010 110.57610638297872
0100 110.73568085106383
2200 111.05482978723404
3300 111.21440425531915
2002 111.53355319148936
3003 111.69312765957447
0001 112.01227659574468
0010 112.3314255319149
0100 112.81014893617022
1000 113.12929787234043
0010 113.28887234042554
2020 113.60802127659575
3030 113.76759574468086
2002 114.08674468085107
3003 114.24631914893618
0101 114.56546808510639
1001 114.8846170212766
1000 115.2037659574468
0001 115.36334042553192
0100 115.52291489361703
0010 115.84206382978724
1000 116.00163829787235
0100 116.32078723404257
0010 116.48036170212767
0001 116.63993617021278
0100 116.79951063829789
0010 116.95908510638299
1000 117.27823404255321
0010 117.59738297872342
0100 117.75695744680851
0010 118.07610638297874
1000 118.39525531914894
0100 118.55482978723406
0010 118.87397872340426
0001 119.03355319148936
0100 119.35270212765958
0010 119.67185106382979
1000 119.8314255319149
2001 119.991
3000 120.15057446808511
0001 120.46972340425532
0100 120.78887234042553
0010 120.94844680851064
0200 121.26759574468086
0300 121.34738297872342
0001 121.37397872340426
0010 121.48036170212767
0100 121.58674468085107
0010 121.69312765957447
0001 121.79951063829789
1000 121.90589361702129
0010 122.0122765957447
1000 122.1186595744681
0001 122.2250425531915
0100 122.3314255319149
0001 122.4378085106383
0010 122.54419148936171
0010 123.02291489361703
0010 123.18248936170214
0010 123.50163829787235
0100 123.98036170212767
1001 124.45908510638299
