TITLE Battle in the Moonlight
BPM   170.0
NOTES
0101 7.2120588235294125
1000 7.5649999999999995
0100 8.094411764705884
1000 8.270882352941177
0010 8.44735294117647
1000 8.80029411764706
0001 8.976764705882353
0100 9.506176470588237
0001 9.68264705882353
0010 9.859117647058824
0100 10.21205882352941
1000 10.388529411764706
0001 10.741470588235293
1000 10.917941176470588
1100 11.270882352941177
0001 11.623823529411764
1000 11.712058823529413
0100 11.80029411764706
1000 11.976764705882353
0001 12.065
0100 12.153235294117646
0010 12.241470588235295
1000 12.329705882352942
0010 12.417941176470588
0100 12.506176470588235
0001 12.594411764705882
1000 12.682647058823528
0100 12.770882352941177
0010 12.859117647058824
0001 13.035588235294117
1000 13.212058823529413
0001 13.30029411764706
0010 13.476764705882353
0100 13.565
1000 13.741470588235295
0001 13.917941176470588
1000 14.094411764705884
0010 14.270882352941177
0100 14.44735294117647
0001 14.535588235294119
0100 14.712058823529413
0010 14.888529411764706
1000 14.976764705882353
0001 15.153235294117648
0010 15.329705882352942
0010 15.506176470588235
0100 15.68264705882353
1000 15.859117647058824
0001 16.03558823529412
1000 16.123823529411766
0010 16.30029411764706
0100 16.388529411764708
0001 16.565
1000 16.741470588235295
0100 16.917941176470592
0010 17.094411764705885
0001 17.27088235294118
0010 17.447352941176472
0100 17.62382352941177
1000 17.712058823529414
0010 17.800294117647063
0100 17.888529411764708
0010 17.976764705882356
1000 18.065
0001 18.15323529411765
0100 18.329705882352943
0001 18.417941176470592
2000 18.506176470588237
3010 18.859117647058824
1000 19.03558823529412
0001 19.123823529411766
0010 19.212058823529414
0010 19.388529411764708
0100 19.476764705882356
1000 19.565
0001 19.741470588235295
0100 19.917941176470592
0001 20.094411764705885
1000 20.182647058823534
0010 20.27088235294118
0010 20.447352941176476
0100 20.53558823529412
0001 20.62382352941177
1000 20.976764705882356
0100 21.15323529411765
0020 21.329705882352943
0031 21.68264705882353
1000 21.859117647058827
0001 21.947352941176472
0010 22.03558823529412
0010 22.212058823529414
0100 22.30029411764706
1000 22.388529411764708
0100 22.565
0001 22.7414705882353
0100 22.917941176470592
1000 23.00617647058824
0001 23.094411764705885
0001 23.270882352941182
0100 23.359117647058827
0010 23.447352941176476
1000 23.62382352941177
0010 23.800294117647063
0100 23.976764705882356
0002 24.15323529411765
0013 24.506176470588237
0001 24.682647058823534
1000 24.77088235294118
0010 24.859117647058827
0010 25.03558823529412
0100 25.12382352941177
0001 25.212058823529414
1000 25.388529411764708
0100 25.565
1000 25.741470588235295
0001 25.829705882352943
0010 25.91794117647059
0010 26.094411764705885
0100 26.18264705882353
1000 26.27088235294118
0001 26.623823529411766
0100 26.80029411764706
0020 26.976764705882356
0031 27.329705882352943
0010 27.50617647058824
1000 27.682647058823534
0001 27.859117647058827
0100 27.917941176470592
0001 27.976764705882356
1000 28.03558823529412
0100 28.212058823529414
0010 28.388529411764708
1000 28.565
0010 28.741470588235295
0001 28.917941176470592
2000 29.094411764705885
0001 29.447352941176472
0100 29.623823529411766
3001 29.800294117647063
1000 29.976764705882356
0001 30.329705882352947
0100 30.682647058823534
0010 30.859117647058827
1000 31.03558823529412
0001 31.212058823529414
1000 31.388529411764708
0010 31.7414705882353
0100 32.09441176470588
0001 32.44735294117647
1000 32.623823529411766
0001 32.80029411764706
0010 33.15323529411765
0100 33.50617647058824
1000 33.859117647058824
0001 34.03558823529412
0100 34.21205882352942
0001 34.38852941176471
0010 34.565000000000005
0001 34.91794117647059
1000 35.09441176470589
0010 35.27088235294118
0100 35.44735294117647
0001 35.623823529411766
0100 35.97676470588235
0010 36.32970588235294
1000 36.50617647058824
0001 36.68264705882353
0010 36.859117647058824
0001 37.03558823529412
1000 37.38852941176471
0100 37.741470588235295
1000 38.09441176470588
0001 38.27088235294118
0100 38.447352941176476
0010 38.80029411764706
1000 39.15323529411765
0001 39.32970588235295
0010 39.68264705882353
0001 39.859117647058824
0010 39.94735294117647
0100 40.035588235294114
1000 40.21205882352941
0001 40.3885294117647
1000 40.47676470588235
0001 40.565
1000 40.65323529411764
0010 40.741470588235295
0100 41.09441176470588
0001 41.27088235294118
0100 41.44735294117647
0010 41.623823529411766
0100 41.800294117647056
1000 41.97676470588235
0100 42.15323529411765
0001 42.32970588235294
0010 42.50617647058824
0100 42.682647058823534
0010 42.859117647058824
1000 43.03558823529412
0010 43.21205882352941
0001 43.38852941176471
0010 43.565000000000005
0100 43.741470588235295
1000 43.91794117647059
0010 44.09441176470589
1000 44.27088235294118
0100 44.447352941176476
1000 44.623823529411766
0001 44.80029411764706
0010 44.97676470588236
0001 45.15323529411765
0100 45.32970588235294
1000 45.50617647058824
0100 45.68264705882353
0001 45.859117647058824
1000 46.21205882352941
0010 46.38852941176471
0100 46.565
0001 46.741470588235295
1000 46.91794117647059
0100 47.09441176470588
0010 47.27088235294118
0100 47.44735294117647
0001 47.623823529411766
0100 47.80029411764706
1000 47.97676470588235
0010 48.15323529411765
0100 48.32970588235295
0001 48.50617647058824
0010 48.682647058823534
1000 48.859117647058824
0010 49.03558823529412
0100 49.21205882352942
1000 49.38852941176471
0001 49.565
0010 49.741470588235295
0001 49.917941176470585
0100 50.09441176470588
0001 50.27088235294117
1000 50.44735294117647
0010 50.623823529411766
1000 50.800294117647056
0100 50.97676470588235
0001 51.15323529411765
0100 51.32970588235294
1000 51.50617647058824
0001 51.68264705882353
1000 51.859117647058824
0010 51.94735294117647
0100 52.03558823529412
0001 52.21205882352941
0102 52.38852941176471
1003 52.741470588235295
0100 53.00617647058824
1000 53.09441176470588
0001 53.182647058823534
2000 53.447352941176476
3020 53.80029411764706
0130 54.15323529411765
1000 54.32970588235295
0100 54.50617647058824
0001 54.682647058823534
0020 54.85911764705883
0030 55.182647058823534
2100 55.21205882352941
3001 55.565
1000 55.65323529411764
0001 55.741470588235295
0100 55.82970588235294
0001 56.09441176470588
1000 56.27088235294118
0010 56.623823529411766
0100 56.80029411764706
0001 56.88852941176471
1000 56.97676470588235
0100 57.15323529411765
1000 57.241470588235295
0001 57.32970588235294
0010 57.41794117647059
0001 57.50617647058824
1000 57.682647058823534
0010 57.859117647058824
0100 58.03558823529412
0101 58.38852941176471
1000 58.565000000000005
1100 58.91794117647059
0001 59.09441176470589
1000 59.27088235294118
0010 59.44735294117647
1010 59.800294117647056
0001 59.97676470588235
0010 60.32970588235294
0001 60.417941176470585
1000 60.50617647058824
0001 60.68264705882353
0100 60.77088235294117
0010 60.859117647058824
1000 61.03558823529412
0010 61.123823529411766
1000 61.21205882352941
0010 61.300294117647056
0100 61.38852941176471
0001 61.565
1000 61.65323529411765
0001 61.741470588235295
1000 61.82970588235294
0100 61.91794117647059
0010 62.09441176470588
0001 62.27088235294118
0011 62.447352941176476
1000 62.623823529411766
0010 62.80029411764706
1010 62.97676470588235
1000 63.15323529411765
0001 63.32970588235295
0001 63.50617647058824
0010 63.682647058823534
0001 63.85911764705883
1000 63.947352941176476
0100 64.03558823529413
1000 64.12382352941177
0001 64.21205882352942
0010 64.38852941176471
0001 64.47676470588236
1000 64.56500000000001
0100 64.65323529411765
1000 64.7414705882353
0020 64.91794117647059
1030 65.27088235294119
0001 65.35911764705882
0100 65.44735294117648
0001 65.53558823529411
1000 65.62382352941177
0010 65.80029411764706
1000 65.88852941176471
0001 65.97676470588235
0100 66.065
0001 66.15323529411765
0020 66.32970588235294
0130 66.68264705882353
1000 66.77088235294119
0001 66.85911764705884
1000 66.94735294117648
0100 67.03558823529413
0010 67.21205882352942
0100 67.30029411764707
1000 67.38852941176471
0001 67.56500000000001
0200 67.7414705882353
0310 68.09441176470588
1000 68.18264705882353
0010 68.27088235294119
2000 68.44735294117648
3001 68.62382352941177
0010 68.71205882352942
0001 68.80029411764706
1000 68.88852941176471
0010 68.97676470588236
0110 69.15323529411765
0001 69.32970588235294
1000 69.50617647058823
0001 69.59441176470588
0100 69.68264705882353
0001 69.77088235294117
1000 69.85911764705882
0010 70.03558823529411
1000 70.12382352941177
0001 70.2120588235294
0100 70.30029411764706
0001 70.38852941176471
0020 70.565
0031 70.91794117647059
1000 71.00617647058824
0100 71.0944117647059
1000 71.18264705882353
0001 71.27088235294119
0010 71.44735294117648
0001 71.53558823529413
1000 71.62382352941177
0100 71.71205882352942
1000 71.80029411764707
0020 71.97676470588236
0130 72.15323529411765
0001 72.2414705882353
0100 72.32970588235294
0001 72.41794117647059
1000 72.50617647058824
0100 72.59441176470588
1000 72.68264705882353
0100 72.77088235294119
0010 72.85911764705882
0001 72.94735294117648
1000 73.03558823529411
0010 73.12382352941177
0100 73.21205882352942
0010 73.30029411764706
1000 73.38852941176471
0001 73.565
1000 73.74147058823529
0010 73.82970588235294
1000 74.00617647058823
0001 74.18264705882353
0010 74.27088235294117
0100 74.44735294117646
0010 74.53558823529411
0002 74.62382352941177
1003 74.97676470588236
0011 75.32970588235295
0001 75.50617647058824
1000 75.5944117647059
0010 75.77088235294119
0100 75.94735294117648
0001 76.03558823529413
0001 76.21205882352942
1000 76.38852941176471
0010 76.47676470588236
1000 76.65323529411765
0001 76.82970588235294
0010 76.91794117647059
0010 77.09441176470588
0100 77.27088235294117
2000 77.44735294117648
3001 77.80029411764706
1100 78.15323529411765
1000 78.32970588235294
0010 78.41794117647059
1000 78.59441176470588
0001 78.77088235294117
0100 78.85911764705882
1000 79.03558823529411
0100 79.21205882352942
0001 79.30029411764707
1000 79.47676470588236
0100 79.65323529411765
0010 79.7414705882353
0001 79.82970588235295
1000 79.91794117647059
0001 80.00617647058824
0010 80.09441176470588
0100 80.18264705882353
2000 80.27088235294119
3001 80.62382352941177
1010 80.97676470588236
1000 81.15323529411765
0001 81.2414705882353
0010 81.41794117647059
0100 81.59441176470588
1000 81.68264705882353
1000 81.85911764705882
0001 82.03558823529411
0010 82.12382352941177
0001 82.30029411764706
1000 82.47676470588235
0010 82.565
0010 82.74147058823529
0100 82.91794117647058
0002 83.09441176470588
1003 83.44735294117648
0101 83.80029411764707
0001 83.97676470588236
0010 84.06500000000001
0001 84.2414705882353
1000 84.41794117647059
0100 84.50617647058824
0010 84.59441176470588
0001 84.68264705882353
1000 84.77088235294119
0010 84.85911764705882
0110 85.12382352941177
1010 85.38852941176471
1001 85.65323529411765
0021 85.91794117647059
0130 86.27088235294119
1200 86.62382352941178
0010 86.88852941176472
0300 87.06500000000001
0100 87.15323529411765
2000 87.32970588235295
3001 87.68264705882353
0101 88.03558823529413
0200 88.21205882352942
0310 88.565
2010 88.7414705882353
3001 89.09441176470588
0100 89.44735294117648
0001 89.53558823529411
1000 89.62382352941177
0010 89.80029411764706
1000 89.97676470588235
0001 90.15323529411765
0021 90.32970588235294
1030 90.68264705882353
0010 90.85911764705884
0100 91.03558823529413
1000 91.21205882352942
0001 91.38852941176471
0100 91.56500000000001
0120 91.7414705882353
1030 92.27088235294119
2010 92.44735294117648
3001 92.80029411764706
0010 92.88852941176471
0002 92.97676470588236
1003 93.50617647058823
0001 93.59441176470588
0100 93.68264705882353
0001 93.77088235294117
0100 93.85911764705882
0010 93.94735294117648
1000 94.03558823529411
1010 94.38852941176471
1001 94.7414705882353
0001 94.91794117647059
0010 95.00617647058824
0001 95.0944117647059
0010 95.18264705882353
0100 95.27088235294119
1000 95.44735294117648
0001 95.53558823529413
1000 95.62382352941177
0001 95.71205882352942
0100 95.80029411764707
0010 95.97676470588236
1000 96.06500000000001
0010 96.15323529411765
1000 96.2414705882353
0001 96.32970588235294
0010 96.50617647058824
0200 96.68264705882353
0010 96.85911764705882
1300 97.21205882352942
1002 97.565
0013 97.91794117647059
0001 98.09441176470588
1000 98.18264705882353
0010 98.27088235294117
0010 98.44735294117646
0100 98.53558823529411
0001 98.62382352941177
1000 98.80029411764706
0100 98.97676470588236
1000 99.15323529411765
0001 99.2414705882353
0010 99.32970588235295
0010 99.50617647058824
0100 99.5944117647059
1000 99.68264705882353
0001 100.03558823529413
0100 100.21205882352942
0020 100.38852941176471
1030 100.7414705882353
0001 100.91794117647059
1000 101.00617647058824
0010 101.09441176470588
0010 101.27088235294117
0100 101.35911764705882
0001 101.44735294117648
0100 101.62382352941177
1000 101.80029411764707
0100 101.97676470588236
0001 102.06500000000001
1000 102.15323529411766
1000 102.32970588235295
0100 102.4179411764706
0010 102.50617647058824
0001 102.68264705882353
0010 102.85911764705884
0100 103.03558823529413
2000 103.21205882352942
3010 103.56500000000001
1000 103.7414705882353
0001 103.82970588235295
0010 103.91794117647059
0010 104.09441176470588
0100 104.18264705882353
1000 104.27088235294119
0001 104.44735294117648
0100 104.62382352941177
0001 104.80029411764706
1000 104.88852941176471
0010 104.97676470588236
0010 105.15323529411765
0100 105.2414705882353
0001 105.32970588235294
1000 105.68264705882353
0100 105.85911764705882
0020 106.03558823529413
1030 106.38852941176472
0010 106.56500000000001
0001 106.7414705882353
1000 106.91794117647059
0100 106.97676470588236
1000 107.03558823529413
0001 107.0944117647059
0100 107.27088235294119
0010 107.44735294117648
0001 107.62382352941177
0010 107.80029411764707
1000 107.97676470588236
0002 108.15323529411765
0003 108.50617647058824
2001 108.85911764705882
3100 109.21205882352942
0010 109.38852941176471
0001 109.47676470588236
1000 109.565
0001 109.74147058823529
0010 109.82970588235294
0100 109.91794117647059
1000 110.09441176470588
0010 110.27088235294119
0100 110.44735294117648
0001 110.53558823529413
1000 110.62382352941178
0001 110.80029411764707
0100 110.88852941176472
0010 110.97676470588236
1000 111.06500000000001
0010 111.15323529411765
1000 111.2414705882353
0001 111.32970588235295
0100 111.50617647058824
0201 111.68264705882353
0310 112.03558823529413
1000 112.21205882352942
0001 112.30029411764707
1000 112.38852941176471
0100 112.565
1000 112.65323529411765
0001 112.7414705882353
0010 112.91794117647059
1000 113.09441176470588
0010 113.27088235294117
0001 113.35911764705882
1000 113.44735294117648
0010 113.62382352941177
1000 113.71205882352942
0020 113.80029411764706
0130 114.15323529411765
0001 114.32970588235294
1002 114.50617647058824
0103 114.85911764705884
0010 115.03558823529413
1000 115.12382352941178
0001 115.21205882352942
1000 115.38852941176471
0010 115.47676470588236
0100 115.56500000000001
0001 115.7414705882353
0010 115.91794117647059
0100 116.09441176470588
1000 116.18264705882353
0001 116.27088235294119
1000 116.44735294117648
0100 116.53558823529413
0010 116.62382352941177
0001 116.71205882352942
0010 116.80029411764706
0001 116.88852941176471
1000 116.97676470588236
0100 117.15323529411765
1200 117.32970588235294
0301 117.68264705882353
0100 117.85911764705882
1000 118.03558823529411
0001 118.2120588235294
0010 118.27088235294117
0001 118.32970588235294
1000 118.38852941176471
0010 118.565
0001 118.7414705882353
0010 118.91794117647059
1000 119.0944117647059
0001 119.27088235294119
0010 119.44735294117648
0100 119.62382352941177
0010 119.71205882352942
0001 119.80029411764707
1000 119.97676470588236
0010 120.15323529411765
0100 120.32970588235294
0001 120.50617647058824
1000 120.59441176470588
0001 120.77088235294119
0100 120.85911764705882
0010 121.03558823529411
1000 121.21205882352942
0001 121.38852941176471
0010 121.56500000000001
0100 121.7414705882353
1000 121.82970588235295
0001 122.00617647058824
0100 122.18264705882355
0010 122.27088235294119
1000 122.44735294117648
0002 122.62382352941178
0003 122.80029411764707
0010 122.97676470588236
0100 123.15323529411765
1000 123.32970588235295
0001 123.41794117647059
1000 123.5944117647059
0100 123.68264705882353
0010 123.85911764705882
0001 124.03558823529413
1000 124.21205882352942
0010 124.38852941176471
0100 124.565
0001 124.65323529411765
0100 124.7414705882353
0010 124.91794117647059
1000 125.00617647058824
0020 125.09441176470588
0200 125.44735294117648
0330 125.62382352941177
0001 125.80029411764707
1000 125.97676470588236
0010 126.06500000000001
0100 126.2414705882353
0001 126.4179411764706
1000 126.50617647058824
0100 126.68264705882353
1000 126.85911764705884
0010 127.03558823529413
0100 127.21205882352942
0001 127.38852941176471
0010 127.47676470588236
0100 127.65323529411765
1000 127.82970588235295
0001 127.91794117647059
0100 128.09441176470588
0001 128.2708823529412
0010 128.4473529411765
0100 128.62382352941177
1000 128.71205882352942
0100 128.80029411764707
1000 128.88852941176472
0001 128.97676470588237
0100 129.065
0001 129.15323529411765
0100 129.2414705882353
0010 129.32970588235295
1000 129.4179411764706
0001 129.50617647058823
0010 129.59441176470588
0100 129.68264705882353
0020 129.85911764705884
0030 130.21205882352942
0110 130.3885294117647
2002 130.7414705882353
3003 131.09441176470588
