TITLE Berry Berry Strawberry
BPM   140.0
NOTES
1001 6.845142857142857
0001 7.166571428571428
1000 7.273714285714286
0010 7.488
0100 7.702285714285714
0100 8.023714285714284
0001 8.130857142857142
1000 8.345142857142857
0100 8.55942857142857
0010 8.880857142857142
0001 8.988
1000 9.202285714285713
0010 9.416571428571428
0010 9.738
1000 9.845142857142857
0001 10.05942857142857
0010 10.273714285714284
0100 10.595142857142855
1000 10.702285714285713
0001 10.916571428571427
1000 11.130857142857142
1000 11.452285714285713
0010 11.559428571428569
0100 11.773714285714284
0001 11.988
1000 12.202285714285713
0100 12.30942857142857
0010 12.523714285714286
0001 12.630857142857142
1000 12.845142857142857
0010 12.952285714285713
0100 13.05942857142857
0001 13.166571428571428
1000 13.273714285714284
0001 13.488
1010 13.702285714285713
1000 13.916571428571427
0101 14.130857142857142
0001 14.345142857142855
1001 14.55942857142857
1000 14.773714285714284
0100 14.880857142857142
0010 14.988
0001 15.202285714285713
0101 15.416571428571427
0100 15.63085714285714
1010 15.845142857142855
0010 16.05942857142857
1000 16.273714285714284
0001 16.380857142857142
0010 16.595142857142854
0001 16.70228571428571
0100 16.916571428571427
0110 17.130857142857142
0010 17.345142857142857
1001 17.55942857142857
1000 17.773714285714284
0011 17.988
0001 18.202285714285715
1000 18.30942857142857
0010 18.416571428571427
0100 18.630857142857142
0101 18.845142857142857
0001 19.059428571428572
1100 19.273714285714284
1000 19.488
0001 19.702285714285715
0100 19.809428571428572
0010 20.023714285714284
1000 20.130857142857142
0001 20.345142857142857
1100 20.55942857142857
0100 20.773714285714284
0011 20.987999999999996
0010 21.20228571428571
1001 21.416571428571427
1000 21.630857142857142
0001 21.737999999999996
0100 21.845142857142854
0010 22.05942857142857
1001 22.273714285714284
1000 22.488
0101 22.70228571428571
0001 22.916571428571427
1000 23.130857142857142
0100 23.238
1000 23.45228571428571
0010 23.55942857142857
0100 23.773714285714284
0101 23.988
0001 24.202285714285715
1010 24.416571428571427
1000 24.630857142857142
1001 24.845142857142857
0001 25.059428571428572
0010 25.166571428571427
0100 25.273714285714284
0010 25.488
0011 25.70228571428571
0001 25.916571428571427
1010 26.13085714285714
1000 26.345142857142854
0001 26.55942857142857
1000 26.666571428571427
0010 26.88085714285714
0100 26.987999999999996
0001 27.20228571428571
1000 27.416571428571427
0100 27.523714285714284
0010 27.630857142857142
0100 27.738
1000 27.845142857142854
0001 28.05942857142857
0100 28.273714285714284
0001 28.488
0010 28.595142857142854
0100 28.70228571428571
0010 28.916571428571427
0001 29.130857142857142
0100 29.238
0010 29.345142857142857
0100 29.452285714285715
0010 29.55942857142857
1000 29.666571428571427
0010 29.773714285714284
1000 29.988
0010 30.095142857142857
0100 30.202285714285715
0001 30.30942857142857
0100 30.416571428571427
0001 30.523714285714284
1000 30.630857142857142
0100 30.845142857142854
1000 30.95228571428571
0100 31.05942857142857
1000 31.166571428571427
0001 31.27371428571428
0100 31.38085714285714
0001 31.487999999999996
0100 31.595142857142854
0010 31.70228571428571
1000 31.80942857142857
0001 31.916571428571427
0010 32.023714285714284
0100 32.13085714285714
1000 32.345142857142854
0001 32.55942857142857
0100 32.66657142857142
0001 32.773714285714284
1000 32.88085714285714
0100 32.988
0010 33.202285714285715
0100 33.30942857142857
1000 33.41657142857142
0001 33.63085714285714
0100 33.738
0010 33.845142857142854
0100 34.05942857142857
0100 34.273714285714284
0001 34.388
1000 34.50228571428571
0001 34.616571428571426
0010 34.73085714285714
0100 34.845142857142854
1000 35.07371428571428
0100 35.302285714285716
1000 35.41657142857143
0001 35.530857142857144
0100 35.75942857142857
0010 35.988
1000 36.095142857142854
0010 36.202285714285715
0100 36.30942857142857
0010 36.41657142857143
1000 36.523714285714284
0001 36.630857142857145
0010 36.845142857142854
0100 36.952285714285715
1000 37.05942857142857
0100 37.16657142857143
0010 37.273714285714284
0001 37.380857142857145
1000 37.488
0010 37.702285714285715
0100 37.80942857142857
0010 37.91657142857143
1000 38.023714285714284
0010 38.130857142857145
0100 38.238
0001 38.34514285714286
1000 38.452285714285715
0100 38.55942857142857
0010 38.66657142857143
0100 38.773714285714284
1000 38.880857142857145
0001 38.988
1000 39.202285714285715
0001 39.41657142857142
0010 39.52371428571428
0001 39.63085714285714
1000 39.73799999999999
0010 39.845142857142854
0100 40.05942857142857
0001 40.16657142857142
1000 40.27371428571428
0100 40.48799999999999
0010 40.595142857142854
0001 40.70228571428571
1000 40.91657142857142
1010 41.13085714285714
0020 41.345142857142854
1030 41.55942857142857
0002 41.773714285714284
0013 41.98799999999999
0200 42.20228571428571
2300 42.41657142857142
3002 42.63085714285714
0103 42.845142857142854
0001 43.05942857142857
1000 43.16657142857142
0100 43.488
0010 43.70228571428571
0001 43.91657142857142
1000 44.023714285714284
0010 44.345142857142854
1000 44.55942857142857
0200 44.773714285714284
1300 44.988
0002 45.202285714285715
1003 45.41657142857142
0020 45.63085714285714
0230 45.845142857142854
0320 46.05942857142857
1030 46.273714285714284
0001 46.488
0010 46.595142857142854
0100 46.91657142857143
1100 47.13085714285714
1001 47.452285714285715
0101 47.773714285714284
0110 47.988
0020 48.202285714285715
1030 48.41657142857143
0002 48.630857142857145
0013 48.845142857142854
0200 49.05942857142857
2300 49.273714285714284
3020 49.488
0130 49.70228571428571
0001 49.91657142857142
0010 50.02371428571428
0100 50.345142857142854
1000 50.55942857142856
0010 50.77371428571428
0100 50.88085714285714
0001 51.20228571428571
1000 51.41657142857142
0100 51.52371428571428
1000 51.63085714285714
0001 51.73799999999999
0100 51.845142857142854
0001 51.95228571428571
1000 52.05942857142857
0100 52.16657142857142
0010 52.27371428571428
0001 52.38085714285714
0010 52.48799999999999
0100 52.595142857142854
1000 52.70228571428571
0010 52.80942857142857
0100 52.91657142857142
0001 53.02371428571428
1000 53.13085714285714
3001 54.20228571428571
0001 54.41657142857142
0001 54.63085714285714
1100 54.845142857142854
0001 55.273714285714284
0101 55.488
0100 55.91657142857142
0001 56.13085714285714
0010 56.345142857142854
0100 56.55942857142857
1000 56.773714285714284
0010 56.988
0110 57.202285714285715
0001 57.63085714285714
1000 57.845142857142854
0001 58.05942857142857
0010 58.488
0100 58.702285714285715
0010 58.91657142857143
0001 59.13085714285714
0100 59.345142857142854
0010 59.55942857142857
1000 59.773714285714284
0001 60.202285714285715
1000 60.41657142857143
0100 60.630857142857145
1000 60.845142857142854
0001 61.05942857142857
0100 61.273714285714284
1010 61.70228571428571
0001 62.13085714285714
0011 62.345142857142854
1000 62.77371428571428
0100 62.98799999999999
1000 63.20228571428571
0001 63.41657142857142
0100 63.63085714285714
0010 63.845142857142854
1010 64.05942857142857
1000 64.488
0100 64.70228571428571
1000 64.91657142857142
0001 65.34514285714285
0100 65.55942857142857
0001 65.77371428571428
0010 65.988
0100 66.20228571428571
1000 66.41657142857143
0010 66.63085714285714
0100 67.05942857142855
0001 67.27371428571428
1000 67.48799999999999
0100 67.70228571428571
0010 67.91657142857142
0001 68.13085714285714
1001 68.55942857142857
1000 68.77371428571428
0010 68.988
0100 69.20228571428571
0001 69.30942857142857
0010 69.63085714285714
0100 69.84514285714286
1000 70.05942857142857
0001 70.48799999999999
1000 70.70228571428571
0010 70.91657142857142
0100 71.02371428571428
0010 71.34514285714285
1000 71.55942857142857
0001 71.77371428571428
1000 72.20228571428571
0100 72.41657142857143
0010 72.63085714285714
0001 72.738
1000 73.05942857142857
0010 73.27371428571429
1000 73.488
0001 73.91657142857142
0010 74.13085714285714
0100 74.34514285714285
0010 74.45228571428571
0100 74.77371428571428
1000 74.988
1000 75.20228571428571
1001 75.41657142857143
0001 75.63085714285714
1000 75.84514285714286
0100 76.05942857142857
1000 76.27371428571429
0001 76.488
0100 76.70228571428572
0001 76.91657142857143
1000 77.13085714285714
0100 77.34514285714285
0010 77.55942857142857
0001 77.77371428571428
0010 77.988
0100 78.20228571428571
1000 78.41657142857143
0001 78.63085714285714
1000 78.84514285714285
0010 78.95228571428571
1000 79.05942857142855
0010 79.16657142857142
0100 79.27371428571428
0001 79.38085714285714
0100 79.48799999999999
0010 79.59514285714285
1000 79.70228571428571
0001 79.80942857142855
0010 79.91657142857142
0100 80.02371428571428
0010 80.13085714285714
0001 80.23799999999999
0010 80.34514285714285
0100 80.45228571428571
1000 80.55942857142857
0001 80.66657142857143
0100 80.77371428571428
0001 80.88085714285714
1000 80.988
0100 81.09514285714286
0010 81.20228571428571
0001 81.30942857142857
1000 81.41657142857143
1100 81.738
0101 82.05942857142857
0001 82.27371428571428
0100 82.38085714285714
0001 82.48799999999999
1000 82.59514285714285
0100 82.70228571428571
0010 82.91657142857142
0100 83.13085714285714
1000 83.34514285714285
0001 83.45228571428571
0100 83.55942857142857
0010 83.77371428571428
1000 83.988
0010 84.09514285714286
1000 84.20228571428571
0001 84.30942857142857
0010 84.41657142857143
0100 84.52371428571429
1000 84.63085714285714
0001 84.84514285714286
0010 84.95228571428571
0001 85.05942857142857
1000 85.16657142857143
0010 85.27371428571429
0100 85.38085714285714
0001 85.488
1000 85.70228571428571
0100 85.80942857142857
0010 85.91657142857142
0100 86.02371428571428
0010 86.13085714285714
0001 86.238
0010 86.34514285714285
0100 86.45228571428571
1000 86.55942857142857
0001 86.66657142857142
0100 86.77371428571428
0010 86.88085714285714
1000 86.988
0001 87.20228571428571
1000 87.41657142857143
0001 87.52371428571429
0100 87.63085714285714
0001 87.738
1000 87.84514285714286
0010 88.05942857142857
0100 88.16657142857143
0001 88.27371428571429
1000 88.488
0100 88.59514285714286
0010 88.70228571428572
0001 88.91657142857143
1000 89.13085714285714
0010 89.238
1000 89.34514285714285
0001 89.45228571428571
0010 89.55942857142857
0100 89.77371428571428
0010 89.988
0100 90.20228571428571
1000 90.30942857142857
0001 90.41657142857143
0100 90.63085714285714
0010 90.84514285714285
1000 90.95228571428571
0010 91.05942857142855
1000 91.16657142857142
0001 91.27371428571428
0010 91.38085714285714
0100 91.48799999999999
0010 91.70228571428571
0001 91.80942857142855
1000 91.91657142857142
0010 92.02371428571428
1000 92.13085714285714
0001 92.23799999999999
0010 92.34514285714285
0100 92.45228571428571
1000 92.55942857142857
0001 92.66657142857143
1000 92.77371428571428
0001 92.88085714285714
0100 92.988
0001 93.09514285714286
0100 93.20228571428571
0001 93.30942857142857
0100 93.41657142857143
0010 93.52371428571428
0100 93.63085714285714
0010 93.738
1000 93.84514285714286
0010 93.95228571428571
1000 94.05942857142857
0010 94.16657142857143
1000 94.27371428571428
0001 94.38085714285714
0010 94.48799999999999
0100 94.59514285714285
1000 94.70228571428571
0100 94.80942857142857
0010 94.91657142857142
0001 95.02371428571428
1000 95.13085714285714
1010 95.45228571428571
0011 95.77371428571428
0001 95.988
1000 96.20228571428571
0001 96.41657142857143
0100 96.63085714285714
0001 96.84514285714286
0010 97.05942857142857
0001 97.16657142857143
0001 97.38085714285714
1000 97.488
0010 97.70228571428571
1000 97.91657142857142
0100 98.13085714285714
1000 98.34514285714285
0001 98.55942857142857
1000 98.77371428571428
0100 98.88085714285714
0100 99.09514285714285
1000 99.20228571428571
0010 99.41657142857142
0100 99.63085714285712
0010 99.84514285714285
1000 100.05942857142855
0010 100.27371428571428
0100 100.48799999999999
0001 100.59514285714285
0001 100.80942857142855
0010 100.91657142857142
1001 101.13085714285714
1000 101.34514285714285
0010 101.45228571428571
1000 101.66657142857143
0001 101.77371428571428
0100 101.988
0010 102.09514285714285
1000 102.20228571428571
0001 102.30942857142857
1000 102.41657142857143
0001 102.63085714285714
0101 102.84514285714285
0100 103.05942857142855
1010 103.27371428571428
1000 103.48799999999999
0011 103.70228571428571
0010 103.91657142857142
0001 104.02371428571428
1000 104.13085714285714
0010 104.34514285714285
0110 104.55942857142857
0100 104.77371428571428
1001 104.988
0001 105.20228571428571
1000 105.41657142857143
0100 105.52371428571428
1000 105.738
0001 105.84514285714286
0100 106.05942857142857
0110 106.27371428571428
0010 106.48799999999999
0101 106.70228571428571
0100 106.91657142857142
1001 107.13085714285714
0001 107.34514285714285
1000 107.45228571428571
0100 107.55942857142857
0010 107.77371428571428
0011 107.988
0001 108.20228571428571
1010 108.41657142857143
1000 108.63085714285714
0001 108.84514285714286
0100 108.95228571428571
0010 109.16657142857143
0100 109.27371428571429
0001 109.488
1001 109.70228571428571
1000 109.91657142857142
0101 110.13085714285714
0001 110.34514285714285
1100 110.55942857142857
1000 110.77371428571428
0001 110.88085714285714
0100 110.988
0010 111.20228571428571
1010 111.41657142857142
1000 111.63085714285712
0011 111.84514285714285
0001 112.05942857142855
1000 112.27371428571428
0100 112.38085714285712
0010 112.59514285714285
0001 112.70228571428571
0100 112.91657142857142
0110 113.13085714285714
0010 113.34514285714285
0101 113.55942857142857
0100 113.77371428571428
1001 113.988
0001 114.20228571428571
0010 114.30942857142857
0100 114.41657142857143
1000 114.63085714285714
1100 114.84514285714285
0100 115.05942857142855
0011 115.27371428571428
0010 115.48799999999999
0001 115.70228571428571
1000 115.80942857142855
0010 116.02371428571428
0100 116.13085714285714
0001 116.34514285714285
1000 116.55942857142857
0001 116.77371428571428
0100 116.88085714285714
0001 117.09514285714286
1000 117.20228571428571
0100 117.41657142857143
0010 117.52371428571428
0001 117.63085714285714
1000 117.738
0001 117.84514285714286
0100 118.05942857142857
2002 118.48799999999999
3003 121.70228571428571
