TITLE Botch Never Die
BPM   200.0
NOTES
1001 9.592
1000 9.892000000000001
0001 10.192
0100 10.492
0010 10.792
0100 11.092
0001 11.392
0010 11.692
0100 11.842
0100 11.992
1000 12.292000000000002
0100 12.592
1000 12.892000000000001
0001 13.192
1000 13.492
0010 13.792
1000 14.092
0001 14.392
0010 14.542
0100 14.692
0010 14.841999999999999
0001 14.991999999999999
0100 15.142
0010 15.292
1000 15.442
0100 15.592
0010 15.667
0100 15.742
1000 15.817
0001 15.892000000000001
0100 15.967
0010 16.042
1000 16.117
0010 16.192
0100 16.267
0001 16.342000000000002
0010 16.417
0100 16.492
1000 16.567
0001 16.642
1000 16.717000000000002
0001 16.792
0101 17.242
1100 17.692
1000 17.992
0001 18.067
1000 18.142
0001 18.217000000000002
1000 18.292
0100 18.367
0010 18.442
0100 18.517
0010 18.592000000000002
0001 18.667
0010 18.742
0100 18.817
1000 18.892
1002 19.192
0100 19.492
0100 19.792
0100 20.092
0003 20.242
0100 20.392
0001 20.467
0100 20.541999999999998
0001 20.692
1000 20.767
0001 20.842
1000 20.992
0100 21.067
1000 21.142
0100 21.291999999999998
0010 21.367
0100 21.442
2000 21.592
0001 21.892
0001 22.192
0001 22.491999999999997
3000 22.642
0001 22.792
0100 22.867
0001 22.942
0100 23.092000000000002
0010 23.167
0100 23.242
0010 23.392000000000003
1000 23.467000000000002
0010 23.542
1000 23.692
0001 23.842000000000002
0012 23.992
1000 24.292
1000 24.592000000000002
1000 24.892
0003 25.042
1000 25.192
0010 25.267
1000 25.342
0010 25.492
0100 25.567
0010 25.642
0100 25.792
0001 25.867
0100 25.942
0001 26.092
1000 26.167
0001 26.242
1200 26.392
0010 26.692
0010 26.992
0010 27.291999999999998
0300 27.442
0010 27.592
0001 27.666999999999998
0010 27.741999999999997
0001 27.892
1000 27.967
0001 28.041999999999998
1000 28.192
0010 28.267
1000 28.342
0010 28.491999999999997
0100 28.567
0010 28.642
0210 28.791999999999998
0001 29.092
0010 29.392
0001 29.691999999999997
0300 29.842
0001 29.992
0010 30.067
0100 30.142
0010 30.292
0100 30.367
1000 30.442
0010 30.592000000000002
0100 30.667
0001 30.742
0100 30.892
0010 30.967000000000002
1000 31.042
0200 31.192
0010 31.492
1000 31.792
0010 32.092
0300 32.242
0010 32.391999999999996
0001 32.467
1000 32.541999999999994
0010 32.69199999999999
1000 32.766999999999996
0001 32.842
0010 32.992
0100 33.06699999999999
1000 33.141999999999996
0100 33.291999999999994
0010 33.44199999999999
0012 33.592
1000 33.891999999999996
0010 34.192
1000 34.492
0003 34.641999999999996
1000 34.791999999999994
0010 34.867
0100 34.94199999999999
0001 35.09199999999999
0100 35.166999999999994
0010 35.242
1000 35.391999999999996
0001 35.46699999999999
0010 35.541999999999994
0100 35.69199999999999
1000 35.766999999999996
0001 35.84199999999999
2000 35.992
0010 36.291999999999994
0001 36.592
0010 36.891999999999996
3000 37.041999999999994
0010 37.19199999999999
1000 37.266999999999996
0001 37.34199999999999
0010 37.49199999999999
0100 37.56699999999999
1000 37.641999999999996
0100 37.791999999999994
0010 37.86699999999999
0001 37.94199999999999
0100 38.09199999999999
0010 38.166999999999994
1000 38.24199999999999
1002 38.391999999999996
0203 38.69199999999999
0320 38.992
0130 39.291999999999994
2000 39.44199999999999
3100 39.742
0001 39.891999999999996
0010 40.042
0100 40.192
1000 40.342
0010 40.492
0100 40.641999999999996
0002 40.791999999999994
0023 41.09199999999999
0032 41.391999999999996
0103 41.69199999999999
2000 41.84199999999999
3100 42.141999999999996
0001 42.291999999999994
0010 42.442
0100 42.592
0010 42.742
0001 42.891999999999996
1000 43.041999999999994
0100 43.19199999999999
1000 43.49199999999999
0001 43.791999999999994
0100 43.94199999999999
1010 44.24199999999999
1000 44.541999999999994
0001 44.69199999999999
0010 44.842
0200 44.992
1300 45.291999999999994
0001 45.44199999999999
1000 45.592
0001 45.891999999999996
0100 46.042
0110 46.342
1010 46.641999999999996
1002 46.94199999999999
1000 47.391999999999996
0103 47.69199999999999
2001 47.992
3200 48.291999999999994
2300 48.592
3010 48.891999999999996
0002 49.041999999999994
0013 49.34199999999999
1000 49.49199999999999
0100 49.641999999999996
0010 49.791999999999994
0001 49.94199999999999
1000 50.09199999999999
0010 50.24199999999999
0200 50.391999999999996
0302 50.69199999999999
0023 50.992
0130 51.291999999999994
0002 51.44199999999999
0103 51.742
2000 51.891999999999996
3010 52.192
0100 52.342
0010 52.492
1000 52.641999999999996
0001 52.791999999999994
0011 53.09199999999999
2010 53.391999999999996
3001 53.69199999999999
0010 53.84199999999999
0100 54.141999999999996
1000 54.291999999999994
0010 54.442
0100 54.592
0101 54.891999999999996
1001 55.19199999999999
1100 55.34199999999999
1000 55.641999999999996
1010 55.791999999999994
1001 55.94199999999999
0101 56.24199999999999
0001 56.391999999999996
1000 56.467
0100 56.541999999999994
0010 56.617
0100 56.69199999999999
1000 56.766999999999996
0001 56.842
1000 56.916999999999994
0002 56.992
0203 57.141999999999996
0320 57.291999999999994
2030 57.44199999999999
3100 57.59199999999999
0010 57.791999999999994
0100 57.89199999999999
0010 58.09199999999999
0001 58.19199999999999
1000 58.291999999999994
0010 58.39199999999999
0100 58.49199999999999
0001 58.69199999999999
0100 58.791999999999994
0001 58.992
1000 59.09199999999999
0100 59.291999999999994
1000 59.391999999999996
0010 59.59199999999999
0100 59.69199999999999
0001 59.891999999999996
1000 59.992
0001 60.192
0100 60.291999999999994
0001 60.492
1000 60.592
0100 60.692
0010 60.791999999999994
0001 60.891999999999996
0100 61.092
0010 61.19199999999999
0100 61.391999999999996
0001 61.49199999999999
1000 61.69199999999999
0100 61.791999999999994
1000 61.99199999999999
0010 62.09199999999999
0100 62.291999999999994
0001 62.391999999999996
0010 62.541999999999994
0100 62.69199999999999
1000 62.842
0010 62.992
0100 63.141999999999996
0010 63.291999999999994
1000 63.44199999999999
0001 63.59199999999999
0010 63.74199999999999
0100 63.89199999999999
0010 64.042
0001 64.192
0100 64.267
0010 64.342
1000 64.417
0100 64.492
0010 64.567
0001 64.642
1000 64.717
0002 64.792
0003 65.017
0202 65.242
0303 65.467
2020 65.69200000000001
3030 65.917
2002 66.14200000000001
3003 66.367
0022 66.592
0033 66.81700000000001
0110 67.042
0110 67.34200000000001
0100 67.492
1000 67.64200000000001
0001 67.792
0100 67.867
0010 67.94200000000001
1000 68.09200000000001
1010 68.242
1010 68.542
0010 68.692
1000 68.842
0001 68.99199999999999
0010 69.142
0100 69.292
2100 69.442
3001 69.742
0100 69.817
0001 69.892
1000 69.967
0100 70.042
0010 70.117
0100 70.192
1000 70.267
0010 70.342
0100 70.417
0001 70.492
0010 70.567
0100 70.642
1000 70.717
0001 70.792
0100 70.94200000000001
0010 71.092
1000 71.167
0100 71.242
0010 71.392
0001 71.542
1000 71.69200000000001
1010 71.842
1010 72.14200000000001
0010 72.292
0100 72.44200000000001
0001 72.592
0010 72.667
0100 72.742
1000 72.89200000000001
1100 73.042
1100 73.34200000000001
1000 73.492
0001 73.64200000000001
0100 73.792
0010 73.94200000000001
1001 74.242
1001 74.542
1010 74.842
0011 75.142
1001 75.442
1100 75.742
0100 76.042
0010 76.192
0001 76.267
1000 76.342
0010 76.492
0210 76.642
0001 76.94200000000001
0301 77.092
1000 77.242
0100 77.392
0010 77.542
0100 77.69200000000001
1000 77.842
0010 77.992
0100 78.14200000000001
0001 78.292
0010 78.44200000000001
0001 78.592
1000 78.742
1020 79.042
0100 79.34200000000001
0130 79.492
0001 79.64200000000001
1000 79.792
0100 79.94200000000001
1000 80.09200000000001
0001 80.242
0100 80.392
0010 80.542
0100 80.692
0001 80.842
0010 80.99199999999999
0100 81.142
1000 81.292
1002 81.442
0100 81.742
0103 81.892
0010 82.042
0100 82.192
0001 82.342
0010 82.492
0001 82.642
1000 82.792
0010 82.94200000000001
0100 83.092
0001 83.242
0100 83.392
0010 83.542
1000 83.617
0001 83.69200000000001
2001 83.842
3100 84.14200000000001
0010 84.292
0001 84.44200000000001
1000 84.592
0010 84.742
1000 84.89200000000001
1002 85.042
0013 85.34200000000001
0100 85.492
1000 85.64200000000001
0010 85.792
0100 85.867
0001 85.94200000000001
0010 86.09200000000001
0210 86.242
1000 86.542
1300 86.692
0001 86.842
1000 86.99199999999999
0010 87.142
1000 87.292
0100 87.442
0010 87.592
0001 87.742
1000 87.892
0010 88.042
1000 88.192
0001 88.342
0021 88.642
0100 88.94200000000001
0130 89.092
1000 89.242
0100 89.392
0010 89.542
0001 89.69200000000001
0100 89.842
0010 89.992
1000 90.14200000000001
0001 90.292
0100 90.44200000000001
0001 90.592
1000 90.742
0100 90.89200000000001
0120 91.042
0001 91.34200000000001
0031 91.492
1000 91.64200000000001
0010 91.792
1000 91.94200000000001
0001 92.09200000000001
0010 92.242
0100 92.392
1000 92.467
0100 92.542
1000 92.61699999999999
0001 92.692
0100 92.767
0010 92.842
1000 92.917
0001 92.99199999999999
0100 93.142
0010 93.217
0100 93.292
0120 93.442
1000 93.742
1030 93.892
0001 94.042
0010 94.192
0100 94.342
1000 94.492
0100 94.642
0010 94.792
0001 94.94200000000001
0100 95.092
0010 95.242
1000 95.392
0001 95.542
0100 95.69200000000001
0020 95.842
1000 96.14200000000001
1030 96.292
0001 96.44200000000001
0100 96.592
0001 96.742
1000 96.89200000000001
0100 97.042
0010 97.19200000000001
0001 97.34200000000001
0010 97.492
0100 97.64200000000001
1000 97.792
0010 97.94200000000001
0100 98.01700000000001
0001 98.09200000000001
1000 98.242
1001 98.392
0001 98.542
0100 98.692
0001 98.842
1000 98.99199999999999
0100 99.142
0010 99.292
0100 99.442
0010 99.592
0100 99.742
1000 99.892
0010 100.042
0110 100.192
0110 100.342
0101 100.642
0001 100.792
1000 100.94200000000001
0001 101.092
0100 101.242
0100 101.392
1000 101.542
0001 101.69200000000001
0011 101.842
0010 101.992
0001 102.14200000000001
1000 102.292
0010 102.44200000000001
0010 102.592
0001 102.742
1000 102.81700000000001
0001 102.89200000000001
0101 103.042
0100 103.19200000000001
0010 103.34200000000001
1000 103.492
0100 103.64200000000001
0100 103.792
0001 103.94200000000001
0010 104.09200000000001
0110 104.242
0100 104.392
1000 104.542
0001 104.692
0010 104.842
0010 104.99199999999999
1000 105.142
0001 105.217
1000 105.292
0010 105.36699999999999
1000 105.442
0001 105.592
0101 105.742
0101 105.892
0101 106.042
0110 106.342
0110 106.492
0110 106.642
1010 106.94200000000001
1010 107.092
1010 107.242
1001 107.542
0001 107.69200000000001
0011 107.992
0010 108.14200000000001
0100 108.292
2000 108.44200000000001
3010 108.742
0100 108.89200000000001
0002 109.042
0013 109.34200000000001
0100 109.492
0020 109.64200000000001
0130 109.94200000000001
1000 110.09200000000001
0020 110.242
0030 112.492
1001 112.792
1001 112.96342857142858
1001 113.30628571428572
1100 113.47771428571428
1100 113.64914285714286
0011 113.992
0011 114.14200000000001
1001 114.44200000000001
1010 114.592
1010 114.89200000000001
1001 115.192
1100 115.43199999999999
1001 115.91199999999999
1000 116.842
0001 116.917
0010 116.99199999999999
0100 117.067
0010 117.142
0100 117.217
0010 117.292
0001 117.442
1001 117.592
1000 117.742
0010 117.892
1000 118.042
0001 118.192
0010 118.342
0100 118.492
1000 118.642
0010 118.792
1000 118.867
0010 118.94200000000001
0100 119.092
0010 119.167
0100 119.242
0001 119.392
0100 119.467
0001 119.542
1000 119.69200000000001
0001 119.767
1000 119.842
0001 119.992
0010 120.14200000000001
0100 120.292
0010 120.44200000000001
0100 120.592
1000 120.742
0010 120.89200000000001
0100 121.042
0001 121.192
1000 121.267
0001 121.342
1000 121.49199999999999
0100 121.567
1000 121.642
0001 121.79199999999999
0100 121.86699999999999
0001 121.942
1000 122.092
0010 122.24199999999999
0100 122.392
0001 122.542
0100 122.692
0010 122.842
1000 122.99199999999999
0100 123.142
0010 123.292
0001 123.442
1000 123.592
0100 123.667
1000 123.742
0100 123.892
0010 123.967
0100 124.042
0010 124.192
0001 124.267
0010 124.342
0001 124.492
1000 124.567
0001 124.642
0100 124.792
0010 124.94200000000001
1000 125.092
0001 125.242
0010 125.392
0100 125.542
1000 125.69200000000001
0001 125.842
1000 125.992
0010 126.06700000000001
1000 126.14200000000001
0001 126.292
0010 126.367
0001 126.44200000000001
1000 126.592
0100 126.667
1000 126.742
0001 126.89200000000001
0100 126.967
0001 127.042
0102 127.192
1000 127.49199999999999
0010 127.79199999999999
1000 128.09199999999998
0003 128.242
1000 128.392
0010 128.46699999999998
0100 128.542
0001 128.692
0010 128.767
0100 128.84199999999998
1000 128.992
0001 129.067
0100 129.142
0001 129.292
1000 129.367
0100 129.442
0020 129.59199999999998
0001 129.892
0100 130.19199999999998
0001 130.492
0030 130.642
0001 130.79199999999997
1000 130.86699999999996
0100 130.94199999999998
0010 131.09199999999998
0100 131.16699999999997
1000 131.24199999999996
0010 131.39199999999997
0100 131.46699999999998
0001 131.54199999999997
1000 131.69199999999998
0010 131.84199999999998
0210 131.992
0001 132.292
1000 132.59199999999998
0001 132.892
0300 133.042
1001 133.19199999999998
1000 133.492
0100 133.79199999999997
0010 134.09199999999998
0001 134.242
1001 134.392
1010 134.84199999999998
0101 135.292
0001 135.59199999999998
0010 135.66699999999997
0100 135.742
0010 135.81699999999998
0001 135.892
0100 135.96699999999998
0010 136.04199999999997
1000 136.117
0100 136.19199999999998
1000 136.267
0010 136.34199999999998
0100 136.41699999999997
0001 136.492
1001 136.79199999999997
