TITLE Boys'n'Shoujos Kingdom
BPM   191.838
NOTES
0001 2.310055578144059
1000 2.4664375254120667
0100 2.54462849904607
1000 2.6228194726800735
0001 2.7792014199480812
0100 2.857392393582085
0001 2.935583367216089
1000 3.0919653144840957
0100 3.1701562881180996
0010 3.2483472617521034
0001 3.404729209020111
0100 3.482920182654115
0010 3.561111156288118
1000 3.7174931035561256
0001 3.7956840771901295
0010 3.8738750508241333
0100 4.03025699809214
0010 4.108447971726144
0001 4.186638945360148
1000 4.3430208926281555
0010 4.4212118662621585
1000 4.499402839896162
0001 4.65578478716417
0100 4.733975760798174
0010 4.812166734432178
1000 4.9685486817001845
0100 5.046739655334188
0010 5.124930628968192
0001 5.2813125762362
0100 5.359503549870204
0010 5.437694523504208
1000 5.594076470772214
0001 5.672267444406218
0100 5.750458418040222
0010 5.90684036530823
0100 5.985031338942233
0001 6.063222312576237
1000 6.219604259844244
0100 6.297795233478248
0010 6.375986207112251
0100 6.532368154380259
1000 6.610559128014263
0001 6.688750101648266
1000 6.845132048916273
0010 6.923323022550277
0100 7.001513996184281
0001 7.157895943452288
1000 7.2360869170862925
0001 7.314277890720295
0100 7.470659837988303
0010 7.548850811622306
0100 7.62704178525631
0001 7.783423732524318
1000 7.8616147061583215
0100 7.939805679792325
0010 8.096187627060331
0100 8.174378600694336
1000 8.252569574328339
0001 8.408951521596347
0100 8.48714249523035
0001 8.565333468864354
1000 8.721715416132362
0010 8.799906389766365
1000 8.87809736340037
0010 9.034479310668377
0100 9.11267028430238
0001 9.190861257936383
1000 9.347243205204391
0100 9.425434178838396
0010 9.503625152472399
0100 9.660007099740406
1000 9.73819807337441
0001 9.816389047008412
0100 9.97277099427642
0010 10.050961967910423
0100 10.129152941544428
0001 10.285534888812434
1000 10.363725862446438
0001 10.441916836080441
1000 10.598298783348449
0100 10.676489756982454
1000 10.754680730616457
0010 10.911062677884464
0100 10.989253651518467
0010 11.067444625152472
1000 11.22382657242048
0001 11.302017546054483
1000 11.380208519688487
0100 11.536590466956495
0010 11.614781440590498
0001 11.692972414224501
0010 11.849354361492509
0100 11.927545335126512
1000 12.005736308760516
0001 12.162118256028524
1000 12.240309229662527
0001 12.318500203296532
1000 12.47488215056454
0100 12.553073124198542
0010 12.631264097832547
0001 12.787646045100553
1000 12.865837018734558
0010 12.94402799236856
1000 13.100409939636569
0100 13.178600913270573
1000 13.256791886904576
0001 13.413173834172584
1000 13.491364807806587
0010 13.56955578144059
1000 13.725937728708598
0001 13.8041287023426
0100 13.882319675976605
0010 14.038701623244611
0100 14.116892596878616
0010 14.195083570512619
1000 14.351465517780627
0001 14.429656491414631
0010 14.507847465048634
0100 14.664229412316642
0010 14.742420385950645
0001 14.82061135958465
0010 14.976993306852657
0100 15.05518428048666
1000 15.133375254120665
0001 15.289757201388673
0100 15.367948175022676
0010 15.446139148656679
0100 15.602521095924686
0001 15.68071206955869
1000 15.758903043192694
0001 15.915284990460702
0010 15.993475964094705
0100 16.07166693772871
1000 16.228048884996717
0001 16.306239858630722
0100 16.384430832264727
0010 16.540812779532732
1000 16.619003753166737
0010 16.69719472680074
1000 16.853576674068748
0001 16.931767647702753
0010 17.009958621336754
0100 17.166340568604763
0010 17.244531542238768
0001 17.32272251587277
1000 17.479104463140775
0010 17.55729543677478
0100 17.635486410408785
0010 17.79186835767679
1000 17.870059331310795
0001 17.9482503049448
0100 18.104632252212806
0001 18.18282322584681
1000 18.261014199480815
0010 18.41739614674882
0100 18.495587120382826
0010 18.573778094016827
1000 18.730160041284833
0001 18.808351014918838
0010 18.886541988552842
0100 19.04292393582085
0010 19.121114909454853
0001 19.199305883088858
1000 19.355687830356864
0010 19.43387880399087
0100 19.51206977762487
0001 19.66845172489288
1000 19.746642698526884
0010 19.82483367216089
1000 19.981215619428895
0100 20.0594065930629
0010 20.137597566696904
0100 20.29397951396491
1000 20.372170487598915
0100 20.45036146123292
1000 20.606743408500925
0001 20.68493438213493
1000 20.76312535576893
0010 20.91950730303694
0100 20.997698276670945
0001 21.075889250304947
1000 21.232271197572953
0010 21.310462171206957
0100 21.388653144840962
0001 21.545035092108968
1000 21.623226065742973
0100 21.701417039376977
1000 21.857798986644983
0100 21.935989960278988
0010 22.014180933912993
0001 22.170562881181
1000 22.248753854815003
0002 22.326944828449005
0013 22.796090670253026
0100 22.952472617521035
1000 23.10885456478904
0002 23.265236512057047
1003 23.734382353861072
0001 23.89076430112908
1000 24.047146248397087
0010 24.125337222031092
0100 24.203528195665097
0010 24.281719169299098
1000 24.359910142933103
0001 24.438101116567108
1000 24.51629209020111
0001 24.67267403746912
2000 24.829055984737124
3100 25.298201826541145
0010 25.454583773809155
0100 25.61096572107716
2000 25.76734766834517
3001 26.236493510149188
0100 26.392875457417198
0010 26.549257404685203
1000 26.627448378319208
0010 26.705639351953213
0100 26.783830325587214
0001 26.86202129922122
1000 26.940212272855224
0100 27.018403246489225
0010 27.174785193757234
0002 27.331167141025244
1003 27.800312982829265
0010 27.956694930097274
0100 28.11307687736528
0020 28.269458824633286
1030 28.738604666437308
0001 28.894986613705317
0100 29.051368560973323
0010 29.129559534607328
0100 29.207750508241332
0001 29.285941481875334
1000 29.36413245550934
0100 29.442323429143343
0010 29.520514402777348
0001 29.676896350045354
2000 29.83327829731336
3010 30.30242413911738
0100 30.45880608638539
0001 30.615188033653396
0020 30.771569980921402
0130 31.240715822725427
1000 31.397097769993437
0001 31.553479717261443
0100 31.631670690895447
0001 31.709861664529452
0100 31.788052638163453
0010 31.866243611797458
1000 31.944434585431463
0001 32.02262555906546
0010 32.17900750633347
0200 32.33538945360148
1300 32.8045352954055
0001 32.96091724267351
0100 33.11729918994151
0020 33.27368113720952
1030 33.74282697901354
0100 33.899208926281545
1000 34.055590873549555
0100 34.133781847183556
0010 34.211972820817564
0001 34.290163794451566
1000 34.368354768085574
0010 34.446545741719575
0100 34.524736715353576
0001 34.681118662621586
0200 34.837500609889595
0310 35.30664645169362
1000 35.463028398961626
0001 35.619410346229635
0020 35.77579229349764
0130 36.24493813530166
1000 36.40132008256966
0001 36.55770202983767
0100 36.63589300347167
0010 36.71408397710568
0100 36.79227495073968
0001 36.87046592437369
0100 36.94865689800769
0010 37.02684787164169
1000 37.1832298189097
0200 37.33961176617771
0310 37.80875760798173
0001 37.96513955524974
0010 38.12152150251775
0002 38.277903449785754
1003 38.74704929158978
0010 38.903431238857785
0100 39.059813186125794
0001 39.138004159759795
1000 39.2161951333938
0100 39.294386107027805
0010 39.37257708066181
0001 39.450768054295814
1000 39.528959027929815
0001 39.685340975197825
0200 39.84172292246583
0310 40.31086876426985
1000 40.46725071153786
0001 40.62363265880587
0020 40.78001460607387
0031 41.2491604478779
1000 41.4055423951459
0010 41.56192434241391
0100 41.64011531604791
0010 41.71830628968192
0100 41.79649726331592
0001 41.87468823694993
1000 41.95287921058393
0001 42.03107018421793
0100 42.18745213148594
0002 42.34383407875395
1003 42.81297992055797
0010 42.96936186782598
0100 43.12574381509399
0002 43.28212576236199
0023 43.594889656898005
0230 44.064035498702026
2300 44.53318134050605
3001 44.845945235042066
0100 45.002327182310076
0010 45.08051815594408
1000 45.236900103212086
0100 45.31509107684609
0010 45.39328205048009
0002 45.4714730241141
2003 45.70604594501611
3010 45.94061886591812
0100 46.09700081318613
0001 46.25338276045414
1000 46.40976470772214
0100 46.56614665499015
0010 46.64433762862415
0200 46.72252860225816
2300 47.03529249679417
3002 47.34805639133018
0103 47.8172022331342
0010 47.97358418040221
1000 48.12996612767022
0002 48.286348074938225
0203 48.599111969474244
0320 49.068257811278265
2030 49.537403653082286
3001 49.850167547618305
0100 50.006549494886315
0010 50.084740468520316
1000 50.241122415788325
0001 50.31931338942233
0010 50.39750436305633
0200 50.475695336690336
2300 50.71026825759235
3100 50.94484117849436
0010 51.10122312576236
0001 51.25760507303037
1000 51.33579604666437
0001 51.41398702029837
1000 51.49217799393238
0100 51.72675091483439
0010 51.80494188846839
0100 51.8831328621024
0010 51.9613238357364
0002 52.35227870390642
1003 52.82142454571044
0010 52.97780649297845
0100 53.13418844024646
0020 53.290570387514464
2030 53.60333428205048
3200 54.072480123854504
0320 54.541625965658525
0031 54.85438986019454
1000 55.01077180746255
0010 55.08896278109655
0100 55.24534472836456
0001 55.32353570199856
1000 55.40172667563256
0200 55.47991764926657
0320 55.71449057016858
0130 55.94906349107059
1000 56.1054454383386
0001 56.26182738560661
0100 56.41820933287461
0010 56.57459128014262
0100 56.65278225377662
0002 56.73097322741063
0203 57.04373712194664
0320 57.35650101648266
1030 57.82564685828668
0001 57.98202880555469
0010 58.1384107528227
0200 58.2947927000907
2300 58.607556594626715
3002 59.076702436430736
0203 59.54584827823476
0310 59.858612172770776
1000 60.014994120038786
0001 60.09318509367279
1000 60.249567040940796
0010 60.3277580145748
0100 60.4059489882088
0002 60.48413996184281
2003 60.71871288274482
3100 60.95328580364683
0010 61.10966775091484
0001 61.26604969818285
0010 61.34424067181685
0001 61.42243164545085
0010 61.50062261908486
0100 61.57881359271886
1000 61.73519553998687
0001 61.81338651362087
1000 61.89157748725488
0001 61.96976846088888
0100 62.04795943452288
0010 62.20434138179089
2000 62.36072332905889
3100 62.5171052763269
0010 62.673487223594904
0002 62.829869170862914
0203 62.98625111813092
0320 63.14263306539893
2030 63.299015012666935
3001 63.455396959934944
0200 63.611778907202954
0310 63.76816085447096
1000 63.924542801738966
0020 64.08092474900698
0130 64.23730669627498
0001 64.393688643543
2000 64.550070590811
3001 64.706452538079
1000 64.86283448534701
0010 65.01921643261502
0100 65.09740740624902
0001 65.25378935351702
0010 65.33198032715103
0100 65.41017130078504
2000 65.48836227441903
3002 65.72293519532104
0103 65.95750811622305
0010 66.11389006349107
1000 66.27027201075907
0001 66.42665395802709
0010 66.58303590529509
0100 66.6612268789291
0020 66.7394178525631
0031 66.89579979983111
0200 67.05218174709911
0310 67.20856369436711
2000 67.36494564163513
3001 67.52132758890313
0100 67.67770953617115
0002 67.83409148343915
2003 67.99047343070715
3002 68.14685537797517
2003 68.30323732524317
3100 68.45961927251118
0020 68.61600121977919
0031 68.7723831670472
1000 68.92876511431521
0020 69.08514706158321
0130 69.24152900885122
0001 69.39791095611923
0020 69.55429290338724
0130 69.71067485065524
1000 69.86705679792325
0010 70.02343874519126
0100 70.10162971882527
0001 70.25801166609327
1000 70.33620263972728
0100 70.41439361336128
0020 70.49258458699528
0032 70.72715750789729
0013 70.9617304287993
0100 71.1181123760673
1000 71.2744943233353
0001 71.35268529696931
1000 71.43087627060332
0001 71.50906724423731
0010 71.58725821787132
0100 71.74364016513933
1000 71.82183113877333
0100 71.90002211240734
0010 71.97821308604134
0001 72.05640405967534
1000 72.21278600694335
0010 72.29097698057735
2000 72.36916795421136
3001 72.52554990147937
0100 72.68193184874738
0002 72.83831379601538
0203 72.99469574328339
0320 73.1510776905514
0230 73.3074596378194
0301 73.46384158508741
0020 73.62022353235542
0130 73.77660547962343
1000 73.93298742689144
0020 74.08936937415945
0130 74.24575132142745
0010 74.40213326869547
0200 74.55851521596347
0301 74.71489716323147
1000 74.87127911049949
0001 75.02766105776749
0100 75.1058520314015
0010 75.2622339786695
1000 75.34042495230351
0001 75.41861592593752
0020 75.49680689957151
0230 75.73137982047352
0310 75.96595274137553
0001 76.12233468864355
1000 76.27871663591155
0010 76.43509858317957
0100 76.59148053044757
0010 76.66967150408158
2000 76.74786247771557
3001 76.90424442498359
0020 77.06062637225159
0031 77.21700831951959
0200 77.37339026678761
0301 77.52977221405561
1000 77.68615416132363
0020 77.84253610859163
2030 77.99891805585963
3200 78.15530000312765
0320 78.31168195039565
0031 78.46806389766365
0200 78.62444584493166
0310 78.78082779219966
1000 78.93720973946768
0200 79.09359168673568
1300 79.24997363400368
0001 79.4063555812717
0020 79.5627375285397
0130 79.7191194758077
1000 79.87550142307572
0001 80.03188337034372
1000 80.11007434397773
0001 80.26645629124573
0100 80.34464726487974
0010 80.42283823851375
2000 80.50102921214774
3002 80.73560213304975
0013 80.97017505395176
0100 81.12655700121978
1000 81.28293894848778
0100 81.36112992212179
1000 81.4393208957558
0100 81.51751186938979
0010 81.5957028430238
0001 81.7520847902918
1000 81.83027576392581
0001 81.90846673755982
1000 81.98665771119381
0010 82.06484868482782
0100 82.22123063209582
0001 82.29942160572983
1000 82.37761257936384
0100 82.45580355299785
1000 82.53399452663184
0100 82.61218550026585
0010 82.69037647389986
0100 82.76856744753385
1000 82.84675842116786
0100 82.92494939480187
0010 83.00314036843587
0001 83.08133134206987
0010 83.15952231570388
0100 83.23771328933788
1000 83.31590426297188
0100 83.39409523660589
0010 83.47228621023989
0100 83.5504771838739
1000 83.6286681575079
0001 83.70685913114191
0010 83.7850501047759
0100 83.86324107840991
1000 83.94143205204392
0001 84.01962302567792
1000 84.09781399931192
0100 84.17600497294593
0010 84.25419594657993
0001 84.33238692021393
1000 84.41057789384794
0100 84.48876886748194
0010 84.56695984111595
0001 84.64515081474995
0010 84.72334178838395
0001 84.80153276201796
1000 84.87972373565195
0010 84.95791470928596
0100 85.03610568291995
0001 85.11429665655396
1000 85.19248763018797
0010 85.27067860382196
0100 85.34886957745597
0010 85.42706055108998
1000 85.50525152472397
0001 85.58344249835798
0100 85.66163347199199
0001 85.73982444562598
0100 85.81801541925999
0010 85.896206392894
0100 85.974397366528
0001 86.052588340162
0100 86.13077931379601
0010 86.20897028743002
1000 86.28716126106401
0001 86.36535223469802
1000 86.44354320833203
0010 86.52173418196602
1000 86.59992515560003
0010 86.67811612923404
0100 86.75630710286804
0001 86.83449807650204
0100 86.91268905013605
0010 86.99088002377005
1000 87.06907099740405
0010 87.14726197103806
0100 87.22545294467206
0001 87.30364391830607
1000 87.38183489194007
0001 87.46002586557408
0010 87.53821683920808
0100 87.61640781284208
1000 87.69459878647609
0100 87.77278976011009
0010 87.8509807337441
0001 87.9291717073781
1000 88.0073626810121
0100 88.0855536546461
1000 88.16374462828011
0100 88.24193560191411
1000 88.32012657554812
0001 88.39831754918212
0010 88.47650852281612
0001 88.55469949645013
0010 88.63289047008413
0001 88.71108144371814
1000 88.78927241735214
0100 88.86746339098615
0010 88.94565436462015
0100 89.02384533825415
1000 89.10203631188816
0001 89.18022728552216
0010 89.25841825915616
0100 89.33660923279017
1000 89.41480020642418
0100 89.49299118005817
0010 89.57118215369218
0001 89.64937312732619
1000 89.72756410096018
0100 89.80575507459419
1000 89.8839460482282
0001 89.9621370218622
0100 90.0403279954962
0001 90.1185189691302
1000 90.19670994276422
0010 90.27490091639821
0100 90.35309189003222
0001 90.43128286366623
0100 90.50947383730022
0010 90.58766481093423
1000 90.66585578456824
0001 90.74404675820223
0100 90.82223773183624
0010 90.90042870547025
0100 90.97861967910424
0001 91.05681065273825
0100 91.13500162637226
0010 91.21319260000627
1000 91.29138357364026
0001 91.36957454727427
0100 91.44776552090828
0001 91.52595649454227
0100 91.60414746817628
0010 91.68233844181029
0100 91.76052941544428
0001 91.83872038907829
0100 91.9169113627123
0010 91.99510233634629
1000 92.0732933099803
0010 92.15148428361431
0100 92.2296752572483
0001 92.30786623088231
1000 92.3860572045163
0001 92.46424817815031
0010 92.54243915178431
0100 92.62063012541832
1000 92.69882109905232
0100 92.77701207268632
0010 92.85520304632033
0100 92.93339401995433
1000 93.01158499358833
0001 93.08977596722234
0010 93.16796694085635
0001 93.24615791449034
1000 93.32434888812435
0100 93.40253986175836
1000 93.48073083539235
0100 93.55892180902636
0010 93.63711278266037
0001 93.71530375629438
0010 93.79349472992837
0001 93.87168570356238
1000 93.94987667719639
0001 94.02806765083038
0010 94.10625862446439
0100 94.1844495980984
1000 94.26264057173239
0100 94.3408315453664
0010 94.4190225190004
0100 94.4972134926344
1000 94.57540446626841
0001 94.65359543990242
0010 94.73178641353641
0001 94.80997738717042
1000 94.88816836080443
0010 94.96635933443844
0100 95.04455030807243
0010 95.12274128170644
1000 95.20093225534045
0001 95.27912322897444
0100 95.35731420260845
0010 95.43550517624246
0100 95.51369614987645
0001 95.59188712351046
0100 95.67007809714447
0010 95.74826907077846
0100 95.82646004441247
0010 95.90465101804648
1000 95.98284199168047
0010 96.06103296531448
0100 96.13922393894849
0001 96.2174149125825
0100 96.29560588621649
0010 96.3737968598505
1000 96.45198783348451
0001 96.5301788071185
1000 96.60836978075251
0001 96.68656075438652
0100 96.76475172802051
0010 96.84294270165452
0100 96.92113367528853
0001 96.99932464892252
0100 97.07751562255653
0001 97.15570659619054
1000 97.23389756982453
0010 97.31208854345854
1000 97.39027951709255
0001 97.46847049072656
0010 97.54666146436055
0001 97.62485243799456
1000 97.70304341162857
0100 97.78123438526256
0010 97.85942535889657
0100 97.93761633253058
1000 98.01580730616458
0100 98.09399827979858
0010 98.17218925343259
0001 98.25038022706659
0010 98.3285712007006
0001 98.4067621743346
1000 98.4849531479686
0001 98.5631441216026
1000 98.64133509523661
0100 98.71952606887062
0010 98.79771704250462
0100 98.87590801613862
1000 98.95409898977263
0100 99.03228996340663
0010 99.11048093704063
0001 99.18867191067464
0010 99.26686288430864
0100 99.34505385794264
1000 99.42324483157665
0001 99.50143580521065
0010 99.57962677884466
0001 99.65781775247866
1000 99.73600872611266
0100 99.81419969974667
1000 99.89239067338066
0001 99.97058164701467
0100 100.04877262064866
0001 100.12696359428267
0100 100.20515456791668
0010 100.28334554155067
1000 100.36153651518468
0001 100.43972748881869
0100 100.51791846245268
0010 100.59610943608669
0100 100.6743004097207
0001 100.7524913833547
0100 100.8306823569887
0001 100.90887333062271
1000 100.9870643042567
0010 101.06525527789071
1000 101.14344625152472
0001 101.22163722515873
0100 101.29982819879272
0001 101.37801917242673
0100 101.45621014606074
0010 101.53440111969473
1000 101.61259209332874
0010 101.69078306696275
0100 101.76897404059675
0001 101.84716501423075
1000 101.92535598786476
0010 102.00354696149876
0100 102.08173793513276
0010 102.15992890876677
1000 102.23811988240077
0001 102.31631085603478
2000 102.39450182966878
3100 102.8636476714728
0010 103.02002961874081
0100 103.17641156600882
1000 103.33279351327683
0001 103.48917546054483
0100 103.64555740781284
0010 103.80193935508085
0100 103.95832130234886
0001 104.11470324961687
1000 104.27108519688487
0010 104.42746714415289
0200 104.58384909142089
0302 104.8966129859569
1003 105.36575882776093
0010 105.52214077502893
0100 105.67852272229695
0001 105.83490466956495
2000 105.99128661683295
3100 106.30405051136897
0010 106.46043245863699
0001 106.61681440590499
0010 106.77319635317299
0100 106.92957830044101
2000 107.08596024770901
3002 107.39872414224502
0103 107.86786998404904
0010 108.02425193131704
0100 108.18063387858506
0001 108.33701582585306
2000 108.49339777312106
3100 108.80616166765708
0010 108.9625436149251
0100 109.1189255621931
1000 109.2753075094611
0001 109.43168945672912
0100 109.58807140399712
0010 109.74445335126512
0200 109.90083529853314
0302 110.36998114033716
1003 110.83912698214118
0010 110.99550892940918
0200 111.1518908766772
0301 111.46465477121322
2000 111.62103671848122
3100 111.93380061301724
2000 112.40294645482126
3002 112.87209229662528
0203 113.3412381384293
0310 113.65400203296532
1000 113.81038398023333
0001 113.96676592750134
0200 114.12314787476934
0310 114.43591176930536
1000 114.59229371657337
0001 114.74867566384137
0020 114.90505761110937
0230 115.37420345291339
2300 115.84334929471741
3001 116.15611318925343
0010 116.31249513652143
0100 116.46887708378945
0020 116.62525903105745
0031 116.93802292559347
2000 117.4071687673975
3020 117.87631460920151
0230 118.34546045100554
0301 118.65822434554156
1000 118.81460629280956
0010 118.89279726644357
1000 118.97098824007757
0001 119.04917921371157
1000 119.12737018734558
0010 119.20556116097958
2000 119.28375213461358
3002 119.51832505551559
1003 119.7528979764176
0001 119.90927992368562
0010 119.98747089731962
0100 120.06566187095362
0010 120.14385284458763
0001 120.22204381822164
0010 120.30023479185563
0100 120.37842576548964
0010 120.45661673912365
0001 120.53480771275764
1000 120.61299868639165
0010 120.69118966002566
1000 120.76938063365965
0001 120.84757160729366
1000 120.92576258092767
0010 121.00395355456166
1000 121.08214452819567
0001 121.16033550182968
0010 121.23852647546369
0100 121.31671744909768
0010 121.39490842273169
0001 121.4730993963657
0010 121.55129036999969
0100 121.6294813436337
0010 121.70767231726771
0001 121.7858632909017
1000 121.86405426453571
0010 121.94224523816972
1000 122.02043621180371
0001 122.09862718543772
1000 122.17681815907173
0010 122.25500913270572
1000 122.33320010633973
0001 122.41139107997373
0100 122.48958205360773
0001 122.56777302724173
0100 122.64596400087574
0010 122.72415497450974
0100 122.80234594814374
0001 122.88053692177775
0100 122.95872789541176
0010 123.03691886904575
1000 123.11510984267976
0010 123.19330081631377
0100 123.27149178994776
0001 123.34968276358177
0100 123.42787373721578
0010 123.50606471084977
0100 123.58425568448378
0001 123.66244665811779
1000 123.7406376317518
0010 123.81882860538579
0100 123.8970195790198
0001 123.9752105526538
1000 124.0534015262878
0001 124.13159249992181
0100 124.20978347355582
0010 124.28797444718981
1000 124.36616542082382
0001 124.44435639445783
0100 124.52254736809182
0010 124.60073834172583
1000 124.67892931535984
0010 124.75712028899383
1000 124.83531126262784
0001 124.91350223626185
0010 124.99169320989586
0100 125.06988418352985
1000 125.14807515716386
0001 125.22626613079787
0010 125.30445710443186
0100 125.38264807806587
0010 125.46083905169988
0001 125.53903002533387
1000 125.61722099896788
0100 125.69541197260189
1000 125.77360294623588
0100 125.85179391986989
0010 125.9299848935039
0100 126.0081758671379
1000 126.0863668407719
0100 126.16455781440591
0010 126.24274878803992
0001 126.32093976167391
1000 126.39913073530792
0001 126.47732170894193
0010 126.55551268257592
0001 126.63370365620993
0010 126.71189462984394
0100 126.79008560347793
1000 126.86827657711194
0100 126.94646755074595
0010 127.02465852437994
0001 127.10284949801395
0010 127.18104047164796
0100 127.25923144528196
1000 127.33742241891596
0001 127.41561339254997
1000 127.49380436618398
0010 127.57199533981797
0100 127.65018631345198
0001 127.72837728708599
0100 127.80656826071998
0010 127.884759234354
1000 127.962950207988
0001 128.041141181622
0100 128.11933215525602
0001 128.19752312889003
0100 128.275714102524
0001 128.35390507615801
1000 128.43209604979202
0010 128.51028702342603
1000 128.58847799706004
0010 128.66666897069402
1000 128.74485994432803
0001 128.82305091796204
0100 128.90124189159604
0010 128.97943286523005
0100 129.05762383886403
0001 129.13581481249804
1000 129.21400578613205
0010 129.29219675976606
0100 129.37038773340007
0001 129.44857870703405
0100 129.52676968066805
0010 129.60496065430206
1000 129.68315162793607
0001 129.76134260157008
0100 129.8395335752041
0001 129.9177245488381
1000 129.9959155224721
0100 130.0741064961061
1000 130.15229746974012
0001 130.2304884433741
0010 130.3086794170081
0100 130.38687039064212
1000 130.46506136427612
0100 130.54325233791013
0010 130.62144331154414
0001 130.69963428517812
1000 130.77782525881213
0100 130.85601623244614
0010 130.93420720608015
0100 131.01239817971415
1000 131.09058915334816
0100 131.16878012698214
0010 131.24697110061615
0001 131.32516207425016
1000 131.40335304788417
0100 131.48154402151815
1000 131.55973499515216
0100 131.63792596878616
0010 131.71611694242017
0100 131.79430791605418
1000 131.8724988896882
0100 131.95068986332217
0010 132.02888083695618
0001 132.10707181059018
0010 132.1852627842242
0100 132.2634537578582
1000 132.3416447314922
0001 132.4198357051262
1000 132.4980266787602
0010 132.5762176523942
0100 132.65440862602821
0001 132.7325995996622
0100 132.8107905732962
0010 132.8889815469302
0100 132.96717252056422
0001 133.04536349419823
1000 133.12355446783224
0010 133.20174544146622
1000 133.27993641510022
0001 133.35812738873423
0100 133.43631836236824
0001 133.51450933600225
0100 133.59270030963626
0010 133.67089128327027
1000 133.74908225690427
0010 133.82727323053828
1000 133.9054642041723
0001 133.98365517780627
1000 134.06184615144028
0010 134.1400371250743
0100 134.2182280987083
0001 134.2964190723423
0100 134.3746100459763
0010 134.4528010196103
0100 134.5309919932443
0001 134.6091829668783
1000 134.68737394051232
0010 134.76556491414632
1000 134.84375588778033
0001 134.9219468614143
0010 135.00013783504832
0100 135.07832880868233
0010 135.15651978231634
0001 135.23471075595032
1000 135.31290172958433
0100 135.39109270321833
0010 135.46928367685234
0100 135.54747465048635
1000 135.62566562412036
0100 135.70385659775434
0010 135.78204757138835
0100 135.86023854502236
0010 135.93842951865636
0001 136.01662049229037
0010 136.09481146592438
0100 136.1730024395584
1000 136.2511934131924
0100 136.3293843868264
0010 136.4075753604604
0001 136.4857663340944
1000 136.5639573077284
0001 136.6421482813624
1000 136.72033925499642
0100 136.79853022863043
0010 136.87672120226443
0100 136.95491217589841
1000 137.03310314953242
0100 137.11129412316643
1000 137.18948509680044
0001 137.26767607043445
0010 137.34586704406846
0001 137.42405801770244
1000 137.50224899133644
0010 137.58043996497045
1000 137.65863093860446
0001 137.73682191223844
0100 137.81501288587245
0010 137.89320385950646
0100 137.97139483314047
0001 138.04958580677447
0100 138.12777678040848
0010 138.20596775404246
1000 138.28415872767647
0010 138.36234970131048
1000 138.4405406749445
0001 138.5187316485785
1000 138.5969226222125
0001 138.6751135958465
0100 138.75330456948052
0010 138.83149554311453
0100 138.90968651674854
0001 138.98787749038252
0100 139.06606846401652
0010 139.14425943765053
1000 139.22245041128454
0010 139.30064138491855
0100 139.37883235855256
0001 139.45702333218654
1000 139.53521430582055
0010 139.61340527945455
1000 139.69159625308856
0001 139.76978722672257
0100 139.84797820035658
0001 139.92616917399056
1000 140.00436014762457
0100 140.08255112125858
1000 140.16074209489258
0100 140.23893306852656
0010 140.31712404216057
0001 140.39531501579458
1000 140.4735059894286
0100 140.5516969630626
0010 140.6298879366966
0100 140.70807891033058
1000 140.7862698839646
0100 140.8644608575986
1000 140.9426518312326
0001 141.02084280486662
0010 141.09903377850063
0001 141.1772247521346
1000 141.25541572576861
0100 141.33360669940262
1000 141.41179767303663
0100 141.4899886466706
0010 141.56817962030462
0001 141.64637059393863
0010 141.72456156757264
0100 141.80275254120664
1000 141.88094351484065
0001 141.95913448847463
0010 142.03732546210864
0100 142.11551643574265
0010 142.19370740937666
0001 142.27189838301067
1000 142.35008935664467
0001 142.42828033027868
3003 144.46124564476276
