TITLE Can You Say KanColle?
BPM   188.0
NOTES
2000 10.71576595744681
0001 11.034914893617023
0001 11.673212765957448
0001 12.311510638297873
3000 12.630659574468085
0001 12.949808510638299
1000 13.26895744680851
0001 13.348744680851064
1000 13.428531914893616
0001 13.50831914893617
0010 13.588106382978724
0100 13.74768085106383
1000 13.827468085106382
0001 13.907255319148936
1000 13.98704255319149
0001 14.066829787234042
1000 14.22640425531915
0100 14.306191489361701
1000 14.385978723404255
0001 14.46576595744681
0100 14.545553191489363
0001 14.625340425531917
1000 14.705127659574469
0100 14.784914893617023
0010 14.864702127659577
0001 15.024276595744682
0100 15.104063829787236
0001 15.183851063829788
1000 15.263638297872342
0100 15.343425531914894
0010 15.503000000000002
0001 15.582787234042554
0010 15.662574468085108
0001 15.742361702127662
2000 15.822148936170214
0001 16.141297872340427
0001 16.77959574468085
0001 17.417893617021278
3000 17.737042553191493
0001 18.056191489361705
1000 18.375340425531917
0100 18.45512765957447
0010 18.534914893617024
0100 18.614702127659577
0010 18.69448936170213
0001 18.774276595744684
0010 18.854063829787236
0100 18.93385106382979
1000 19.013638297872344
0001 19.093425531914896
0100 19.173212765957448
0001 19.253000000000004
1000 19.332787234042556
0001 19.412574468085108
0100 19.49236170212766
0010 19.572148936170215
1000 19.651936170212768
0001 19.73172340425532
0010 19.811510638297875
0100 19.891297872340427
0010 19.97108510638298
0001 20.050872340425535
0010 20.130659574468087
0100 20.21044680851064
1000 20.290234042553195
0001 20.370021276595747
0100 20.4498085106383
0010 20.529595744680854
1000 20.609382978723406
0001 20.68917021276596
1000 20.768957446808514
0001 20.848744680851066
1000 20.928531914893618
1001 21.24768085106383
0001 21.407255319148938
0100 21.566829787234045
0010 21.72640425531915
1000 21.885978723404257
0100 22.04555319148936
0100 22.20512765957447
0001 22.387498480243163
1000 22.569869300911854
0001 22.75224012158055
0010 22.93461094224924
0100 23.116981762917934
1000 23.299352583586625
1100 23.48172340425532
1100 23.80087234042553
0100 23.96044680851064
0010 24.120021276595747
0001 24.27959574468085
0100 24.43917021276596
0010 24.598744680851063
0010 24.75831914893617
0001 24.940689969604865
1000 25.123060790273556
0100 25.30543161094225
0100 25.48780243161094
0010 25.670173252279636
0010 25.852544072948326
0011 26.03491489361702
0011 26.354063829787233
0001 26.51363829787234
0010 26.673212765957448
0001 26.832787234042552
0100 26.99236170212766
0010 27.151936170212764
0010 27.311510638297875
0001 27.49388145896657
1000 27.67625227963526
0100 27.858623100303955
1000 28.040993920972646
0010 28.22336474164134
0100 28.405735562310035
0101 28.588106382978726
0101 28.907255319148938
0001 29.066829787234045
0100 29.226404255319153
0010 29.385978723404257
1000 29.545553191489365
0100 29.705127659574472
0010 29.864702127659577
0001 30.024276595744684
1000 30.104063829787236
0010 30.18385106382979
1000 30.343425531914896
0001 30.423212765957448
1000 30.503000000000004
0100 30.582787234042556
0010 30.662574468085108
0001 30.742361702127663
1000 30.822148936170215
0100 30.901936170212768
0010 30.98172340425532
0001 31.061510638297875
1000 31.141297872340427
1100 31.46044680851064
0100 31.620021276595747
0010 31.779595744680854
0001 31.93917021276596
1000 32.09874468085106
0010 32.258319148936174
0010 32.41789361702128
0001 32.60026443768997
0100 32.78263525835867
0001 32.965006079027354
1000 33.14737689969605
0100 33.32974772036474
0010 33.51211854103344
0011 33.69448936170213
0011 34.01363829787235
0001 34.17321276595745
0100 34.332787234042556
0001 34.49236170212767
1000 34.65193617021277
0100 34.811510638297875
0100 34.97108510638298
0010 35.153455927051674
1000 35.33582674772037
0010 35.518197568389056
0010 35.70056838905775
0100 35.882939209726445
0100 36.06531003039514
0101 36.24768085106383
0101 36.56682978723405
0001 36.72640425531915
1000 36.88597872340426
0100 37.04555319148937
1000 37.20512765957447
0010 37.36470212765958
0010 37.52427659574468
0100 37.706647416413375
1000 37.88901823708207
0100 38.07138905775076
0010 38.25375987841945
0001 38.436130699088146
1000 38.61850151975684
1001 38.800872340425535
1001 39.12002127659575
0001 39.279595744680854
0100 39.43917021276596
0001 39.59874468085107
1000 39.758319148936174
0100 39.91789361702128
0020 40.07746808510638
0130 40.715765957446806
1000 40.87534042553192
0001 40.955127659574465
1000 41.03491489361702
0001 41.11470212765958
1000 41.194489361702125
3001 41.354063829787236
0101 41.67321276595745
1000 41.99236170212766
1100 42.311510638297875
0001 42.63065957446809
0011 42.949808510638306
1000 43.268957446808514
1010 43.58810638297873
0100 43.90725531914894
0110 44.22640425531915
0010 44.54555319148936
0110 44.86470212765958
1000 45.18385106382979
1001 45.50300000000001
0001 45.822148936170215
1000 45.98172340425533
1001 46.14129787234043
0001 46.300872340425535
0100 46.46044680851064
0110 46.779595744680854
0010 47.09874468085106
1010 47.41789361702128
1000 47.73704255319149
1100 48.05619148936171
0100 48.37534042553192
0110 48.69448936170213
0010 49.01363829787234
0011 49.332787234042556
0001 49.651936170212764
1001 49.97108510638298
1000 50.290234042553195
1100 50.60938297872341
0100 50.92853191489362
0010 51.08810638297873
0011 51.24768085106383
0001 51.40725531914894
1000 51.56682978723404
1010 51.88597872340426
0001 52.205127659574465
0101 52.52427659574468
1000 52.843425531914896
1100 53.16257446808511
0001 53.48172340425532
0011 53.800872340425535
1000 54.12002127659575
1100 54.439170212765966
0001 54.758319148936174
0101 55.07746808510639
1000 55.3966170212766
1010 55.71576595744681
0001 56.03491489361702
0010 56.19448936170213
0011 56.354063829787236
0001 56.51363829787234
1000 56.67321276595745
0101 56.99236170212767
1000 57.311510638297875
0011 57.63065957446809
0100 57.9498085106383
1010 58.268957446808514
0001 58.58810638297872
1100 58.90725531914894
0010 59.22640425531915
1001 59.54555319148937
0100 59.86470212765958
0011 60.18385106382979
1000 60.503
0001 60.822148936170215
1000 61.141297872340424
0010 61.300872340425535
0100 61.38065957446808
0001 61.46044680851064
1000 61.62002127659574
3001 61.779595744680854
0010 61.93917021276596
0100 62.09874468085107
1000 62.258319148936174
0001 62.41789361702128
0100 62.57746808510639
0010 62.73704255319149
1000 62.8966170212766
0001 63.05619148936171
0010 63.21576595744681
0001 63.375340425531924
1000 63.53491489361703
0001 63.69448936170213
0100 63.85406382978724
0010 64.01363829787235
1000 64.17321276595744
0001 64.33278723404256
0010 64.49236170212765
0100 64.65193617021276
1000 64.81151063829788
0010 64.97108510638299
0100 65.13065957446808
0010 65.2902340425532
1000 65.4498085106383
0001 65.6093829787234
0010 65.76895744680851
0100 65.92853191489361
0010 66.08810638297872
0001 66.24768085106383
0001 66.40725531914893
1000 66.56682978723404
1000 66.72640425531915
0001 66.88597872340426
0100 67.04555319148938
0010 67.20512765957447
0100 67.36470212765958
0001 67.5242765957447
0010 67.68385106382979
0100 67.8434255319149
0010 68.00300000000001
0001 68.16257446808511
1000 68.32214893617022
0010 68.48172340425532
0100 68.64129787234043
0001 68.80087234042554
0010 68.96044680851064
0100 69.12002127659575
1000 69.27959574468086
0001 69.43917021276596
1000 69.59874468085107
0010 69.75831914893617
1000 69.91789361702128
0001 70.07746808510639
0010 70.23704255319149
0100 70.3966170212766
0010 70.55619148936171
0001 70.7157659574468
0100 70.87534042553192
0010 71.03491489361701
1000 71.19448936170213
0010 71.35406382978724
0010 71.51363829787233
0100 71.67321276595744
0100 71.83278723404256
0001 71.99236170212767
0010 72.15193617021278
0100 72.31151063829788
1000 72.47108510638299
0010 72.6306595744681
0100 72.7902340425532
0010 72.9498085106383
1000 73.10938297872342
0001 73.26895744680851
1000 73.42853191489363
0100 73.58810638297872
0010 73.74768085106383
0001 73.90725531914894
0100 74.06682978723404
0010 74.22640425531915
0100 74.38597872340426
0001 74.54555319148936
1000 74.70512765957447
0100 74.86470212765957
1000 75.02427659574468
0010 75.18385106382979
0100 75.34342553191489
0010 75.503
0100 75.66257446808511
0001 75.82214893617022
0010 75.98172340425533
0100 76.14129787234043
1000 76.30087234042554
0001 76.46044680851065
0001 76.62002127659575
0010 76.77959574468086
0010 76.93917021276597
0001 77.09874468085107
0100 77.25831914893618
0010 77.41789361702128
1000 77.57746808510639
0100 77.7370425531915
0010 77.8966170212766
0100 78.05619148936171
0010 78.21576595744682
0001 78.37534042553192
0100 78.53491489361703
0001 78.69448936170213
1000 78.85406382978724
0100 79.01363829787235
0010 79.17321276595744
0001 79.33278723404256
1000 79.49236170212767
0010 79.65193617021276
0100 79.81151063829788
0010 79.97108510638297
0100 80.13065957446808
0001 80.2902340425532
1000 80.44980851063829
0100 80.6093829787234
0010 80.76895744680851
0002 80.92853191489363
0103 81.56682978723406
0110 81.80619148936171
1001 82.04555319148938
1000 82.20512765957447
0010 82.28491489361703
0100 82.36470212765958
0010 82.44448936170213
1000 82.52427659574468
0001 82.60406382978724
1000 82.68385106382979
0001 82.76363829787235
1000 82.8434255319149
0100 82.92321276595744
0010 83.003
0001 83.08278723404256
1000 83.16257446808511
0100 83.24236170212767
1000 83.32214893617022
0001 83.40193617021276
1000 83.48172340425532
0010 83.56151063829788
0100 83.64129787234043
0010 83.72108510638297
1000 83.80087234042553
0010 83.88065957446808
0100 83.96044680851064
0001 84.0402340425532
1000 84.12002127659575
0100 84.19980851063829
0010 84.27959574468085
0100 84.3593829787234
1000 84.43917021276596
0001 84.51895744680851
0010 84.59874468085107
0100 84.67853191489361
1000 84.75831914893618
0001 84.83810638297874
0100 84.91789361702129
0001 84.99768085106383
1000 85.07746808510639
0010 85.15725531914894
0100 85.2370425531915
0010 85.31682978723406
1000 85.39661702127661
0001 85.47640425531915
0010 85.55619148936171
0001 85.63597872340426
1000 85.71576595744682
0100 85.79555319148938
0010 85.87534042553193
0001 85.95512765957447
1000 86.03491489361703
0001 86.11470212765958
0100 86.19448936170214
0001 86.27427659574468
1000 86.35406382978724
0010 86.43385106382979
0100 86.51363829787235
0010 86.5934255319149
1000 86.67321276595746
0001 86.753
0010 86.83278723404256
0001 86.91257446808511
1000 86.99236170212767
0100 87.07214893617022
0010 87.15193617021278
0100 87.23172340425532
1000 87.31151063829788
0001 87.39129787234043
0100 87.47108510638299
0010 87.55087234042553
1000 87.63065957446808
0010 87.71044680851064
0100 87.7902340425532
0001 87.87002127659575
1000 87.9498085106383
0001 88.02959574468085
0010 88.1093829787234
0100 88.18917021276596
1000 88.26895744680851
0100 88.34874468085107
0010 88.42853191489363
0001 88.50831914893617
1000 88.58810638297872
0001 88.66789361702128
0100 88.74768085106383
0010 88.82746808510637
1000 88.90725531914893
0010 88.98704255319149
0100 89.06682978723404
0001 89.1466170212766
1000 89.22640425531915
0001 89.3061914893617
0010 89.38597872340425
0001 89.4657659574468
1000 89.54555319148936
0100 89.62534042553192
0010 89.70512765957447
0100 89.78491489361701
1000 89.86470212765958
0001 89.94448936170214
0100 90.0242765957447
0001 90.10406382978724
1000 90.18385106382979
0010 90.26363829787235
0100 90.3434255319149
0010 90.42321276595746
1000 90.50300000000001
0001 90.58278723404256
0010 90.66257446808511
0100 90.74236170212767
0010 90.82214893617022
0100 90.90193617021278
1000 90.98172340425533
0100 91.06151063829788
1000 91.14129787234043
0001 91.22108510638299
0100 91.30087234042554
0010 91.38065957446808
0100 91.46044680851064
0010 91.5402340425532
0100 91.62002127659575
0001 91.6998085106383
1000 91.77959574468086
0100 91.8593829787234
0010 91.93917021276596
0100 92.01895744680851
1000 92.09874468085107
0001 92.17853191489363
1000 92.25831914893618
0001 92.33810638297872
1000 92.41789361702128
0010 92.49768085106383
0100 92.57746808510639
0010 92.65725531914893
1000 92.73704255319149
0001 92.81682978723404
0100 92.8966170212766
0010 92.97640425531915
1000 93.05619148936171
0001 93.13597872340425
0010 93.2157659574468
0100 93.29555319148936
0010 93.37534042553192
0001 93.45512765957447
0010 93.53491489361703
0001 93.61470212765957
1000 93.69448936170214
0001 93.7742765957447
0100 93.85406382978725
0010 93.93385106382979
1000 94.01363829787235
0010 94.0934255319149
1000 94.17321276595746
0010 94.25300000000001
1000 94.33278723404257
0001 94.41257446808511
0010 94.49236170212767
0001 94.57214893617022
1000 94.65193617021278
0100 94.73172340425533
1000 94.81151063829789
0001 94.89129787234043
1000 94.97108510638299
0001 95.05087234042554
0100 95.1306595744681
0001 95.21044680851064
1000 95.2902340425532
0010 95.37002127659575
1000 95.4498085106383
0001 95.52959574468086
1000 95.60938297872342
0100 95.68917021276596
0010 95.76895744680851
0001 95.84874468085107
1000 95.92853191489363
0100 96.00831914893618
0010 96.08810638297874
0100 96.16789361702128
1000 96.24768085106383
0001 96.32746808510639
0100 96.40725531914894
0001 96.48704255319149
1000 96.56682978723404
0010 96.6466170212766
0100 96.72640425531915
0001 96.80619148936171
1000 96.88597872340426
0100 96.9657659574468
0010 97.04555319148936
0100 97.12534042553192
0010 97.20512765957447
0001 97.28491489361703
0010 97.36470212765958
0100 97.44448936170213
1000 97.52427659574468
0001 97.60406382978724
0100 97.68385106382979
0001 97.76363829787233
1000 97.84342553191489
0010 97.92321276595744
0100 98.003
0010 98.08278723404256
1000 98.16257446808511
0001 98.24236170212765
0010 98.32214893617021
0100 98.40193617021276
0010 98.48172340425532
0100 98.56151063829788
1000 98.64129787234043
0001 98.72108510638297
1000 98.80087234042554
0010 98.8806595744681
1000 98.96044680851065
0001 99.0402340425532
0100 99.12002127659575
0001 99.1998085106383
1000 99.27959574468086
0001 99.35938297872342
1000 99.43917021276597
0100 99.51895744680851
0010 99.59874468085107
0001 99.67853191489363
1000 99.75831914893618
0001 99.83810638297874
1000 99.91789361702129
0100 99.99768085106383
1000 100.07746808510639
0001 100.15725531914894
0100 100.2370425531915
0010 100.31682978723404
1000 100.3966170212766
0001 100.47640425531915
1000 100.55619148936171
0010 100.63597872340426
1000 100.71576595744682
0001 100.79555319148936
0010 100.87534042553192
0100 100.95512765957447
0010 101.03491489361703
0001 101.11470212765958
1000 101.19448936170214
0001 101.27427659574468
1000 101.35406382978724
0010 101.67321276595744
0130 101.99236170212767
0001 102.31151063829788
1000 102.39129787234043
0001 102.47108510638299
1000 102.55087234042553
0001 102.63065957446808
0010 102.71044680851064
0100 102.7902340425532
1000 102.87002127659574
0001 102.94980851063829
1000 103.02959574468085
0100 103.1093829787234
0010 103.18917021276596
0001 103.26895744680851
0100 103.34874468085106
0010 103.42853191489361
1000 103.50831914893617
0010 103.58810638297872
1000 103.66789361702128
0001 103.74768085106383
0100 103.82746808510637
0001 103.90725531914894
0010 103.9870425531915
0001 104.06682978723406
1000 104.1466170212766
0100 104.22640425531915
0010 104.30619148936171
0001 104.38597872340426
1000 104.46576595744682
0001 104.54555319148938
0100 104.62534042553192
0010 104.70512765957447
1000 104.78491489361703
0010 104.86470212765958
1000 104.94448936170214
0001 105.0242765957447
1000 105.10406382978724
0100 105.18385106382979
1000 105.26363829787235
0100 105.3434255319149
0010 105.42321276595744
0001 105.503
1000 105.58278723404256
0100 105.66257446808511
1000 105.74236170212767
0010 105.82214893617022
0100 105.90193617021276
0010 105.98172340425532
1000 106.06151063829788
0001 106.14129787234043
0100 106.22108510638299
0010 106.30087234042554
1000 106.38065957446808
0001 106.46044680851064
0010 106.5402340425532
0100 106.62002127659575
1000 106.69980851063829
0100 106.77959574468085
1000 106.8593829787234
0001 106.93917021276596
0010 107.01895744680851
0001 107.09874468085107
0100 107.17853191489361
0010 107.25831914893617
0100 107.33810638297872
0010 107.41789361702128
1000 107.49768085106383
0010 107.57746808510639
0100 107.65725531914893
0001 107.7370425531915
1000 107.81682978723406
0100 107.89661702127661
0010 107.97640425531915
0100 108.05619148936171
1000 108.13597872340426
0001 108.21576595744682
0010 108.29555319148938
0001 108.37534042553193
1000 108.45512765957447
0010 108.53491489361703
1000 108.61470212765958
0001 108.69448936170214
0100 108.7742765957447
0010 108.85406382978725
1000 108.93385106382979
0001 109.01363829787235
1000 109.0934255319149
0100 109.17321276595746
1000 109.253
0001 109.33278723404256
0010 109.41257446808511
0100 109.49236170212767
1000 109.57214893617022
0001 109.65193617021278
0100 109.73172340425532
0010 109.81151063829788
0100 109.89129787234043
0010 109.97108510638299
1000 110.05087234042554
0010 110.1306595744681
0100 110.21044680851064
0001 110.2902340425532
1000 110.37002127659575
0001 110.4498085106383
0010 110.52959574468085
0001 110.6093829787234
1000 110.68917021276596
0100 110.76895744680851
0010 110.84874468085107
0001 110.92853191489363
0100 111.00831914893617
0010 111.08810638297872
1000 111.16789361702128
0010 111.24768085106383
1000 111.32746808510639
0001 111.40725531914894
0100 111.48704255319149
0001 111.56682978723404
1000 111.6466170212766
0100 111.72640425531915
0010 111.8061914893617
0001 111.88597872340425
0010 111.9657659574468
0001 112.04555319148936
0010 112.12534042553192
0001 112.20512765957447
0100 112.28491489361701
0010 112.36470212765957
0100 112.44448936170213
0001 112.52427659574468
1000 112.60406382978724
0001 112.68385106382979
1000 112.76363829787233
0001 112.8434255319149
0010 112.92321276595746
0100 113.00300000000001
1000 113.08278723404256
0001 113.16257446808511
0010 113.24236170212767
0001 113.32214893617022
1000 113.40193617021278
0100 113.48172340425533
0010 113.56151063829788
0001 113.64129787234043
1000 113.72108510638299
0100 113.80087234042554
0010 113.8806595744681
0001 113.96044680851065
1000 114.0402340425532
0001 114.12002127659575
0100 114.1998085106383
0010 114.27959574468086
1000 114.3593829787234
0010 114.43917021276596
0100 114.51895744680851
0001 114.59874468085107
1000 114.67853191489363
0001 114.75831914893618
1000 114.83810638297872
0010 114.91789361702128
0100 114.99768085106383
0001 115.07746808510639
0100 115.15725531914894
0010 115.2370425531915
1000 115.31682978723404
0001 115.3966170212766
1000 115.47640425531915
0100 115.55619148936171
0010 115.63597872340425
0100 115.7157659574468
0010 115.79555319148936
0001 115.87534042553192
0010 115.95512765957447
0100 116.03491489361703
1000 116.11470212765957
0100 116.19448936170213
1000 116.27427659574468
0001 116.35406382978724
0010 116.43385106382979
0100 116.51363829787235
1000 116.59342553191489
0001 116.67321276595746
0100 116.75300000000001
0010 116.83278723404257
1000 116.91257446808511
0010 116.99236170212767
1000 117.07214893617022
0001 117.15193617021278
0100 117.23172340425533
0001 117.31151063829789
1000 117.39129787234043
0010 117.47108510638299
0100 117.55087234042554
0001 117.6306595744681
1000 117.71044680851065
0001 117.79023404255321
0100 117.87002127659575
0001 117.9498085106383
1000 118.10938297872342
0100 118.26895744680851
0010 118.42853191489363
0100 118.58810638297874
1000 118.74768085106383
0001 118.90725531914894
0100 119.06682978723406
0010 119.22640425531915
0100 119.38597872340426
0001 119.54555319148936
1000 119.70512765957447
0100 119.86470212765958
0010 120.02427659574468
0001 120.18385106382979
1000 120.3434255319149
0001 120.503
0100 120.58278723404256
0001 120.66257446808511
1000 120.74236170212765
0100 120.82214893617021
0010 120.90193617021276
0100 120.98172340425532
1000 121.06151063829788
0001 121.14129787234043
0100 121.22108510638297
0010 121.30087234042553
1000 121.38065957446808
0001 121.46044680851064
0010 121.5402340425532
0100 121.62002127659575
1000 121.69980851063829
0001 121.77959574468086
0100 121.85938297872342
0001 121.93917021276597
1000 122.01895744680851
0100 122.09874468085107
0010 122.17853191489363
0001 122.25831914893618
0100 122.33810638297874
0010 122.41789361702129
1000 122.49768085106383
0100 122.57746808510639
0010 122.65725531914894
0001 122.7370425531915
2003 123.05619148936171
3000 125.60938297872342
