TITLE Cheer Up
BPM   173.0
NOTES
1000 9.701982658959537
0010 9.788687861271676
1000 9.875393063583815
0001 10.048803468208092
0100 10.135508670520231
0001 10.22221387283237
1000 10.395624277456646
0010 10.742445086705201
0100 11.089265895953757
0100 11.436086705202312
0100 11.782907514450866
0001 12.360942196531791
1000 12.476549132947977
1000 12.823369942196532
0001 13.054583815028902
1000 13.170190751445086
0100 13.401404624277456
1000 13.863832369942196
0001 14.095046242774567
0001 14.44186705202312
0010 14.557473988439305
0010 14.90429479768786
0100 15.135508670520231
1000 15.251115606936416
0100 15.597936416184972
1000 15.944757225433525
0010 16.118167630057805
1000 16.638398843930634
0100 16.869612716763005
0010 16.98521965317919
0100 17.332040462427745
1000 17.6788612716763
0001 17.910075144508667
0001 18.256895953757226
1000 18.37250289017341
0010 18.719323699421967
1000 19.412965317919074
0001 19.644179190751444
1000 19.75978612716763
0100 20.106606936416185
0100 20.45342774566474
0010 20.800248554913296
0010 21.14706936416185
0001 21.493890173410406
0010 21.667300578034684
0001 22.187531791907514
1000 22.53435260115607
0001 22.881173410404624
1000 23.22799421965318
0001 23.57481502890173
0100 23.806028901734102
0010 23.921635838150287
1000 24.152849710982657
0001 24.268456647398843
0010 24.84649132947977
0100 24.962098265895953
1000 25.193312138728324
0001 25.30891907514451
0100 25.54013294797688
0010 25.655739884393064
1000 26.34938150289017
0001 26.58059537572254
0010 26.927416184971097
0100 27.043023121387282
0010 27.389843930635838
0001 27.736664739884393
0011 28.08348554913295
0010 28.661520231213874
0100 28.77712716763006
1000 29.008341040462426
0010 29.12394797687861
0100 29.470768786127167
0010 29.701982658959537
1000 30.164410404624277
0002 30.511231213872833
0003 30.68464161849711
0010 30.858052023121388
0100 31.08926589595376
1000 31.204872832369944
0010 31.436086705202314
0100 31.5516936416185
0001 31.78290751445087
1000 31.89851445086705
0100 32.2453352601156
0200 32.59215606936416
0300 33.11238728323699
2000 33.28579768786127
3000 33.71932369942196
0010 34.21065317919075
1000 34.326260115606935
0001 34.557473988439305
0010 34.67308092485549
0100 34.90429479768786
1000 35.019901734104046
0001 35.193312138728324
0010 35.3667225433526
0001 35.71354335260116
0100 36.06036416184971
0010 36.40718497109827
0100 36.75400578034682
0010 36.98521965317919
0100 37.10082658959538
0001 37.33204046242775
1000 37.44764739884393
0010 37.6788612716763
1000 37.79446820809248
0001 38.02568208092485
0010 38.14128901734104
0010 38.48810982658959
0001 38.83493063583815
0002 39.181751445086704
0003 39.22510404624277
1000 39.70198265895954
0100 39.875393063583815
1000 40.04880346820809
0001 40.22221387283237
0010 40.48232947976879
0100 40.569034682080925
1000 40.800248554913296
0010 40.91585549132948
0100 41.262676300578036
0001 41.60949710982659
1000 41.95631791907515
1000 42.3031387283237
0001 42.53435260115607
0100 42.64995953757226
0001 42.88117341040463
1000 42.996780346820806
0100 43.170190751445084
0010 43.34360115606936
0100 43.51701156069364
1000 43.69042196531792
0001 44.03724277456647
1000 44.38406358381503
0010 44.73088439306358
0100 44.90429479768786
0001 45.07770520231214
1000 45.77134682080925
0100 46.00256069364162
0010 46.118167630057805
0001 46.349381502890175
0100 46.46498843930636
0001 46.811809248554916
1000 47.158630057803464
0001 47.33204046242774
1000 47.50545086705202
0001 47.6788612716763
0100 47.852271676300575
0010 48.19909248554913
0200 48.545913294797685
0300 48.89273410404624
0002 49.06614450867052
0003 49.412965317919074
1000 49.93319653179191
0001 50.106606936416185
1000 50.28001734104046
0100 50.45342774566474
0010 50.62683815028902
0001 50.800248554913296
0100 50.97365895953757
0001 51.32047976878613
1000 51.493890173410406
0001 51.667300578034684
0100 51.84071098265896
0010 52.01412138728324
1000 52.18753179190752
0100 52.360942196531795
1000 52.70776300578034
0001 52.88117341040462
1000 53.0545838150289
0001 53.227994219653176
0010 53.401404624277454
0100 53.57481502890173
1000 53.74822543352601
0002 53.92163583815029
0100 54.26845664739884
0300 54.35516184971098
0100 54.6152774566474
0300 54.70198265895954
0003 54.96209826589595
1001 55.48232947976879
1000 55.655739884393064
0010 56.00256069364162
0100 56.349381502890175
1001 56.869612716763
1000 57.04302312138728
0010 57.389843930635834
0100 57.73666473988439
1001 58.25689595375722
0001 58.4303063583815
0010 58.777127167630056
0100 59.12394797687861
0020 59.47076878612717
0030 59.73088439306358
0001 59.81758959537572
1000 59.90429479768786
0001 59.991
0100 60.16441040462428
0010 60.337820809248555
1000 60.51123121387283
0001 60.68464161849711
1000 60.85805202312139
0100 61.031462427745666
0100 61.37828323699422
0010 61.72510404624278
0100 62.07192485549133
0010 62.41874566473988
0001 62.59215606936416
0010 62.765566473988436
0100 62.93897687861271
1000 63.28579768786127
0001 63.45920809248555
1000 63.632618497109824
0001 63.8060289017341
0100 63.97943930635838
0100 64.32626011560693
0010 64.67308092485548
1000 65.01990173410404
0001 65.3667225433526
0003 65.54013294797687
1000 65.71354335260115
0010 65.88695375722543
0100 66.0603641618497
1001 66.58059537572254
0001 66.75400578034682
0010 67.10082658959537
0100 67.44764739884393
1001 67.96787861271676
0001 68.22799421965317
0010 68.4881098265896
0100 68.83493063583815
1000 69.1817514450867
1001 69.35516184971098
0001 69.52857225433526
0100 69.87539306358381
0010 70.22221387283237
0200 70.56903468208093
0300 70.82915028901733
0001 70.91585549132948
1000 71.00256069364161
0001 71.08926589595376
0100 71.26267630057804
0010 71.43608670520231
1000 71.60949710982659
0001 71.78290751445087
1000 71.95631791907515
0100 72.12972832369942
0100 72.47654913294798
0010 72.82336994219654
0100 73.17019075144509
1000 73.51701156069365
0100 73.69042196531792
0010 73.8638323699422
0001 74.03724277456648
1001 74.55747398843931
0001 74.90429479768785
0100 75.42452601156069
0010 75.59793641618496
1000 76.1181676300578
0001 76.29157803468208
0010 76.63839884393063
0100 76.81180924855491
1000 76.98521965317919
0020 77.15863005780346
0030 77.85227167630057
2000 79.06614450867052
3000 79.41296531791907
0200 80.10660693641618
0300 80.28001734104046
0020 80.45342774566474
0030 80.62683815028902
0002 80.97365895953757
0003 81.32047976878613
2000 81.4938901734104
3020 81.75400578034682
0030 82.27423699421965
2000 82.88117341040463
3002 83.22799421965318
0003 83.57481502890174
0020 83.74822543352602
0030 84.09504624277457
0200 84.26845664739885
0300 84.44186705202313
0010 84.52857225433526
0002 85.65573988439306
0003 85.91585549132947
2000 86.00256069364161
3000 86.17597109826589
0020 86.34938150289017
0030 86.4360867052023
0200 86.52279190751445
0300 86.60949710982658
0002 86.869612716763
0003 87.21643352601156
2000 87.38984393063583
3000 87.56325433526011
0020 87.73666473988439
0030 87.82336994219652
2000 87.91007514450867
3000 88.08348554913294
0100 88.25689595375722
0020 88.77712716763006
0030 89.03724277456647
0200 89.29735838150289
0300 89.47076878612717
2000 89.64417919075144
3002 89.991
0003 90.42452601156069
0200 90.68464161849711
0300 91.03146242774567
0001 91.37828323699422
0010 91.5516936416185
0001 91.72510404624278
0010 91.89851445086705
0100 92.07192485549133
1000 92.24533526011561
0010 92.41874566473989
0100 92.59215606936417
0010 92.76556647398844
2000 92.93897687861272
3000 93.28579768786128
0001 93.97943930635839
1000 94.15284971098266
0001 94.32626011560693
0010 94.4996705202312
0100 94.67308092485548
0010 94.84649132947976
0001 95.01990173410404
0100 95.19331213872832
0010 95.3667225433526
1000 95.54013294797687
0200 95.71354335260115
0300 96.0603641618497
1000 96.58059537572254
0010 96.75400578034682
0100 96.9274161849711
0001 97.10082658959537
1000 97.27423699421965
0001 97.44764739884393
0010 97.6210578034682
0100 97.79446820809248
0010 98.14128901734104
0001 98.4881098265896
0001 99.00834104046243
0010 99.1817514450867
0001 99.70198265895954
0200 99.87539306358381
0300 100.04880346820809
0010 100.22221387283237
1000 100.39562427745665
0001 100.56903468208093
0200 100.7424450867052
0300 101.08926589595376
1001 101.26267630057804
1000 101.43608670520231
0100 101.78290751445087
0010 102.12972832369942
1001 102.64995953757226
1000 102.82336994219654
0100 103.17019075144509
0010 103.51701156069365
1001 104.03724277456647
0001 104.21065317919074
0100 104.5574739884393
0010 104.90429479768785
0200 105.25111560693641
0300 105.51123121387282
0001 105.59793641618496
1000 105.6846416184971
0001 105.77134682080924
0010 105.94475722543352
0100 106.1181676300578
1000 106.29157803468208
0001 106.46498843930635
1000 106.63839884393063
0100 106.81180924855491
0100 107.15863005780346
0010 107.50545086705202
0100 107.85227167630057
0010 108.19909248554913
0001 108.37250289017341
0010 108.54591329479769
0100 108.71932369942196
1000 109.06614450867052
0001 109.2395549132948
1000 109.41296531791907
0001 109.58637572254335
0100 109.75978612716763
0100 110.10660693641618
0010 110.45342774566474
1000 110.8002485549133
0001 111.14706936416185
0003 111.32047976878613
1000 111.4938901734104
0010 111.66730057803468
0100 111.84071098265896
1001 112.3609421965318
0001 112.53435260115607
0100 112.88117341040463
0010 113.22799421965318
1001 113.748225433526
1000 114.00834104046241
0100 114.26845664739884
0010 114.61527745664739
0001 114.96209826589595
1001 115.13550867052022
1000 115.3089190751445
0010 115.65573988439306
0100 116.00256069364161
0020 116.34938150289017
0030 116.60949710982658
1000 116.69620231213872
0001 116.78290751445086
1000 116.869612716763
0010 117.04302312138728
0100 117.21643352601156
0001 117.38984393063583
1000 117.56325433526011
0001 117.73666473988439
0010 117.91007514450867
0010 118.25689595375722
0100 118.60371676300578
0010 118.95053757225433
0001 119.29735838150289
0100 119.47076878612717
0010 119.64417919075144
1000 119.81758959537572
1001 120.33782080924856
1000 120.68464161849711
0010 121.20487283236994
0100 121.37828323699422
0001 121.89851445086705
1000 122.07192485549133
0001 122.41874566473989
0100 122.59215606936417
0001 122.76556647398844
0020 122.93897687861272
0030 123.45920809248554
