TITLE Cheryl
BPM   96.0
NOTES
1000 10.043
0001 10.19925
0100 10.3555
0101 10.668
0001 10.9805
0010 11.293
0100 11.44925
1000 11.6055
1001 11.918
0001 12.2305
0100 12.543
0010 12.69925
1000 12.8555
1100 13.168
0100 13.4805
0010 13.793
0001 13.94925
1000 14.1055
1001 14.418
0001 14.7305
0100 15.043
0010 15.19925
0100 15.3555
0101 15.668
0001 15.9805
0010 16.293
0100 16.44925
1000 16.6055
1001 16.918
0001 17.2305
0100 17.543
0010 17.69925
1000 17.8555
1100 18.168
0100 18.4805
0010 18.793
1001 19.418
1001 20.043
0001 20.3555
0011 20.668
0010 21.6055
0100 21.81383333333333
1000 21.918
0001 22.12633333333333
1000 22.43883333333333
0010 22.543
1000 22.75133333333333
0010 22.8555
0101 23.168
1001 23.68883333333333
1000 23.897166666666667
0010 24.00133333333333
0100 24.1055
0001 24.31383333333333
1000 24.418
0100 24.62633333333333
0010 24.7305
0001 25.043
0001 25.459666666666667
0101 25.668
0100 25.87633333333333
1010 26.18883333333333
1000 26.44925
0001 26.50133333333333
1000 26.553416666666667
0001 26.6055
0010 26.81383333333333
0100 26.918
1000 27.43883333333333
0001 27.543
1000 27.75133333333333
0001 27.8555
0011 28.168
0110 28.68883333333333
0100 28.897166666666667
1000 29.00133333333333
0001 29.1055
1000 29.31383333333333
0100 29.418
0110 29.7305
0011 30.043
0001 30.3555
1001 30.668
1000 30.9805
1000 31.293
0010 31.6055
0100 31.81383333333333
0001 31.918
1000 32.126333333333335
0010 32.438833333333335
0100 32.543
0010 32.751333333333335
0100 32.8555
0101 33.168
0001 33.4805
1000 33.688833333333335
0010 33.897166666666664
0100 34.001333333333335
0001 34.1055
0010 34.313833333333335
0100 34.418
0010 34.626333333333335
0001 34.7305
1000 35.043
1000 35.459666666666664
1010 35.668
0100 35.876333333333335
1001 36.188833333333335
0001 36.44925
0100 36.501333333333335
0001 36.553416666666664
0100 36.6055
0001 36.813833333333335
1000 36.918
0010 37.2305
1000 37.438833333333335
0001 37.543
1000 37.751333333333335
0001 37.8555
1100 38.168
0100 38.4805
0010 38.688833333333335
0001 38.897166666666664
1000 39.001333333333335
0001 39.1055
1000 39.313833333333335
0010 39.418
1000 39.626333333333335
0001 39.7305
2001 40.043
3200 40.668
0310 40.9805
0001 41.188833333333335
0020 41.293
0130 41.6055
0010 41.813833333333335
0001 41.918
1000 42.126333333333335
0001 42.2305
1000 42.438833333333335
0020 42.543
0230 43.168
0301 43.4805
1000 43.584666666666664
0001 43.688833333333335
0200 43.793
0310 44.1055
1000 44.313833333333335
0001 44.418
1000 44.626333333333335
0100 44.7305
0010 44.938833333333335
0002 45.043
2000 45.459666666666664
3000 45.563833333333335
2003 45.668
3010 45.876333333333335
0010 46.084666666666664
0100 46.188833333333335
0002 46.293
1003 46.918
0100 47.126333333333335
0010 47.2305
0001 47.438833333333335
1000 47.543
1000 47.751333333333335
0001 47.8555
0010 47.959666666666664
0010 48.168
0010 48.376333333333335
0100 48.584666666666664
1000 48.688833333333335
0001 48.793
0001 49.001333333333335
1000 49.1055
0010 49.209666666666664
0100 49.418
0100 49.626333333333335
0100 49.834666666666664
0102 50.043
2003 50.668
3100 50.9805
0010 51.188833333333335
0200 51.293
1300 51.6055
0001 51.813833333333335
0100 51.918
0010 52.126333333333335
1000 52.2305
0001 52.438833333333335
2000 52.543
3200 53.168
0310 53.4805
0001 53.584666666666664
1000 53.688833333333335
0020 53.793
1030 54.1055
0001 54.313833333333335
0010 54.418
0001 54.626333333333335
1000 54.7305
0010 54.938833333333335
2000 55.043
0020 55.459666666666664
0030 55.563833333333335
3020 55.668
1030 55.876333333333335
1000 56.084666666666664
0100 56.188833333333335
0010 56.293
0010 56.501333333333335
0010 56.813833333333335
0001 57.126333333333335
1000 57.2305
0010 57.438833333333335
1000 57.543
0001 57.647166666666664
1000 57.751333333333335
0010 57.8555
0100 57.959666666666664
0010 58.063833333333335
2000 58.168
3200 58.376333333333335
0320 58.584666666666664
0031 58.793
1000 58.897166666666664
0001 59.001333333333335
0100 59.1055
0010 59.313833333333335
2000 59.418
3001 60.043
0010 60.3555
0100 60.51175
1100 60.668
1000 60.9805
0001 61.293
0100 61.6055
0010 61.76175
1010 61.918
1000 62.2305
0001 62.543
0010 62.8555
0100 63.01175
1100 63.168
1000 63.4805
0001 63.793
0100 64.1055
0010 64.26175
1010 64.418
1000 64.7305
0001 65.043
0100 65.3555
0001 65.51175
0101 65.668
0100 65.9805
0010 66.293
1000 66.6055
0100 66.76175
0110 66.918
0010 67.2305
0001 67.543
1000 67.8555
1100 68.168
0001 68.4805
0010 68.793
0001 69.1055
0101 69.418
1000 69.7305
0001 70.043
0010 70.3555
0100 70.51175
1100 70.668
1000 70.9805
0001 71.293
0100 71.6055
0010 71.76175
0110 71.918
0100 72.2305
0001 72.543
0010 72.8555
0100 73.01175
1100 73.168
1000 73.4805
0001 73.793
0100 74.1055
0010 74.26175
1010 74.418
1000 74.7305
0001 75.043
0010 75.3555
0001 75.51175
1001 75.668
1000 75.9805
0010 76.293
0100 76.6055
0001 76.76175
0101 76.918
0100 77.2305
0010 77.543
1000 77.90014285714287
1001 78.25728571428571
0001 78.61442857142858
1000 78.97157142857144
1001 79.3287142857143
1001 80.043
0001 80.3555
0101 80.668
0100 81.6055
0001 81.81383333333333
1000 81.918
0100 82.12633333333333
0010 82.43883333333333
0001 82.543
1000 82.75133333333333
0010 82.8555
0100 82.95966666666668
0002 83.06383333333333
0100 83.168
0003 83.37633333333333
1000 83.58466666666668
0100 83.68883333333333
1000 83.89716666666668
0001 84.00133333333333
0010 84.1055
0100 84.31383333333333
1000 84.418
0010 84.62633333333333
0100 84.7305
0010 85.043
1000 85.45966666666668
1100 85.668
0100 85.87633333333333
0100 86.08466666666668
1000 86.18883333333333
0010 86.44925
1000 86.50133333333333
0010 86.55341666666668
1000 86.6055
0001 86.81383333333333
0010 86.918
0100 87.43883333333333
0010 87.543
0001 87.75133333333333
1000 87.8555
0001 87.90758333333333
0001 88.06383333333333
0100 88.168
0110 88.68883333333333
0010 88.89716666666668
1000 89.00133333333333
0100 89.1055
0010 89.31383333333333
0200 89.418
1300 90.043
1000 90.25133333333333
0001 90.3555
0101 90.668
0100 91.6055
0001 91.81383333333333
1000 91.918
0100 92.02216666666668
0010 92.17841666666668
0001 92.33466666666668
0010 92.38675
0001 92.543
1000 92.75133333333333
0010 92.8555
1000 93.168
3100 93.32425
0310 93.4805
0001 93.58466666666668
1000 93.68883333333333
0010 93.89716666666668
1000 94.00133333333333
0001 94.1055
1000 94.31383333333333
0001 94.418
1000 94.62633333333333
0010 94.7305
1000 95.043
1000 95.45966666666668
1100 95.668
0100 95.87633333333333
1010 96.18883333333333
1000 96.44925
0001 96.50133333333333
1000 96.55341666666668
0001 96.6055
0010 96.81383333333333
0001 96.918
0010 97.43883333333333
0001 97.543
1000 97.64716666666668
0001 97.69925
1000 97.80341666666668
0100 97.933625
0010 98.01175
0100 98.168
1300 98.68883333333333
0010 98.89716666666668
0100 99.00133333333333
0001 99.1055
1003 99.26175
0200 99.418
0300 99.93883333333333
1100 100.043
1000 100.3555
1010 100.668
0010 100.9805
0010 101.293
1000 101.6055
0010 101.81383333333333
0100 101.918
0010 102.12633333333333
1000 102.43883333333333
0100 102.543
1000 102.75133333333333
0100 102.8555
0110 103.168
0010 103.4805
0001 103.68883333333333
1000 103.89716666666668
0010 104.00133333333333
0100 104.1055
0001 104.31383333333333
0010 104.418
0001 104.62633333333333
1000 104.7305
0010 105.043
0010 105.45966666666668
0110 105.668
0100 105.87633333333333
1001 106.18883333333333
1000 106.44925
0001 106.50133333333333
1000 106.55341666666668
0001 106.6055
0010 106.81383333333333
0100 106.918
1000 107.2305
0001 107.43883333333333
0100 107.543
0010 107.75133333333333
1000 107.8555
0101 108.168
0100 108.4805
0010 108.68883333333333
1000 108.89716666666668
0100 109.00133333333333
0010 109.1055
0001 109.31383333333333
0100 109.418
0010 109.62633333333333
1000 109.7305
1001 110.043
0001 110.3555
0101 110.668
0100 110.9805
0100 111.293
0001 111.6055
0100 111.81383333333333
0010 111.918
0100 112.12633333333333
0001 112.43883333333333
0010 112.543
0001 112.75133333333333
0010 112.8555
0110 113.168
0100 113.4805
1000 113.68883333333333
0001 113.89716666666668
0100 114.00133333333333
0010 114.1055
1000 114.31383333333333
0100 114.418
1000 114.62633333333333
0001 114.7305
0100 115.043
0100 115.45966666666668
0110 115.668
0010 115.87633333333333
1001 116.18883333333333
0001 116.44925
1000 116.50133333333333
0001 116.55341666666668
1000 116.6055
0100 116.81383333333333
0010 116.918
0001 117.2305
1000 117.43883333333333
0010 117.543
0100 117.75133333333333
0001 117.8555
1010 118.168
0010 118.4805
0100 118.68883333333333
0001 118.89716666666668
0010 119.00133333333333
0100 119.1055
1000 119.31383333333333
0010 119.418
