TITLE Common World Domination
BPM   150.0
NOTES
0001 5.675631578947368
0010 5.991421052631579
0001 6.30721052631579
1000 6.623
0010 6.938789473684211
0100 7.2545789473684215
0001 7.570368421052632
1000 7.886157894736843
0100 8.201947368421052
0010 8.517736842105263
0001 8.833526315789472
1000 9.149315789473683
0010 9.465105263157893
0100 9.780894736842104
0001 10.096684210526314
1000 10.412473684210525
1001 12.93878947368421
0001 13.25457894736842
0100 13.412473684210525
0010 13.491421052631578
1000 13.570368421052631
0100 13.728263157894736
0010 13.886157894736842
0001 14.044052631578946
1000 14.123
0001 14.201947368421052
0100 14.359842105263157
0010 14.517736842105261
1000 14.675631578947366
0001 14.833526315789472
0010 14.991421052631576
0100 15.149315789473683
0010 15.307210526315787
0001 15.38615789473684
1000 15.465105263157893
0001 15.622999999999998
0100 15.780894736842104
0010 15.938789473684208
1000 16.01773684210526
0001 16.096684210526316
1000 16.25457894736842
0100 16.412473684210525
0010 16.57036842105263
0001 16.649315789473686
1000 16.728263157894737
0001 16.886157894736844
0100 17.044052631578946
0010 17.201947368421052
1000 17.280894736842104
0001 17.359842105263155
0010 17.51773684210526
0100 17.675631578947367
0010 17.833526315789474
0001 17.991421052631576
1000 18.07036842105263
0001 18.149315789473683
0010 18.228263157894734
0100 18.30721052631579
1000 18.465105263157895
0001 18.544052631578946
0100 18.622999999999998
0010 18.780894736842104
1000 18.93878947368421
0001 19.096684210526316
0010 19.175631578947367
0100 19.25457894736842
0010 19.412473684210525
0001 19.57036842105263
1000 19.728263157894737
0010 19.88615789473684
0100 20.044052631578946
0001 20.201947368421052
1000 20.35984210526316
0100 20.43878947368421
0010 20.51773684210526
0100 20.675631578947367
1000 20.833526315789474
0001 20.99142105263158
0100 21.07036842105263
0010 21.149315789473683
0100 21.30721052631579
0001 21.465105263157895
1000 21.623
0100 21.701947368421052
0010 21.780894736842104
0100 21.93878947368421
1000 22.096684210526316
0001 22.254578947368422
0100 22.333526315789474
0010 22.412473684210525
1000 22.57036842105263
0001 22.728263157894737
1000 23.201947368421052
0001 23.35984210526316
1000 23.517736842105265
0010 23.833526315789474
0100 23.99142105263158
0001 24.149315789473686
1001 24.465105263157895
1010 24.780894736842107
0101 25.096684210526316
0100 25.41247368421053
0001 25.57036842105263
0100 25.728263157894737
0010 25.886157894736844
1000 26.04405263157895
0100 26.35984210526316
0010 26.517736842105265
0001 26.67563157894737
1000 26.99142105263158
0010 27.149315789473683
0100 27.30721052631579
0110 27.622999999999998
1001 27.93878947368421
1000 28.25457894736842
0001 28.412473684210525
0100 28.57036842105263
0010 28.88615789473684
1000 29.044052631578946
0001 29.201947368421052
0010 29.51773684210526
0001 29.675631578947367
1000 29.833526315789474
1100 30.149315789473683
0100 30.465105263157895
1000 30.622999999999998
0001 30.780894736842104
0100 30.93878947368421
0010 31.096684210526316
1000 31.412473684210525
0001 31.57036842105263
0010 31.728263157894737
0110 32.04405263157894
1001 32.359842105263155
1010 32.67563157894737
0201 32.99142105263157
0310 33.46510526315789
1000 33.62299999999999
0001 33.701947368421045
0100 33.7808947368421
0001 33.9387894736842
0010 34.096684210526305
0100 34.254578947368415
1000 34.33352631578947
0001 34.41247368421052
1000 34.57036842105263
0010 34.72826315789473
0100 34.88615789473683
0001 35.04405263157894
1000 35.201947368421045
0100 35.35984210526315
0010 35.51773684210526
0001 35.59668421052631
0010 35.67563157894736
0001 35.83352631578947
1000 35.99142105263157
0010 36.149315789473675
0100 36.22826315789473
0001 36.307210526315785
1000 36.46510526315789
0100 36.62299999999999
0010 36.7808947368421
0001 36.859842105263155
0010 36.9387894736842
0001 37.09668421052631
1000 37.254578947368415
0010 37.41247368421052
1000 37.49142105263157
0001 37.57036842105263
0100 37.72826315789473
0010 37.88615789473683
1000 38.359842105263155
0100 38.51773684210526
0010 38.67563157894736
0001 38.99142105263157
1000 39.149315789473675
0010 39.307210526315785
1010 39.623
1001 39.9387894736842
0011 40.254578947368415
0010 40.57036842105263
0001 40.72826315789473
0100 40.88615789473684
0010 41.04405263157894
1000 41.201947368421045
0100 41.51773684210526
0010 41.67563157894736
0001 41.83352631578947
1001 42.14931578947368
1100 42.46510526315789
0100 42.7808947368421
0010 42.9387894736842
0001 43.09668421052631
1000 43.412473684210525
0001 43.49142105263157
0010 43.57036842105263
0100 43.72826315789473
1000 44.04405263157894
0010 44.201947368421045
0100 44.359842105263155
0001 44.67563157894737
1000 44.83352631578947
0100 44.99142105263157
0110 45.307210526315785
0010 45.623
0001 45.7808947368421
1000 45.93878947368421
0001 46.09668421052631
0100 46.254578947368415
0010 46.57036842105263
1000 46.72826315789473
0010 46.88615789473684
1010 47.20194736842105
0110 47.51773684210526
0101 47.83352631578947
0100 48.14931578947368
0001 48.307210526315785
1000 48.465105263157895
0001 48.54405263157894
0100 48.623
0001 48.83352631578947
1000 48.93878947368421
0001 49.04405263157894
0100 49.14931578947368
0010 49.254578947368415
1000 49.359842105263155
0001 49.465105263157895
0010 49.57036842105263
0100 49.7808947368421
1000 49.88615789473684
0001 49.99142105263158
1000 50.09668421052631
0010 50.20194736842105
0100 50.412473684210525
0001 50.51773684210526
1000 50.67563157894737
0001 50.83352631578947
0100 50.99142105263158
0010 51.07036842105263
1000 51.14931578947368
0001 51.25457894736842
0010 51.359842105263155
0100 51.465105263157895
0010 51.67563157894737
0001 51.7808947368421
1000 51.88615789473684
0010 51.99142105263158
0100 52.09668421052631
0001 52.307210526315785
1000 52.41247368421052
0001 52.51773684210526
1000 52.62299999999999
0100 52.72826315789473
0010 52.9387894736842
0001 53.044052631578936
1000 53.201947368421045
0001 53.35984210526315
0010 53.51773684210526
0100 53.596684210526305
1000 53.67563157894736
0001 53.7808947368421
0010 53.88615789473683
0001 53.99142105263157
1000 54.096684210526305
0010 54.201947368421045
0100 54.30721052631578
0010 54.51773684210526
1000 54.62299999999999
0001 54.83352631578946
0010 54.9387894736842
0100 55.149315789473675
0010 55.254578947368415
0001 55.46510526315789
1000 55.57036842105262
0100 55.72826315789473
0010 55.88615789473683
0001 56.04405263157894
1000 56.12299999999999
0001 56.201947368421045
1000 56.4387894736842
0100 56.51773684210526
0010 56.67563157894736
0001 56.83352631578946
0100 57.07036842105263
0001 57.149315789473675
2000 57.307210526315785
3001 57.7808947368421
1001 58.096684210526305
1100 58.72826315789473
0100 58.88615789473683
0010 59.04405263157894
0011 59.35984210526315
0001 59.67563157894736
0200 59.83352631578947
2300 60.149315789473675
3002 60.46510526315789
0013 60.7808947368421
1000 60.9387894736842
0010 61.09668421052631
0001 5.9830000000000005
0010 6.083
0100 6.183000000000001
1000 6.283
0001 6.383
0100 6.683
0010 6.783
1000 6.849666666666667
0001 6.916333333333333
1000 6.983
0100 7.083
0010 7.383
0001 7.483
1000 7.583
0001 7.683
0100 7.783
0010 7.983
1000 8.283000000000001
0100 8.583
0010 8.683
0001 8.783000000000001
1000 8.983
0010 9.083
0100 9.183
0001 9.283000000000001
0100 9.383000000000001
0010 9.583000000000002
1000 9.883000000000003
0100 9.983000000000002
0010 10.049666666666669
0001 10.116333333333335
1000 10.183000000000002
0010 10.283000000000001
0100 10.583000000000002
0001 10.683000000000002
1000 10.783000000000001
0100 10.883000000000003
0010 10.983000000000002
0100 11.083000000000002
2000 11.183000000000002
3001 11.783000000000001
0100 11.883000000000001
0010 12.083000000000002
1000 12.283000000000001
0001 12.383000000000003
0010 12.483000000000002
0001 12.583000000000002
1000 12.683000000000002
0010 12.783000000000001
0100 12.883000000000001
0001 12.983
1000 13.083000000000002
0100 13.183000000000002
0010 13.383000000000001
0001 13.583000000000002
1000 13.783000000000001
0010 13.883000000000001
1000 13.983
0001 14.083000000000002
1000 14.183000000000002
0100 14.383000000000001
0010 14.583
0001 14.683000000000002
1000 14.783000000000001
0010 14.983
1000 15.083
0010 15.183000000000002
0100 15.283000000000001
0001 15.383000000000001
1000 15.433000000000002
0001 15.483
1000 15.533000000000001
0001 15.583000000000002
0010 15.783000000000001
0100 15.983
1000 16.083000000000002
0100 16.183
0010 16.283
0001 16.383
1000 16.583000000000002
0010 16.783
0100 16.983
0001 17.083000000000002
1000 17.183
0100 17.283
0010 17.383
0001 17.583000000000002
1000 17.783
0010 17.883000000000003
1000 17.983
0001 18.183000000000003
0010 18.383000000000003
0100 18.583000000000002
0010 18.783
0001 18.883000000000003
1000 18.983
0001 19.083000000000002
0100 19.183000000000003
0010 19.283000000000005
1000 19.383000000000003
0001 19.483000000000004
1000 19.583000000000002
0100 19.783000000000005
0010 19.983000000000004
0001 20.183000000000003
1000 20.283000000000005
0001 20.383000000000003
0103 20.783
0010 20.883000000000003
1000 20.983
0001 21.083000000000002
1000 21.183
0100 21.383000000000003
0010 21.583000000000002
0001 21.783
1000 21.883000000000003
0010 21.983
0100 22.183
0001 22.233
0100 22.283
0001 22.333000000000002
0100 22.383000000000003
0010 22.483000000000004
1000 22.583000000000002
0001 22.683000000000003
1000 22.783
0100 22.983000000000004
0010 23.183000000000003
0001 23.383000000000003
0010 23.483000000000004
0100 23.583000000000002
1000 23.683000000000003
0001 23.783
1000 23.983
0010 24.083000000000002
0100 24.183
0001 24.283
1000 24.383
0010 24.483
0100 24.583000000000002
0001 24.683
1000 24.783
0100 24.883
1000 24.983
0100 25.083000000000002
0010 25.183
0001 25.283
0010 25.383
0001 25.483
2000 25.583000000000002
3020 25.883000000000003
0130 26.183000000000003
0002 26.383000000000003
0013 26.683000000000003
0100 26.783
1000 26.983
0002 27.183000000000003
0103 27.483000000000004
0010 27.583000000000002
1000 27.783000000000005
0001 27.983000000000004
0010 28.383000000000003
0100 28.583000000000002
1000 28.783
0001 29.183
0100 29.383000000000003
0010 29.583000000000002
0100 29.783
0001 29.983
1000 30.183
0200 30.383000000000003
0310 30.983000000000004
0002 31.183000000000003
2003 31.983
3010 32.282999999999994
0100 32.382999999999996
0001 32.583
0010 32.782999999999994
0100 32.882999999999996
0010 32.983
0100 33.083
1000 33.183
0001 33.382999999999996
0100 33.583
0010 33.882999999999996
1000 33.983
0001 34.183
0020 34.382999999999996
0130 34.783
1000 34.983
0001 35.183
1001 35.583
1000 35.783
0010 35.983
0110 36.383
0100 36.583
0101 36.783
0001 36.983000000000004
1001 37.183
1000 37.383
1100 37.583
0110 37.983000000000004
0010 38.383
0001 38.483000000000004
1000 38.583000000000006
0001 38.683
0100 38.783
0010 38.983000000000004
1000 39.083000000000006
0010 39.183
0100 39.283
0001 39.383
0010 39.583000000000006
0001 39.783
1000 39.983
0010 40.083
0100 40.183
0010 40.282999999999994
1000 40.382999999999996
0001 40.583
0010 40.683
0100 40.782999999999994
1000 40.882999999999996
0001 40.983
0100 41.183
0010 41.382999999999996
1000 41.583
0001 41.683
1000 41.783
0010 41.882999999999996
0100 41.983
0001 42.183
1000 42.283
0100 42.382999999999996
0010 42.483
0100 42.583
1000 42.783
0001 42.983
1000 43.183
0010 43.283
0100 43.383
0010 43.483
1000 43.583
0001 43.783
0010 43.883
0100 43.983
1000 44.183
0001 44.383
1003 44.783
0100 45.383
1000 45.583
0001 46.183
0101 46.383
0100 46.583000000000006
0110 46.783
1010 47.083000000000006
1100 47.383
1001 47.583000000000006
0001 47.783
0010 47.983
0100 48.183
1000 48.382999999999996
0001 48.583
0100 48.782999999999994
0010 49.183
1000 49.382999999999996
0001 49.583
1000 49.983
0010 50.283
0100 50.382999999999996
0001 50.583
1000 50.683
0001 50.783
1000 50.983
0001 51.083
0010 51.183
0100 51.41157142857143
0100 51.52585714285714
0001 51.75442857142857
1000 51.86871428571428
0010 51.983
0100 52.211571428571425
0100 52.325857142857146
1000 52.55442857142857
0001 52.66871428571429
0010 52.783
0100 53.02915384615385
0100 53.15223076923077
0010 53.398384615384614
0010 53.52146153846154
0100 53.76761538461539
0100 53.89069230769231
0001 54.13684615384616
1000 54.25992307692308
0010 54.383
0100 54.62915384615385
0100 54.75223076923077
1000 54.998384615384616
0001 55.12146153846154
0010 55.24453846153846
0100 55.49069230769231
0100 55.613769230769236
0010 55.85992307692308
0010 55.983
0100 56.19633333333333
0100 56.303
0001 56.51633333333333
1000 56.72966666666667
0010 56.943
0100 57.04966666666667
0010 57.15633333333333
1000 57.36966666666667
0100 57.583
0010 57.811571428571426
0010 57.92585714285714
1000 58.15442857142857
0100 58.382999999999996
0010 58.61157142857143
0010 58.725857142857144
1000 58.95442857142857
0001 59.068714285714286
0100 59.183
0010 59.383
1000 59.583
1000 59.783
1000 59.983
1001 60.183
1001 60.383
0001 60.583
0100 60.683
0010 60.783
1010 61.183
1000 61.383
0001 61.483000000000004
0100 61.583
0110 61.983000000000004
0010 62.183
1000 62.283
0001 62.383
0101 62.64966666666667
1010 62.916333333333334
1100 63.183
1000 63.783
0100 63.883
0010 63.983
0001 64.183
1000 64.283
0001 64.38300000000001
0101 64.583
0100 64.783
0010 64.88300000000001
1000 64.983
0100 65.183
0010 65.283
0001 65.38300000000001
1001 65.58300000000001
1000 65.78300000000002
0010 65.88300000000001
0100 65.98300000000002
0101 66.183
0001 66.38300000000001
0010 66.48300000000002
0100 66.58300000000001
0010 66.78300000000002
0001 66.88300000000001
1000 66.98300000000002
1001 67.183
0001 67.38300000000001
0100 67.483
0010 67.58300000000001
1010 67.783
1000 67.983
0100 68.08300000000001
0010 68.183
0001 68.38300000000001
1000 68.483
0010 68.58300000000001
0110 68.783
0100 68.983
0001 69.083
1000 69.183
0100 69.383
0010 69.583
0001 69.683
1000 69.783
0001 69.883
0100 69.983
0010 70.083
1000 70.183
0001 70.283
0010 70.38300000000001
1000 70.59633333333335
1000 70.80966666666667
0100 71.02300000000001
0010 71.12966666666668
0100 71.23633333333335
0001 71.44966666666667
0001 71.55633333333334
0010 71.76966666666668
0100 71.87633333333335
1000 71.983
0001 72.183
1000 72.38300000000001
1000 72.583
1000 72.783
1001 72.983
1001 73.183
0001 73.38300000000001
0100 73.483
0010 73.58300000000001
1010 73.98300000000002
1000 74.183
0100 74.28300000000002
0010 74.38300000000001
0011 74.78300000000002
0001 75.183
2000 75.38300000000001
3100 75.783
0010 75.983
0001 76.183
1000 76.38300000000001
0001 76.58300000000001
2000 76.78300000000002
3001 77.58300000000001
0100 77.68300000000002
0010 77.78300000000002
1000 77.88300000000001
0001 77.98300000000002
0010 78.18300000000002
0100 78.28300000000002
1000 78.38300000000001
0100 78.483
0010 78.58300000000001
0001 78.683
1000 78.78300000000002
0001 78.88300000000001
1000 78.983
0010 79.08300000000001
1000 79.183
0001 79.38300000000001
0100 79.483
0010 79.58300000000001
1000 79.78300000000002
0001 79.88300000000001
0010 79.983
0100 80.083
1000 80.183
0001 80.233
1000 80.283
0001 80.333
1000 80.38300000000001
0010 80.583
0100 80.783
0001 80.88300000000001
1000 80.983
0100 81.083
0010 81.183
0001 81.38300000000001
1000 81.58300000000001
0010 81.78300000000002
0100 81.88300000000001
0001 81.98300000000002
0100 82.08300000000001
0010 82.183
1000 82.38300000000001
0001 82.58300000000001
0010 82.683
0100 82.78300000000002
0010 82.98300000000002
0001 83.183
1000 83.38300000000001
0010 83.58300000000001
0100 83.683
0010 83.783
1000 83.88300000000001
0001 83.983
0010 84.08300000000001
0100 84.183
0010 84.283
0001 84.38300000000001
1000 84.58300000000001
0010 84.78300000000002
0100 84.98300000000002
0001 85.08300000000001
1000 85.18300000000002
3001 85.58300000000001
0010 85.68300000000002
0100 85.78300000000002
0010 85.88300000000001
0100 85.98300000000002
1000 86.18300000000002
0001 86.38300000000001
0100 86.58300000000001
0010 86.683
1000 86.78300000000002
0001 86.983
0100 87.03300000000002
0001 87.08300000000001
0100 87.13300000000001
0001 87.183
1000 87.28300000000002
0100 87.38300000000001
0010 87.483
0001 87.58300000000001
0100 87.78300000000002
0010 87.983
1000 88.183
0001 88.283
1000 88.38300000000001
0100 88.483
0010 88.583
0011 88.783
1001 89.083
1010 89.38300000000001
0110 89.683
0101 89.98300000000002
0110 90.183
2002 90.78300000000002
3003 95.183
