TITLE Contact Explosive
BPM   210.0
NOTES
0001 3.4717142857142855
0010 3.543142857142857
0001 3.6145714285714283
0010 3.686
0100 3.757428571428571
1000 3.8288571428571427
0100 3.900285714285714
0010 3.9717142857142855
0001 4.043142857142857
1000 4.114571428571429
0001 4.186
0010 4.257428571428571
0100 4.328857142857142
1000 4.4002857142857135
0001 4.4717142857142855
0010 4.543142857142857
0001 4.614571428571429
1000 4.686
0010 4.757428571428571
0100 4.828857142857142
0001 4.9002857142857135
0100 4.9717142857142855
0010 5.043142857142857
0100 5.114571428571429
0001 5.186
1000 5.257428571428571
0001 5.328857142857142
0100 5.400285714285714
0010 5.4717142857142855
1000 5.543142857142857
0001 5.614571428571429
0100 5.686
0001 5.757428571428571
1000 5.900285714285714
0010 6.043142857142857
0100 6.186
0001 6.328857142857142
1000 6.4717142857142855
1001 6.614571428571428
0001 6.757428571428571
0100 6.9002857142857135
0010 7.043142857142857
0100 7.185999999999999
0001 7.328857142857142
1000 7.471714285714285
0001 7.614571428571428
0010 7.685999999999999
0100 7.75742857142857
1000 7.828857142857142
0001 7.9002857142857135
1000 8.043142857142858
0100 8.186
1000 8.328857142857142
0001 8.471714285714285
0100 8.614571428571427
0010 8.757428571428571
1010 8.900285714285713
1000 9.043142857142858
0001 9.186
0100 9.328857142857142
0010 9.471714285714286
1000 9.614571428571429
0001 9.757428571428571
0010 9.900285714285713
0100 9.971714285714286
0010 10.043142857142858
0001 10.114571428571429
1000 10.186
1001 10.328857142857142
0001 10.471714285714285
0100 10.614571428571429
0001 10.757428571428571
1000 10.900285714285713
0100 11.043142857142856
0110 11.186
0010 11.328857142857142
0001 11.471714285714285
1000 11.614571428571427
0010 11.757428571428571
0100 11.900285714285713
0010 12.043142857142856
1000 12.185999999999998
0001 12.257428571428571
1000 12.328857142857142
0100 12.400285714285713
0010 12.471714285714285
0001 12.614571428571427
0010 12.75742857142857
0001 12.900285714285713
1000 13.043142857142856
0010 13.185999999999998
0100 13.32885714285714
0101 13.471714285714285
0001 13.614571428571427
1000 13.757428571428571
0100 13.828857142857142
1000 13.900285714285713
0001 13.971714285714285
0010 14.043142857142858
0100 14.114571428571429
0010 14.186
0001 14.257428571428571
1000 14.328857142857142
0010 14.400285714285713
0100 14.471714285714285
0001 14.543142857142858
1000 14.614571428571429
0010 14.686
0100 14.757428571428571
0010 14.828857142857142
1000 14.900285714285713
0001 15.043142857142856
1000 15.186
0100 15.328857142857142
1000 15.471714285714285
0001 15.614571428571427
0011 15.757428571428571
0010 15.900285714285713
0100 16.043142857142854
1000 16.186
0001 16.328857142857142
0010 16.471714285714285
0100 16.614571428571427
1000 16.75742857142857
0001 16.828857142857142
0100 16.900285714285715
0001 16.971714285714285
1000 17.043142857142854
0010 17.186
0100 17.328857142857142
0001 17.471714285714285
1000 17.614571428571427
0010 17.757428571428573
1000 17.900285714285715
1001 18.043142857142858
0001 18.186
0010 18.328857142857142
0001 18.471714285714285
0010 18.614571428571427
0100 18.75742857142857
1000 18.900285714285715
0001 19.043142857142858
0100 19.114571428571427
0001 19.186
0100 19.25742857142857
0010 19.328857142857142
1010 19.471714285714285
1000 19.614571428571427
0010 19.75742857142857
0100 19.90028571428571
0010 20.043142857142858
1000 20.186
1001 20.328857142857142
0001 20.471714285714285
0010 20.614571428571427
0100 20.75742857142857
1000 20.90028571428571
0001 21.043142857142854
1000 21.186
0100 21.328857142857142
0010 21.40028571428571
0100 21.471714285714285
0010 21.543142857142854
0001 21.614571428571427
1000 21.75742857142857
0001 21.90028571428571
0100 22.043142857142854
0010 22.185999999999996
1000 22.328857142857142
0100 22.471714285714285
0110 22.614571428571427
0010 22.75742857142857
0001 22.90028571428571
0010 22.971714285714285
0001 23.043142857142854
1000 23.114571428571427
0100 23.185999999999996
0010 23.25742857142857
0001 23.32885714285714
1000 23.40028571428571
0001 23.471714285714285
0100 23.543142857142854
0010 23.614571428571427
0100 23.685999999999996
0001 23.75742857142857
1000 23.82885714285714
0001 23.90028571428571
0100 23.971714285714285
0010 24.043142857142854
0010 24.124775510204078
0001 24.28804081632653
1000 24.451306122448976
0100 24.614571428571427
0100 24.69620408163265
0001 24.859469387755098
1000 25.02273469387755
0010 25.186
0010 25.267632653061224
0100 25.430897959183675
1000 25.594163265306122
0010 25.757428571428573
0010 25.839061224489797
0001 26.002326530612244
1000 26.165591836734695
0010 26.24722448979592
0100 26.328857142857142
0100 26.410489795918366
1000 26.573755102040817
0010 26.737020408163264
0100 26.900285714285715
0100 26.98191836734694
1000 27.145183673469386
0100 27.308448979591837
0010 27.471714285714285
0010 27.559626373626372
1000 27.735450549450547
0001 27.911274725274723
0100 28.0870989010989
0100 28.17501098901099
0010 28.350835164835164
0010 28.438747252747252
0100 28.614571428571427
0100 28.69620408163265
1000 28.8594693877551
0001 29.02273469387755
0010 29.186
0010 29.267632653061224
1000 29.43089795918367
0001 29.594163265306122
0010 29.75742857142857
0010 29.839061224489793
0100 30.002326530612244
0001 30.16559183673469
0100 30.328857142857142
0100 30.410489795918366
1000 30.573755102040813
0001 30.737020408163264
0100 30.818653061224488
0010 30.90028571428571
0010 30.981918367346935
0001 31.145183673469386
1000 31.308448979591834
0100 31.471714285714285
0100 31.55334693877551
0001 31.716612244897956
1000 31.879877551020407
0010 31.96151020408163
0100 32.043142857142854
0100 32.13105494505494
1000 32.30687912087912
0010 32.65852747252747
0010 32.746439560439555
0001 32.83435164835164
0100 32.92226373626373
0100 33.01017582417582
0010 33.186
0010 33.26763265306123
1000 33.430897959183675
0001 33.59416326530612
0100 33.75742857142857
0100 33.8390612244898
1000 34.002326530612244
0100 34.16559183673469
0010 34.32885714285714
0010 34.410489795918366
1000 34.57375510204081
0001 34.73702040816326
0100 34.90028571428571
0100 34.981918367346935
0010 35.14518367346938
0001 35.30844897959183
1000 35.39008163265306
0010 35.471714285714285
0010 35.55334693877551
0001 35.71661224489796
1000 35.87987755102041
0100 36.043142857142854
0100 36.12477551020408
0010 36.28804081632653
1000 36.451306122448976
0010 36.61457142857142
0010 36.70248351648351
0100 36.878307692307686
1000 37.05413186813186
0010 37.22995604395604
0010 37.317868131868124
0100 37.4936923076923
0100 37.58160439560439
0010 37.75742857142857
0010 37.8390612244898
0001 38.002326530612244
1000 38.16559183673469
0100 38.32885714285714
0100 38.410489795918366
0010 38.57375510204081
1000 38.73702040816326
0010 38.900285714285715
0010 38.98191836734694
0001 39.14518367346939
1000 39.30844897959184
0010 39.471714285714285
0010 39.55334693877551
0001 39.71661224489796
1000 39.87987755102041
0001 39.961510204081634
0100 40.043142857142854
0100 40.12477551020408
0010 40.28804081632653
0001 40.451306122448976
0100 40.61457142857142
0100 40.69620408163265
1000 40.8594693877551
0001 41.022734693877545
1000 41.10436734693877
0001 41.186
0010 41.25742857142857
0001 41.328857142857146
1000 41.400285714285715
0100 41.471714285714285
0010 41.543142857142854
0100 41.61457142857143
1000 41.686
0001 41.75742857142857
0100 41.828857142857146
0010 41.900285714285715
0100 41.971714285714285
0001 42.043142857142854
1000 42.11457142857143
0010 42.186
1000 42.25742857142857
0001 42.32885714285714
0010 42.471714285714285
0001 42.61457142857142
1000 42.75742857142857
0100 42.90028571428571
1000 43.043142857142854
1010 43.18599999999999
0010 43.32885714285714
0100 43.471714285714285
0001 43.61457142857143
1000 43.75742857142857
0100 43.900285714285715
0010 44.043142857142854
0001 44.186
1000 44.25742857142857
0010 44.32885714285714
1000 44.400285714285715
0010 44.471714285714285
0100 44.61457142857142
0010 44.75742857142857
1000 44.90028571428571
0100 45.043142857142854
0010 45.18599999999999
0001 45.32885714285714
0011 45.47171428571428
0010 45.61457142857142
0100 45.75742857142857
1000 45.900285714285715
0001 46.043142857142854
0100 46.186
0001 46.32885714285714
0100 46.471714285714285
0010 46.543142857142854
1000 46.61457142857142
0001 46.686
0100 46.75742857142857
0101 46.90028571428571
0001 47.043142857142854
1000 47.18599999999999
0010 47.32885714285714
0100 47.47171428571428
0001 47.61457142857142
0101 47.75742857142856
0100 47.90028571428571
0001 48.043142857142854
0010 48.186
0001 48.32885714285714
0010 48.471714285714285
0100 48.61457142857142
1000 48.75742857142857
0001 48.82885714285714
1000 48.90028571428571
0010 48.971714285714285
0100 49.043142857142854
0001 49.186
0100 49.328857142857146
0010 49.471714285714285
0100 49.61457142857143
0001 49.75742857142857
1000 49.900285714285715
1100 50.043142857142854
0100 50.186
1000 50.32885714285714
0100 50.40028571428571
0010 50.471714285714285
0001 50.543142857142854
1000 50.61457142857142
0100 50.68599999999999
0010 50.75742857142857
0100 50.82885714285714
1000 50.90028571428571
0001 50.971714285714285
0100 51.043142857142854
0010 51.11457142857142
1000 51.18599999999999
0010 51.25742857142857
1000 51.32885714285714
0001 51.40028571428571
0100 51.471714285714285
0001 51.61457142857143
0010 51.75742857142857
0100 51.900285714285715
0010 52.043142857142854
0001 52.186
0101 52.32885714285714
0100 52.471714285714285
0010 52.61457142857142
1000 52.75742857142857
0001 52.90028571428571
1000 53.043142857142854
0010 53.18599999999999
1000 53.32885714285714
0100 53.40028571428571
0010 53.47171428571428
0100 53.543142857142854
1000 53.61457142857142
0001 53.75742857142857
0100 53.900285714285715
0010 54.043142857142854
1000 54.186
0001 54.32885714285714
1000 54.471714285714285
1100 54.61457142857142
0100 54.75742857142857
0010 54.90028571428571
0001 55.043142857142854
0100 55.18599999999999
0010 55.32885714285714
1000 55.47171428571428
0001 55.61457142857142
1000 55.68599999999999
0100 55.75742857142856
0010 55.82885714285714
0100 55.90028571428571
1100 56.043142857142854
1000 56.186
0001 56.32885714285714
0100 56.471714285714285
0001 56.61457142857142
1000 56.75742857142857
1100 56.90028571428571
0100 57.043142857142854
0010 57.186
0001 57.328857142857146
1000 57.471714285714285
0010 57.61457142857143
1000 57.75742857142857
0001 57.900285714285715
0100 57.971714285714285
0010 58.043142857142854
0100 58.11457142857143
0010 58.186
1000 58.32885714285714
0001 58.471714285714285
1000 58.61457142857142
0100 58.75742857142857
0010 58.90028571428571
0100 59.043142857142854
1100 59.18599999999999
1000 59.32885714285714
0001 59.471714285714285
1000 59.543142857142854
0001 59.61457142857143
0010 59.686
0100 59.75742857142857
1000 59.82885714285714
0001 59.900285714285715
0010 59.971714285714285
0001 60.043142857142854
1000 60.11457142857143
0010 60.186
1000 60.25742857142857
0010 60.32885714285714
0100 60.400285714285715
0001 60.471714285714285
1000 60.543142857142854
0002 60.61457142857142
2003 60.90028571428571
3010 61.18599999999999
0200 61.47171428571428
0302 61.61457142857142
0203 61.900285714285715
0302 62.043142857142854
0023 62.32885714285714
0230 62.61457142857142
2300 62.90028571428571
3002 63.18599999999999
0103 63.47171428571428
0020 63.75742857142856
2030 63.90028571428571
3020 64.186
2030 64.32885714285715
3200 64.61457142857142
0320 64.9002857142857
0032 65.186
2003 65.47171428571428
3100 65.75742857142856
0020 66.04314285714287
0032 66.186
0023 66.47171428571428
0032 66.61457142857142
2003 66.9002857142857
3020 67.186
2030 67.47171428571428
3002 67.75742857142856
0013 68.04314285714284
0200 68.32885714285715
2300 68.61457142857142
3001 68.90028571428573
0100 69.186
0010 69.47171428571428
2000 69.75742857142856
3002 70.04314285714287
0103 70.32885714285715
0020 70.61457142857142
2030 70.75742857142856
3020 71.04314285714284
2030 71.186
3200 71.47171428571428
0320 71.75742857142856
0032 72.04314285714284
2003 72.32885714285715
3010 72.61457142857142
0200 72.9002857142857
0302 73.04314285714284
0203 73.32885714285715
0302 73.47171428571428
0023 73.75742857142856
0230 74.04314285714287
2300 74.32885714285715
3002 74.61457142857142
0013 74.9002857142857
0200 75.186
2300 75.32885714285715
3200 75.61457142857142
2300 75.75742857142856
3002 76.04314285714284
0203 76.32885714285715
0301 76.61457142857142
1000 76.75742857142856
0001 76.90028571428573
1000 77.04314285714287
0100 77.186
0010 77.32885714285715
0001 77.47171428571428
0010 77.61457142857142
0001 77.75742857142856
0001 77.9002857142857
1000 78.04314285714287
1000 78.186
0001 78.32885714285715
0100 78.4002857142857
0010 78.47171428571428
1000 78.54314285714287
0001 78.61457142857142
0010 78.686
0100 78.75742857142856
1000 78.82885714285715
0001 78.9002857142857
1000 79.04314285714284
0001 79.186
0100 79.32885714285715
0010 79.47171428571428
1000 79.61457142857142
1100 79.75742857142856
0100 79.9002857142857
0010 80.04314285714284
0001 80.18599999999998
1000 80.32885714285715
0010 80.47171428571428
1000 80.61457142857142
0001 80.75742857142856
1000 80.82885714285715
0010 80.9002857142857
0100 80.97171428571428
0001 81.04314285714284
1000 81.186
0010 81.32885714285715
0100 81.47171428571428
0001 81.61457142857142
0010 81.75742857142856
0100 81.9002857142857
1100 82.04314285714287
1000 82.186
0100 82.32885714285715
0010 82.47171428571428
0001 82.61457142857142
1000 82.75742857142856
0001 82.9002857142857
0100 83.04314285714284
0010 83.11457142857142
0100 83.186
0001 83.25742857142856
1000 83.32885714285715
1010 83.47171428571428
0010 83.61457142857142
0100 83.75742857142856
0001 83.9002857142857
0010 84.04314285714284
0100 84.18599999999998
1100 84.32885714285715
1000 84.47171428571428
0001 84.61457142857142
1000 84.75742857142856
0001 84.90028571428573
0010 85.04314285714287
0100 85.186
0010 85.32885714285715
0001 85.40028571428573
1000 85.47171428571428
0010 85.54314285714287
0100 85.61457142857142
0010 85.75742857142856
1000 85.9002857142857
0001 86.04314285714287
0010 86.186
0100 86.32885714285715
1000 86.47171428571428
1100 86.61457142857142
0100 86.75742857142856
1000 86.9002857142857
0001 86.97171428571428
0010 87.04314285714284
0001 87.11457142857142
1000 87.186
0100 87.25742857142856
0010 87.32885714285715
0100 87.4002857142857
1000 87.47171428571428
0001 87.54314285714284
0100 87.61457142857142
0010 87.686
1000 87.75742857142856
0001 87.82885714285715
0100 87.9002857142857
0010 87.97171428571428
1000 88.04314285714284
0001 88.18599999999998
0100 88.32885714285715
0010 88.47171428571428
1000 88.61457142857142
0001 88.75742857142856
1001 88.9002857142857
1000 89.04314285714284
0010 89.186
1000 89.32885714285715
0100 89.47171428571428
0010 89.61457142857142
0100 89.75742857142856
1000 89.9002857142857
0010 89.97171428571428
0100 90.04314285714287
0010 90.11457142857142
1000 90.186
0001 90.32885714285715
0100 90.47171428571428
0010 90.61457142857142
0100 90.75742857142856
0001 90.9002857142857
1000 91.04314285714284
1100 91.186
0100 91.32885714285715
0010 91.47171428571428
0001 91.61457142857142
0100 91.75742857142856
0001 91.9002857142857
1000 92.04314285714284
0010 92.18599999999998
0100 92.25742857142856
0001 92.32885714285715
0100 92.4002857142857
0001 92.47171428571428
1001 92.61457142857142
1000 92.75742857142856
0100 92.9002857142857
1000 93.04314285714284
0001 93.18599999999998
0100 93.32885714285712
0101 93.47171428571428
0001 93.61457142857142
1000 93.75742857142856
0100 93.9002857142857
0010 94.04314285714287
0001 94.186
0100 94.32885714285715
0001 94.47171428571428
0100 94.54314285714287
0010 94.61457142857142
1000 94.686
0010 94.75742857142856
0100 94.9002857142857
0001 95.04314285714284
0010 95.186
0100 95.32885714285715
0010 95.47171428571428
0001 95.61457142857142
0011 95.75742857142856
0010 95.9002857142857
0001 96.04314285714284
0010 96.11457142857142
0100 96.18599999999998
0010 96.25742857142856
0001 96.32885714285715
1000 96.4002857142857
0100 96.47171428571428
1000 96.54314285714284
0001 96.61457142857142
0100 96.68599999999998
0001 96.75742857142856
1000 96.82885714285715
0010 96.9002857142857
1000 96.97171428571428
0010 97.04314285714284
0100 97.11457142857142
0002 97.186
