TITLE Crepuscular Rays
BPM   182.0
NOTES
1000 11.696615384615383
0100 11.779032967032967
0010 11.861450549450549
0100 12.191120879120879
0100 12.850461538461538
1000 13.180131868131868
0010 13.509802197802198
0100 13.839472527472527
0001 14.004307692307693
0100 14.169142857142857
0010 14.498813186813186
1000 14.828483516483516
1000 15.487824175824175
0001 15.652659340659339
0010 16.147164835164837
0001 16.64167032967033
0100 16.806505494505494
0001 16.971340659340658
1000 17.136175824175826
0100 17.465846153846154
1000 18.125186813186815
0001 18.29002197802198
0010 18.372439560439563
0100 18.454857142857144
0001 18.949362637362636
0100 19.27903296703297
1000 19.77353846153846
0001 20.10320879120879
0001 20.76254945054945
0010 21.092219780219782
0100 21.42189010989011
2000 21.751560439560443
3001 22.246065934065935
0100 22.32848351648352
0010 22.4109010989011
1000 22.575736263736264
0010 22.740571428571428
0200 22.905406593406592
0001 23.39991208791209
0010 24.059252747252746
0300 24.553758241758242
0001 24.718593406593406
1000 24.88342857142857
0100 24.965846153846154
0010 25.04826373626374
0100 25.213098901098903
1000 25.377934065934067
0020 25.542769230769235
0230 25.872439560439563
0320 26.20210989010989
0032 26.53178021978022
0023 26.86145054945055
1030 27.026285714285716
0001 27.136175824175826
1000 27.246065934065935
0100 27.355956043956045
0010 27.465846153846154
0001 27.575736263736264
1000 27.685626373626373
0001 27.850461538461538
0100 27.93287912087912
0001 28.015296703296702
2000 28.18013186813187
3001 28.5098021978022
0010 28.59221978021978
0001 28.674637362637363
0100 28.839472527472527
0010 29.004307692307695
1000 29.16914285714286
0001 29.251560439560443
1000 29.333978021978023
0200 29.49881318681319
0301 29.82848351648352
0100 29.993318681318684
1000 30.158153846153848
0020 30.322989010989012
0100 30.65265934065934
0030 30.982329670329673
0010 31.147164835164837
1000 31.312
0002 31.476835164835165
1003 31.806505494505494
0001 31.971340659340658
0020 32.13617582417582
0030 32.63068131868132
1100 32.96035164835165
1000 33.290021978021976
0001 33.45485714285714
0001 33.78452747252747
0100 33.94936263736264
1010 34.27903296703296
0010 34.60870329670329
0100 34.85595604395604
0001 35.103208791208786
1000 35.268043956043954
1001 35.59771428571428
0001 35.84496703296703
0010 35.92738461538461
0100 36.25705494505494
1000 36.42189010989011
0001 36.58672527472527
0011 36.9163956043956
1000 37.24606593406593
0001 37.4109010989011
0100 37.57573626373626
0001 37.658153846153844
0100 37.74057142857143
0010 37.905406593406596
0210 38.23507692307692
0001 39.55375824175824
0010 39.88342857142857
1000 40.213098901098896
0010 40.542769230769224
0301 40.87243956043956
0100 41.03727472527473
0010 41.20210989010989
1000 41.366945054945056
0001 41.53178021978022
0010 41.696615384615384
0100 41.86145054945055
1000 42.02628571428571
0002 42.191120879120874
0013 43.180131868131866
1100 43.509802197802195
0001 43.83947252747252
1000 44.00430769230769
0100 44.16914285714285
0001 44.33397802197802
0100 44.66364835164835
1000 44.828483516483516
1010 45.158153846153844
0100 45.405406593406596
0001 45.65265934065934
1000 45.81749450549451
0001 45.98232967032967
0100 46.14716483516483
0010 46.312
1000 46.47683516483516
0001 46.641670329670326
0100 46.80650549450549
1000 46.971340659340655
0100 47.30101098901098
0001 47.46584615384615
0011 47.79551648351648
0001 47.96035164835165
0010 48.12518681318681
0100 48.290021978021976
1000 48.454857142857136
0001 48.619692307692304
1000 48.70210989010989
0010 48.78452747252747
0100 48.94936263736264
0001 49.1141978021978
1000 49.27903296703297
0010 49.44386813186813
0001 49.6087032967033
0010 49.938373626373625
1000 50.103208791208786
0011 50.432879120879115
1000 50.680131868131866
0010 50.92738461538461
0100 51.09221978021978
0001 51.25705494505494
0010 51.42189010989011
0100 51.586725274725275
1000 51.751560439560436
0001 51.9163956043956
0010 52.081230769230764
1000 52.24606593406593
0001 52.57573626373626
0100 52.74057142857143
1000 52.905406593406596
0001 53.07024175824176
0100 53.235076923076925
0010 53.56474725274725
1000 53.72958241758242
0100 53.89441758241758
0010 54.05925274725274
0011 54.38892307692307
1000 54.7185934065934
0010 54.88342857142857
0110 55.048263736263735
0001 55.37793406593406
0011 55.70760439560439
1000 55.95485714285714
0001 56.20210989010989
0101 56.36694505494505
1000 56.696615384615384
0001 56.86145054945055
0010 57.02628571428571
0100 57.35595604395604
0010 57.52079120879121
0011 57.68562637362638
1000 58.0152967032967
1010 58.34496703296703
0010 58.509802197802195
0100 58.674637362637355
0001 58.83947252747252
1000 59.00430769230769
0100 59.16914285714285
0010 59.251560439560436
0001 59.33397802197802
1000 59.49881318681319
0001 59.66364835164835
0010 59.828483516483516
0100 60.158153846153844
0110 60.322989010989005
1000 60.65265934065934
1100 60.98232967032967
0001 61.22958241758242
1000 61.476835164835165
0010 61.64167032967033
0101 61.971340659340655
0011 62.2185934065934
1100 62.46584615384615
0110 62.713098901098896
1001 62.96035164835165
1000 63.12518681318681
0010 63.290021978021976
0100 63.619692307692304
0001 63.78452747252747
0200 63.94936263736263
0310 64.27903296703296
1010 64.6087032967033
0001 64.93837362637363
1000 65.1032087912088
0001 65.43287912087912
0101 65.76254945054946
0101 66.00980219780219
0001 66.25705494505495
0100 66.4218901098901
1000 66.58672527472527
0100 66.9163956043956
0001 67.08123076923077
0011 67.24606593406592
0010 67.57573626373626
0100 67.74057142857141
1000 67.90540659340658
0001 68.15265934065933
1100 68.39991208791209
1000 68.72958241758242
0020 68.89441758241759
0200 69.05925274725274
0030 69.22408791208791
0001 69.38892307692308
0300 69.55375824175825
1001 69.88342857142857
0001 70.2130989010989
0020 70.37793406593406
0130 70.70760439560439
1000 70.79002197802197
0100 70.87243956043956
0010 71.03727472527473
0001 71.20210989010988
1000 71.36694505494505
0010 71.53178021978022
0200 71.69661538461537
0301 72.0262857142857
1000 72.19112087912087
2000 72.35595604395604
3010 72.68562637362638
1000 72.85046153846154
0001 73.0152967032967
0010 73.18013186813187
0100 73.34496703296703
1000 73.5098021978022
0002 73.67463736263737
0103 74.00430769230769
0001 74.16914285714286
0020 74.33397802197801
0130 74.66364835164835
0010 74.82848351648352
0011 75.15815384615384
1000 75.48782417582417
0001 75.65265934065933
0100 75.8174945054945
0010 75.98232967032966
1010 76.14716483516483
1010 76.312
0100 76.64167032967033
0001 76.8065054945055
0020 76.97134065934065
0130 77.30101098901099
0110 77.46584615384616
2002 77.98389952904238
3000 78.36066562009418
0103 78.54904866562009
0001 78.73743171114599
0100 78.9258147566719
1000 79.1141978021978
0100 79.27903296703296
0001 79.60870329670328
0010 79.77353846153845
0100 79.93837362637362
1000 80.10320879120879
2010 80.43287912087912
3001 80.76254945054946
0012 80.92738461538461
1003 81.25705494505495
2002 81.42189010989011
0003 81.75156043956044
3100 81.9163956043956
1000 82.08123076923077
0100 82.24606593406592
0001 82.41090109890109
0100 82.57573626373626
1000 82.74057142857143
0001 82.9054065934066
0100 83.07024175824175
0010 83.56474725274724
1000 84.05925274725274
0001 84.55375824175825
2000 85.70760439560439
0001 86.20210989010988
0100 86.69661538461538
0001 87.19112087912087
3000 87.68562637362636
1000 87.85046153846153
0100 88.0152967032967
0010 88.18013186813187
0002 88.34496703296703
1000 88.83947252747252
0100 89.33397802197803
0010 89.82848351648352
1003 90.322989010989
0001 90.65265934065934
0100 90.98232967032966
0100 91.47683516483515
0100 91.97134065934065
0010 92.30101098901099
0010 92.79551648351648
0010 93.29002197802198
1000 93.6196923076923
1000 94.1141978021978
1000 94.6087032967033
0001 95.10320879120879
1000 95.59771428571428
0001 95.92738461538461
1001 96.25705494505495
1000 96.58672527472528
0100 96.75156043956044
1000 97.08123076923077
0001 97.24606593406594
0100 97.57573626373626
0001 97.9054065934066
0100 98.07024175824175
0001 98.39991208791209
1000 98.56474725274725
0010 98.89441758241757
1000 99.22408791208791
0001 99.38892307692306
0100 99.7185934065934
0001 99.88342857142857
0010 100.2130989010989
0100 100.54276923076924
0010 100.70760439560439
0001 100.87243956043956
0010 100.95485714285715
0100 101.03727472527473
1000 101.2021098901099
2001 101.53178021978022
0100 101.86145054945055
0001 102.19112087912087
0010 102.52079120879121
3200 102.85046153846153
0010 103.18013186813187
0001 103.50980219780219
0010 103.83947252747252
1300 104.16914285714286
0100 104.33397802197803
1000 104.4988131868132
0001 104.66364835164835
0100 104.82848351648352
0001 104.99331868131868
0010 105.15815384615385
0001 105.32298901098902
1000 105.48782417582417
0010 105.65265934065934
0100 105.81749450549451
0020 105.98232967032966
1030 106.312
0201 106.64167032967033
0310 106.97134065934065
0100 107.13617582417582
0001 107.30101098901098
1000 107.46584615384614
0100 107.63068131868131
0010 107.79551648351648
0001 108.12518681318682
0010 108.29002197802198
0100 108.45485714285715
1000 108.6196923076923
0001 108.7021098901099
1000 108.78452747252747
0010 108.94936263736264
0100 109.11419780219781
0100 109.27903296703298
0001 109.6087032967033
0100 109.77353846153846
2000 109.93837362637362
3200 110.26804395604395
0302 110.59771428571429
0023 110.92738461538461
0230 111.25705494505493
1300 111.58672527472527
0010 111.75156043956044
0100 111.9163956043956
0001 112.08123076923077
0001 112.4109010989011
0010 112.57573626373626
0001 112.74057142857143
1000 112.9054065934066
0100 113.07024175824176
1000 113.39991208791209
0010 113.56474725274725
0100 113.72958241758242
0001 113.89441758241757
1000 113.97683516483517
0001 114.05925274725274
0100 114.22408791208791
0010 114.38892307692308
0010 114.55375824175825
1000 114.88342857142857
0001 115.04826373626373
0010 115.21309890109889
0100 115.29551648351648
0010 115.37793406593406
0001 115.54276923076922
1000 115.70760439560439
0010 115.87243956043956
0100 116.2021098901099
0001 116.36694505494506
0101 116.53178021978022
1100 116.86145054945055
0021 117.19112087912089
0100 117.68562637362638
0031 118.0152967032967
1000 118.18013186813187
1010 118.34496703296703
0001 118.67463736263736
0011 119.00430769230769
0010 119.16914285714284
0100 119.49881318681318
1100 119.66364835164835
1000 119.99331868131868
0110 120.32298901098902
0001 120.65265934065934
0110 120.98232967032968
1000 121.312
1010 121.64167032967033
0010 121.80650549450549
0100 122.13617582417582
0101 122.30101098901099
0001 122.63068131868131
1000 122.79551648351648
0100 122.96035164835165
0010 123.29002197802197
0010 123.45485714285714
0100 123.6196923076923
1000 123.94936263736264
0001 124.11419780219781
0100 124.27903296703298
0010 124.6087032967033
0010 124.77353846153846
0100 124.93837362637363
0001 125.26804395604395
1000 125.43287912087912
0010 125.59771428571429
1000 125.76254945054944
0001 125.92738461538461
0010 126.09221978021978
0100 126.25705494505495
1000 126.42189010989011
0002 126.58672527472527
1003 127.24606593406592
1001 127.41090109890109
0110 127.9054065934066
