TITLE Daybreak Gradation
BPM   130.0
NOTES
1010 3.549153846153846
1000 4.010692307692308
0001 4.241461538461539
0011 4.4722307692307695
0010 4.933769230769231
0100 5.164538461538462
1000 5.395307692307693
0001 5.8568461538461545
0100 6.087615384615385
0001 6.318384615384616
0010 6.4722307692307695
0100 6.626076923076924
1000 6.779923076923077
0100 6.933769230769231
0010 7.087615384615385
0001 7.241461538461539
1000 7.703
0010 7.933769230769231
0110 8.164538461538461
0100 8.626076923076923
0001 8.856846153846153
0010 9.087615384615384
0100 9.549153846153846
0010 9.779923076923076
0001 9.856846153846154
0010 9.933769230769231
0001 10.010692307692308
0100 10.164538461538461
0010 10.318384615384616
1000 10.47223076923077
0010 10.626076923076923
0100 10.779923076923076
0001 10.933769230769231
1000 11.395307692307693
0001 11.626076923076923
0101 11.856846153846154
0100 12.318384615384616
0001 12.549153846153846
1000 12.779923076923076
0100 13.241461538461538
0010 13.472230769230768
0001 13.703
0010 13.856846153846153
0100 14.010692307692306
0010 14.164538461538461
0100 14.318384615384614
1000 14.47223076923077
0001 14.626076923076923
1000 14.97223076923077
0001 15.145307692307693
0100 15.318384615384614
0010 15.491461538461538
1000 15.664538461538461
0001 15.837615384615384
1000 16.01069230769231
0200 16.183769230769233
0320 16.47223076923077
0031 17.164538461538463
1000 17.27992307692308
0001 17.395307692307693
1000 17.856846153846153
0001 17.97223076923077
1000 18.087615384615386
0001 18.203
1000 18.318384615384616
0001 18.549153846153846
0100 18.664538461538463
0001 18.779923076923076
1000 19.01069230769231
0100 19.126076923076923
1000 19.24146153846154
0020 19.47223076923077
1030 19.933769230769233
0100 20.049153846153846
0010 20.164538461538463
0001 20.27992307692308
0010 20.395307692307693
0100 20.51069230769231
1000 20.626076923076923
0001 20.856846153846156
0010 20.97223076923077
0100 21.087615384615386
1000 21.203000000000003
0100 21.318384615384616
0010 21.433769230769233
0001 21.549153846153846
1000 21.77992307692308
0010 21.895307692307693
1000 22.01069230769231
0001 22.24146153846154
0010 22.356846153846156
0001 22.47223076923077
1000 22.703000000000003
0001 22.818384615384616
1000 22.933769230769233
0020 23.164538461538463
1030 23.626076923076926
0001 23.856846153846153
0010 23.97223076923077
0100 24.087615384615383
0010 24.203
0001 24.318384615384613
1000 24.549153846153846
0001 24.66453846153846
1000 24.779923076923076
0100 24.895307692307693
0010 25.010692307692306
0100 25.126076923076923
1000 25.241461538461536
0001 25.47223076923077
0100 25.587615384615383
1000 25.826076923076922
0010 25.949153846153845
1000 26.072230769230767
0001 26.318384615384616
1000 26.44146153846154
0001 26.56453846153846
0020 26.810692307692307
0031 27.303
0100 27.426076923076923
0010 27.549153846153846
1000 27.664538461538463
0010 27.779923076923076
0100 27.895307692307693
0001 28.010692307692306
1000 28.126076923076923
0001 28.24146153846154
0010 28.356846153846153
0100 28.47223076923077
1000 28.587615384615386
0100 28.703
0010 28.818384615384616
0001 28.93376923076923
1000 29.049153846153846
0010 29.164538461538463
0100 29.279923076923076
1000 29.518384615384615
0001 29.641461538461538
1000 29.76453846153846
0100 30.01069230769231
0010 30.133769230769232
0100 30.256846153846155
2000 30.503
3001 30.995307692307694
0100 31.118384615384617
0010 31.24146153846154
1000 31.356846153846156
0001 31.47223076923077
1000 31.587615384615386
0100 31.703
0010 31.933769230769233
0002 32.16453846153846
1000 32.395307692307696
1003 32.62607692307692
0020 32.856846153846156
0130 33.08761538461539
0001 33.318384615384616
0010 33.43376923076924
0100 33.54915384615385
1000 33.77992307692308
0100 33.895307692307696
0010 34.01069230769231
0002 34.24146153846154
1003 34.703
0010 34.81838461538462
0100 34.93376923076924
0001 35.04915384615385
0100 35.16453846153847
0001 35.27992307692308
1000 35.395307692307696
0001 35.62607692307693
0010 35.74146153846154
0100 35.856846153846156
1000 35.97223076923078
0100 36.08761538461539
1000 36.203
0001 36.31838461538462
1000 36.54915384615385
0001 36.66453846153847
1000 36.77992307692308
0001 37.01069230769232
0100 37.12607692307693
0010 37.24146153846154
1000 37.47223076923078
0010 37.58761538461539
0100 37.703
0020 37.93376923076924
1030 38.395307692307696
0001 38.51069230769232
1000 38.62607692307693
0100 38.74146153846154
0010 38.85684615384616
0001 38.97223076923078
1000 39.08761538461539
0001 39.31838461538462
1000 39.43376923076924
0001 39.54915384615385
0100 39.66453846153847
0010 39.77992307692308
1000 39.895307692307696
0001 40.01069230769232
1000 40.24146153846154
0100 40.35684615384616
1000 40.47223076923078
0001 40.70300000000001
1000 40.81838461538462
0010 40.93376923076924
1000 41.16453846153847
0001 41.27992307692308
0010 41.395307692307696
0200 41.62607692307693
0310 42.08761538461539
0001 42.20300000000001
0010 42.31838461538462
0100 42.441461538461546
1000 42.56453846153847
0001 42.68761538461539
0100 42.810692307692314
0010 43.05684615384616
1000 43.17992307692308
0010 43.30300000000001
0100 43.426076923076934
0001 43.54915384615386
1000 43.67223076923078
0100 43.7953076923077
0001 44.04146153846155
0010 44.16453846153847
0001 44.3953076923077
1000 44.51069230769232
0100 44.62607692307693
1000 44.85684615384616
0001 44.97223076923078
0100 45.08761538461539
0020 45.31838461538462
1030 45.77992307692308
0001 46.01069230769231
1000 46.12607692307692
0100 46.24146153846154
0010 46.356846153846156
0001 46.47223076923077
1000 46.703
0020 46.93376923076923
1030 47.16453846153846
0001 47.24146153846154
1000 47.318384615384616
0001 47.395307692307696
0010 47.62607692307692
1001 47.856846153846156
1000 48.08761538461539
0001 48.318384615384616
0010 48.54915384615385
0001 48.779923076923076
0100 49.01069230769231
0020 49.24146153846154
2030 49.703
0100 50.16453846153846
3001 50.62607692307692
0100 50.77992307692308
0010 50.93376923076924
1000 51.08761538461539
0100 51.24146153846154
0010 51.395307692307696
0001 51.54915384615385
0010 51.77992307692308
0200 52.01069230769231
1300 52.47223076923077
0010 52.703
0100 52.93376923076924
0001 53.16453846153846
2000 53.395307692307696
3000 53.62607692307693
0010 53.856846153846156
0100 54.08761538461539
0001 54.318384615384616
0010 54.47223076923078
0001 54.62607692307693
1000 54.77992307692308
0010 54.93376923076924
1000 55.08761538461539
0001 55.24146153846154
0010 55.47223076923078
0001 55.703
1000 55.93376923076924
0010 56.16453846153846
0100 56.395307692307696
0002 56.62607692307693
0023 57.08761538461539
0100 57.54915384615385
0031 58.01069230769231
0100 58.16453846153847
0001 58.31838461538462
1000 58.47223076923078
0100 58.62607692307693
1000 58.77992307692308
0010 58.93376923076924
0100 59.16453846153847
0002 59.395307692307696
0103 59.856846153846156
0010 60.08761538461539
1000 60.31838461538462
0100 60.54915384615385
0020 60.77992307692308
0031 61.01069230769232
1000 61.18376923076924
0010 61.35684615384616
1000 61.52992307692308
0001 61.703
1000 61.93376923076924
0010 62.01069230769232
1000 62.08761538461539
0010 62.16453846153847
0100 62.395307692307696
0102 62.62607692307693
0103 63.08761538461539
0010 63.31838461538462
1000 63.43376923076924
0002 63.54915384615385
0023 64.01069230769231
0230 64.47223076923078
1000 64.703
0010 64.93376923076923
1000 65.16453846153847
0300 65.3953076923077
1000 65.62607692307692
0001 65.85684615384616
1000 66.08761538461539
0100 66.203
0020 66.31838461538462
0031 66.77992307692308
1000 67.01069230769231
0010 67.12607692307692
0200 67.24146153846154
0320 67.703
2030 68.16453846153847
0001 68.3953076923077
0100 68.62607692307694
0001 68.85684615384616
3000 69.08761538461539
0001 69.31838461538463
1000 69.54915384615386
0100 69.77992307692308
0002 70.01069230769231
0103 70.47223076923078
1000 70.703
0010 70.93376923076923
0100 71.16453846153847
0001 71.3953076923077
0010 71.62607692307692
2000 71.85684615384616
3010 72.31838461538463
0001 72.54915384615386
0100 72.77992307692308
0010 73.01069230769232
1000 73.24146153846155
0100 73.47223076923078
0020 73.703
0100 74.16453846153847
1000 74.62607692307692
0100 75.08761538461539
0032 75.54915384615386
1003 76.01069230769232
0010 76.47223076923078
0100 76.70300000000002
0001 76.93376923076924
0010 77.16453846153847
0210 77.3953076923077
1300 77.85684615384616
0001 78.08761538461539
0100 78.203
0020 78.31838461538462
2030 78.77992307692308
3002 79.24146153846155
1000 79.47223076923078
0010 79.70300000000002
1000 79.93376923076924
0003 80.16453846153847
1000 80.39530769230771
0010 80.62607692307694
0100 80.85684615384616
0001 80.97223076923078
2000 81.08761538461539
3100 81.54915384615386
0010 81.77992307692308
0100 81.8953076923077
2000 82.01069230769231
3020 82.47223076923078
0230 82.93376923076924
0001 83.16453846153847
0010 83.39530769230771
0001 83.62607692307694
0300 83.85684615384616
0001 84.0876153846154
1000 84.31838461538463
0100 84.54915384615386
0002 84.77992307692308
0103 85.24146153846155
0010 85.47223076923078
0001 85.703
0100 85.93376923076924
0001 86.16453846153847
0010 86.3953076923077
2000 86.62607692307694
3010 87.0876153846154
0100 87.31838461538463
1000 87.54915384615386
0010 87.7799230769231
0100 88.01069230769232
0001 88.24146153846155
0020 88.47223076923078
0100 88.703
0001 88.93376923076924
0100 89.16453846153847
0100 89.62607692307694
0032 89.85684615384616
1003 90.31838461538462
0010 90.54915384615384
1000 90.62607692307692
0010 90.703
1000 90.77992307692308
0001 91.01069230769231
1000 91.12607692307692
0100 91.24146153846154
0020 91.47223076923078
0031 91.93376923076923
1000 92.04915384615384
0001 92.16453846153847
0100 92.3953076923077
0100 92.51069230769231
1000 92.62607692307694
0100 92.85684615384616
0100 92.97223076923078
0001 93.08761538461539
0020 93.31838461538463
0130 93.77992307692308
1000 93.8953076923077
0100 94.01069230769231
0010 94.13376923076923
0001 94.25684615384615
1000 94.37992307692308
0010 94.503
0100 94.74915384615385
0001 94.87223076923077
0010 94.99530769230769
1000 95.11838461538461
0001 95.24146153846154
0010 95.36453846153846
0100 95.6106923076923
1000 95.73376923076923
0001 95.85684615384616
0010 96.08761538461539
0010 96.203
1000 96.31838461538463
0010 96.54915384615386
0010 96.66453846153847
0001 96.77992307692308
2000 97.01069230769232
3010 97.47223076923078
0100 97.703
0001 97.83486813186813
0100 97.96673626373627
0010 98.0986043956044
1000 98.23047252747253
0010 98.49420879120879
0001 98.62607692307692
1000 98.75794505494505
0010 98.88981318681319
0100 99.02168131868132
0001 99.15354945054945
0100 99.41728571428571
1000 99.54915384615386
0100 99.77992307692308
0100 99.8953076923077
0001 100.01069230769232
0010 100.24146153846155
0010 100.35684615384616
1000 100.47223076923078
0002 100.70300000000002
1003 101.16453846153847
0010 101.27992307692308
1000 101.3953076923077
0001 101.51069230769231
0010 101.62607692307692
0001 101.74146153846154
0100 101.85684615384616
0100 101.97223076923078
1000 102.08761538461539
0010 102.203
0100 102.31838461538462
0010 102.43376923076923
1000 102.54915384615386
0001 102.66453846153847
0010 102.77992307692308
0010 102.8953076923077
1000 103.01069230769231
0001 103.12607692307692
1000 103.24146153846155
0010 103.47223076923078
0010 103.58761538461539
0001 103.70300000000002
0100 103.93376923076924
0100 104.04915384615386
1000 104.16453846153847
0002 104.39530769230771
0013 104.85684615384616
0100 104.97223076923078
0010 105.08761538461539
0001 105.203
1000 105.31838461538462
0001 105.43376923076923
0100 105.54915384615386
0010 105.77992307692308
2000 106.01069230769231
3001 106.24146153846155
0010 106.35684615384616
0001 106.47223076923078
1000 106.703
1001 106.93376923076924
0001 107.16453846153847
0100 107.27992307692308
1000 107.39530769230771
1000 107.62607692307694
0100 107.74146153846155
0001 107.85684615384616
2000 108.0876153846154
3100 108.54915384615386
0010 108.66453846153847
0001 108.77992307692308
0010 108.91179120879121
0001 109.04365934065935
1000 109.17552747252748
0010 109.30739560439561
0001 109.57113186813187
0010 109.703
0100 109.83486813186813
0010 109.96673626373627
1000 110.0986043956044
0001 110.36234065934066
0010 110.49420879120879
1000 110.62607692307694
1000 110.85684615384616
0010 110.97223076923078
0001 111.0876153846154
0001 111.31838461538463
0010 111.43376923076924
1000 111.54915384615386
2000 111.7799230769231
3010 112.24146153846155
0100 112.35684615384616
0001 112.47223076923078
0100 112.58761538461539
0010 112.703
1000 112.81838461538462
0001 112.93376923076924
0010 113.16453846153847
0100 113.27992307692308
1000 113.3953076923077
0100 113.51069230769231
1000 113.62607692307694
0001 113.74146153846155
1000 113.85684615384616
0001 114.08761538461539
0100 114.203
1000 114.31838461538463
1000 114.54915384615386
0100 114.66453846153847
0001 114.7799230769231
0001 115.01069230769232
0100 115.12607692307694
1000 115.24146153846155
2000 115.47223076923079
3100 115.93376923076924
0010 116.04915384615386
0001 116.16453846153847
0010 116.27992307692308
0100 116.3953076923077
1000 116.51069230769231
0001 116.62607692307694
0100 116.85684615384616
0010 116.97223076923078
1000 117.08761538461539
0010 117.203
0100 117.31838461538463
0001 117.43376923076924
1000 117.54915384615386
0001 117.77992307692308
0100 117.8953076923077
1000 118.01069230769232
0001 118.24146153846155
0010 118.35684615384616
1000 118.47223076923079
0001 118.70300000000002
0100 118.81838461538463
1000 118.93376923076924
2000 119.16453846153848
3001 119.62607692307694
1000 119.85684615384616
0100 119.97223076923078
0010 120.08761538461539
0001 120.203
1000 120.31838461538463
0010 120.54915384615386
0200 120.77992307692308
0301 121.01069230769232
1000 121.08761538461539
0001 121.16453846153847
1000 121.24146153846155
0100 121.47223076923078
0012 121.703
0010 122.16453846153847
0013 122.62607692307692
0001 122.85684615384616
1000 122.97223076923078
0020 123.08761538461539
2030 123.31838461538462
3200 123.54915384615386
0010 124.01069230769232
0010 124.47223076923078
0320 124.93376923076924
0032 125.16453846153847
2003 125.3953076923077
3020 125.85684615384616
0230 126.08761538461539
0302 126.31838461538462
1003 126.54915384615386
0100 126.66453846153847
0020 126.77992307692308
0230 127.01069230769231
2300 127.24146153846155
3001 127.70300000000002
1000 128.16453846153846
0010 128.27992307692307
1000 128.3953076923077
0010 128.51069230769232
0200 128.62607692307694
0302 128.85684615384616
2003 129.0876153846154
3001 129.31838461538462
0010 129.39530769230768
0100 129.47223076923078
2000 129.54915384615384
3002 129.77992307692307
2003 130.01069230769232
3001 130.24146153846155
0100 130.31838461538462
0010 130.3953076923077
2000 130.47223076923078
3002 130.703
0023 130.93376923076923
0230 131.39530769230768
0320 131.6260769230769
0031 131.85684615384616
1000 131.97223076923078
1003 132.203
0020 132.31838461538462
0130 132.54915384615384
0101 132.7799230769231
1010 133.24146153846155
1001 133.70300000000003
1000 133.93376923076926
0100 134.04915384615387
0010 134.16453846153848
0001 134.2799230769231
2000 134.3953076923077
3000 134.62607692307694
