TITLE Death Should Not Have Taken Thee!
BPM   174.0
NOTES
0002 5.8532413793103455
1003 6.370482758620691
0100 6.456689655172415
0020 6.542896551724139
0031 7.060137931034483
0100 7.146344827586208
0010 7.232551724137932
1000 7.40496551724138
0100 7.577379310344829
0010 7.749793103448277
0001 7.9222068965517245
1000 8.094620689655173
0010 8.267034482758621
0100 8.43944827586207
0002 8.611862068965518
1003 9.129103448275863
0100 9.215310344827587
0010 9.301517241379312
0100 9.47393103448276
2000 9.646344827586208
3000 9.904965517241381
1110 9.991172413793104
1100 10.336
1000 10.680827586206897
0201 11.025655172413794
0301 11.37048275862069
1000 11.542896551724139
1010 11.715310344827587
0010 11.887724137931036
0100 11.97393103448276
0001 12.060137931034484
0010 12.146344827586208
0100 12.232551724137933
1100 12.404965517241381
1000 12.57737931034483
0001 12.663586206896552
0100 12.749793103448278
0010 12.922206896551726
1010 13.094620689655175
1000 13.267034482758623
0001 13.353241379310347
0010 13.439448275862071
0001 13.525655172413796
0100 13.61186206896552
0110 13.784275862068968
0010 13.956689655172417
1000 14.042896551724139
0001 14.129103448275863
1000 14.301517241379312
1100 14.47393103448276
0100 14.646344827586208
0010 14.732551724137933
0100 14.818758620689657
1000 14.904965517241381
0010 14.991172413793105
0110 15.163586206896554
0100 15.336
0001 15.422206896551726
1000 15.508413793103449
0100 15.680827586206897
0110 15.853241379310345
0010 16.025655172413792
0001 16.111862068965518
0100 16.19806896551724
0001 16.284275862068966
1000 16.37048275862069
1100 16.542896551724137
0100 16.715310344827586
0010 16.801517241379308
0001 16.887724137931034
1000 17.060137931034483
1010 17.23255172413793
0010 17.40496551724138
1000 17.4911724137931
0100 17.577379310344828
0010 17.66358620689655
0001 17.749793103448276
0011 17.922206896551724
0010 18.094620689655173
0001 18.180827586206895
1000 18.26703448275862
0010 18.43944827586207
1010 18.611862068965518
1000 18.784275862068966
0010 18.87048275862069
0100 18.956689655172415
0001 19.042896551724137
0010 19.129103448275863
0110 19.30151724137931
0100 19.47393103448276
1000 19.560137931034483
0001 19.646344827586205
0100 19.818758620689653
0101 19.9911724137931
0001 20.16358620689655
1000 20.249793103448273
0100 20.336
1000 20.42220689655172
0010 20.508413793103447
0110 20.680827586206895
0100 20.853241379310344
0001 20.939448275862066
1000 21.025655172413792
0001 21.19806896551724
1001 21.37048275862069
1000 21.542896551724137
0100 21.62910344827586
0010 21.715310344827586
0001 21.801517241379308
0100 21.887724137931034
0101 22.060137931034483
0001 22.23255172413793
1000 22.318758620689653
0100 22.40496551724138
1000 22.577379310344828
0001 22.66358620689655
1000 22.749793103448276
0010 22.922206896551724
1001 23.784275862068966
1000 23.981320197044337
0010 24.07984236453202
0100 24.178364532019707
0010 24.67097536945813
1000 24.769497536945813
0001 24.8680197044335
1000 24.966541871921184
0100 25.065064039408867
1000 25.163586206896554
0100 25.336000000000002
0010 25.422206896551724
0001 25.50841379310345
1000 25.6808275862069
0001 26.025655172413796
0003 26.456689655172415
1001 26.542896551724137
1000 26.72680459770115
1100 26.91071264367816
0100 27.094620689655173
1000 27.278528735632182
0010 27.462436781609195
1000 27.554390804597702
0001 27.646344827586205
0101 27.922206896551724
0001 28.106114942528738
1000 28.19806896551724
0010 28.290022988505747
0100 28.47393103448276
0010 28.841747126436783
0001 28.93370114942529
1001 29.30151724137931
1000 29.47393103448276
0100 29.560137931034483
0010 29.64634482758621
0001 29.818758620689657
1000 29.991172413793105
0100 30.077379310344828
1000 30.163586206896554
0010 30.249793103448276
1000 30.336000000000002
0001 30.422206896551724
1000 30.50841379310345
0010 30.594620689655173
1000 30.680827586206895
0001 30.86473563218391
1000 30.95668965517241
0001 31.048643678160918
0010 31.600367816091953
1000 31.69232183908046
0001 31.87622988505747
1000 31.968183908045976
0001 32.06013793103448
0010 32.232551724137934
0110 32.40496551724138
0100 32.577379310344824
1100 32.749793103448276
1000 32.92220689655172
1001 33.09462068965517
0001 33.26703448275862
1000 33.43944827586207
0010 33.611862068965515
0100 33.78427586206897
0001 33.87048275862069
0010 33.95668965517241
0100 34.04289655172414
1000 34.12910344827586
0010 34.215310344827586
0100 34.30151724137931
0010 34.38772413793104
1000 34.47393103448276
0001 34.56013793103448
1000 34.646344827586205
0100 34.732551724137934
1000 34.81875862068966
0010 34.90496551724138
0100 34.9911724137931
0001 35.07737931034483
1000 35.163586206896554
0001 35.249793103448276
0010 35.336
0100 35.42220689655173
0010 35.50841379310345
0001 35.59462068965517
0100 35.680827586206895
0010 35.767034482758625
1000 35.85324137931035
0100 36.02565517241379
0010 36.198068965517244
0100 36.28427586206897
1000 36.37048275862069
0010 36.45668965517242
1000 36.54289655172414
0001 36.62910344827586
1000 36.715310344827586
0010 36.801517241379315
0100 36.88772413793104
0010 36.97393103448276
1000 37.06013793103448
0100 37.232551724137934
0010 37.40496551724138
0100 37.49117241379311
0001 37.749793103448276
0100 37.92220689655173
1000 38.09462068965517
0010 38.267034482758625
0001 38.43944827586207
0010 38.61186206896552
0100 38.78427586206897
0001 38.95668965517241
1000 39.129103448275856
0010 39.215310344827586
0100 39.30151724137931
0001 39.38772413793103
0010 39.47393103448275
0100 39.56013793103448
1000 39.73255172413793
0010 39.81875862068965
0100 39.90496551724138
0010 39.9911724137931
1000 40.077379310344824
0100 40.16358620689655
0010 40.249793103448276
0001 40.336
0010 40.42220689655172
0100 40.50841379310344
0010 40.59462068965517
0001 40.680827586206895
0100 40.76703448275862
0010 40.85324137931034
1000 40.93944827586207
0200 41.02565517241379
0320 41.37048275862069
0031 41.715310344827586
1000 41.80151724137931
0010 41.88772413793103
1000 41.97393103448276
0100 42.06013793103448
0010 42.23255172413793
0001 42.40496551724138
0100 42.577379310344824
0001 42.663586206896554
0010 42.749793103448276
0100 42.92220689655172
1000 43.00841379310345
0010 43.09462068965517
0001 43.43944827586207
0010 43.78427586206897
1000 44.12910344827586
1010 44.47393103448276
0010 44.646344827586205
0001 44.732551724137934
1000 44.9911724137931
1100 45.163586206896554
0100 45.336
0001 45.42220689655173
1000 45.680827586206895
1010 45.85324137931035
0010 46.02565517241379
0001 46.11186206896552
1000 46.37048275862069
1100 46.54289655172414
0110 46.88772413793104
0001 47.40496551724138
1000 47.57737931034483
0010 47.749793103448276
0002 47.92220689655173
0013 48.1808275862069
0100 48.43944827586207
2000 48.61186206896552
3100 48.870482758620696
0001 49.12910344827586
1001 49.301517241379315
1010 49.64634482758621
1001 49.99117241379311
0001 50.163586206896554
0100 50.336000000000006
0010 50.50841379310345
1000 50.6808275862069
0100 50.85324137931035
0010 51.0256551724138
0100 51.198068965517244
0002 51.37048275862069
0103 51.715310344827586
1000 51.88772413793103
0100 52.06013793103448
0010 52.23255172413793
2000 52.40496551724138
3010 52.749793103448276
0100 52.92220689655172
1000 53.00841379310345
0010 53.09462068965517
0100 53.26703448275862
0001 53.43944827586207
1000 53.611862068965515
0100 53.78427586206897
0002 53.95668965517241
0103 54.30151724137931
2000 54.47393103448276
3100 54.81875862068966
0110 54.9911724137931
0010 55.163586206896554
0011 55.336
0101 55.50841379310345
0100 55.680827586206895
1000 55.767034482758625
0001 56.02565517241379
0011 56.198068965517244
0010 56.37048275862069
1000 56.45668965517242
0001 56.715310344827586
0101 56.88772413793104
0100 57.06013793103448
1000 57.14634482758621
0001 57.40496551724138
0011 57.57737931034483
0110 57.92220689655173
1000 58.43944827586207
0001 58.61186206896552
0010 58.78427586206897
2000 58.95668965517242
3010 59.21531034482759
0100 59.47393103448276
0002 59.64634482758621
0103 59.904965517241386
1000 60.163586206896554
1001 60.336000000000006
0101 60.6808275862069
0001 60.93944827586208
1000 61.02565517241379
0100 61.19806896551724
0010 61.37048275862069
0001 61.542896551724134
1000 61.715310344827586
0010 61.88772413793103
0100 62.06013793103448
0010 62.23255172413793
0002 62.40496551724138
0013 62.749793103448276
0100 62.92220689655172
0001 63.09462068965517
0010 63.26703448275862
2000 63.43944827586207
3000 63.78427586206897
0010 63.95668965517241
0001 64.12910344827587
0100 64.30151724137932
2000 64.47393103448276
3100 64.81875862068965
0001 64.99117241379311
0010 65.16358620689655
1000 65.336
0010 65.50841379310344
0001 65.6808275862069
0100 65.85324137931035
1000 66.02565517241379
0100 66.19806896551724
0001 66.3704827586207
0010 66.54289655172414
1000 66.62910344827587
0010 66.71531034482759
1000 66.80151724137932
0010 67.06013793103449
0001 67.1463448275862
0010 67.23255172413793
0001 67.31875862068966
0101 67.57737931034482
0100 67.92220689655173
1000 68.00841379310346
0100 68.09462068965517
1000 68.1808275862069
0100 68.43944827586208
0001 68.52565517241379
0100 68.61186206896552
0001 68.69806896551725
0011 68.95668965517241
0010 69.30151724137932
1000 69.38772413793104
0010 69.47393103448276
1000 69.56013793103449
0010 69.81875862068966
0001 69.90496551724138
0010 69.99117241379311
0001 70.07737931034484
0101 70.336
0100 70.6808275862069
1000 70.76703448275863
0100 70.85324137931035
1000 70.93944827586208
0100 71.19806896551725
0001 71.28427586206897
0100 71.3704827586207
0001 71.45668965517243
1000 71.54289655172414
0100 71.62910344827587
0020 71.71531034482759
0031 72.06013793103449
1000 72.23255172413793
1010 72.40496551724138
0010 72.57737931034484
0100 72.66358620689655
0001 72.74979310344828
0010 72.83600000000001
0100 72.92220689655173
1100 73.09462068965517
1000 73.26703448275863
0001 73.35324137931035
0100 73.43944827586208
0010 73.61186206896552
1010 73.78427586206897
1000 73.95668965517243
0001 74.04289655172414
0010 74.12910344827587
0001 74.2153103448276
0100 74.30151724137932
0110 74.47393103448276
0010 74.64634482758622
1000 74.73255172413793
0001 74.81875862068966
1000 74.99117241379311
1100 75.16358620689655
0100 75.33600000000001
0010 75.42220689655173
0100 75.50841379310346
1000 75.59462068965519
0010 75.6808275862069
0110 75.85324137931035
0100 76.0256551724138
0001 76.11186206896552
1000 76.19806896551725
0100 76.3704827586207
0110 76.54289655172414
0010 76.7153103448276
0001 76.80151724137932
0100 76.88772413793104
0001 76.97393103448277
1000 77.06013793103449
1100 77.23255172413793
0100 77.4049655172414
0010 77.49117241379311
0001 77.57737931034482
1000 77.74979310344827
1010 77.92220689655171
0010 78.09462068965517
1000 78.18082758620689
0100 78.26703448275862
0010 78.35324137931035
0001 78.43944827586206
0011 78.61186206896551
0010 78.78427586206897
0001 78.87048275862068
1000 78.95668965517241
0010 79.12910344827586
1010 79.3015172413793
1000 79.47393103448276
0010 79.56013793103448
0100 79.6463448275862
0001 79.73255172413793
0010 79.81875862068965
0110 79.9911724137931
0100 80.16358620689655
1000 80.24979310344827
0001 80.336
0100 80.50841379310344
0101 80.68082758620689
0001 80.85324137931035
1000 80.93944827586206
0100 81.02565517241379
1000 81.11186206896552
0010 81.19806896551724
0110 81.37048275862068
0100 81.54289655172414
0001 81.62910344827586
1000 81.71531034482759
0001 81.88772413793103
1001 82.06013793103448
1000 82.23255172413793
0100 82.31875862068965
0010 82.40496551724138
0001 82.49117241379311
0100 82.57737931034482
0001 82.74979310344827
0100 82.836
0001 82.92220689655173
0010 83.00841379310344
0001 83.09462068965517
1000 83.26703448275862
1100 83.43944827586206
0100 83.61186206896552
0010 83.69806896551724
0001 83.78427586206897
0100 83.8704827586207
0010 83.95668965517241
1010 84.12910344827586
1000 84.30151724137932
0001 84.38772413793103
0010 84.47393103448276
0100 84.6463448275862
1100 84.81875862068965
1000 84.99117241379311
0001 85.07737931034482
0100 85.16358620689655
0001 85.24979310344828
0010 85.336
0110 85.50841379310344
0100 85.6808275862069
1000 85.76703448275862
0001 85.85324137931035
1000 86.02565517241379
1010 86.19806896551724
0010 86.3704827586207
0100 86.45668965517241
0010 86.54289655172414
1000 86.62910344827587
0100 86.71531034482759
0110 86.88772413793103
0010 87.06013793103449
0001 87.1463448275862
1000 87.23255172413793
0010 87.40496551724138
0110 87.57737931034482
0100 87.74979310344828
0001 87.836
0010 87.92220689655173
0001 88.00841379310346
1000 88.09462068965517
1010 88.26703448275862
0010 88.43944827586208
0100 88.52565517241379
0001 88.61186206896552
1000 88.78427586206897
1100 88.95668965517241
0100 89.12910344827587
1000 89.21531034482759
0010 89.30151724137932
0100 89.38772413793104
0001 89.47393103448276
0101 89.6463448275862
0100 89.81875862068966
0001 89.90496551724138
1000 89.99117241379311
0100 90.16358620689655
1100 90.336
1000 90.50841379310346
0100 90.59462068965517
0010 90.6808275862069
0001 90.76703448275863
0100 90.85324137931035
0110 91.02565517241379
0010 91.19806896551725
1000 91.28427586206897
0001 91.3704827586207
1000 91.54289655172414
1010 91.71531034482759
0010 91.88772413793104
0110 92.06013793103449
0100 92.23255172413793
0101 92.40496551724138
0001 92.57737931034484
1001 92.74979310344828
1010 93.00841379310346
0101 93.26703448275863
2002 93.43944827586208
0003 93.78427586206897
3001 94.12910344827587
0011 94.30151724137932
0010 94.47393103448276
0110 94.64634482758622
0100 94.81875862068966
1000 94.99117241379311
0001 95.07737931034484
0100 95.16358620689655
0110 95.33600000000001
0010 95.50841379310346
1010 95.6808275862069
1000 95.85324137931035
1001 96.0256551724138
0001 96.19806896551725
0101 96.3704827586207
0100 96.54289655172414
0110 96.7153103448276
0010 96.88772413793104
1000 97.06013793103449
0001 97.14634482758622
1000 97.23255172413793
1001 97.4049655172414
0001 97.57737931034484
0101 97.74979310344828
0100 97.92220689655173
0110 98.09462068965519
0010 98.26703448275863
1010 98.43944827586208
1000 98.61186206896552
1001 98.78427586206898
0001 98.95668965517243
0010 99.04289655172416
0001 99.12910344827587
0100 99.2153103448276
0001 99.30151724137932
0010 99.38772413793104
0001 99.47393103448277
0100 99.56013793103449
0001 99.64634482758622
1001 99.81875862068966
1000 99.99117241379311
1100 100.16358620689657
0100 100.33600000000001
0110 100.50841379310346
0010 100.6808275862069
0011 100.85324137931036
0001 101.02565517241379
1001 101.19806896551724
1000 101.37048275862068
1010 101.54289655172414
0010 101.71531034482759
0110 101.88772413793103
0100 102.06013793103448
0101 102.23255172413793
0001 102.40496551724138
1001 102.57737931034482
1000 102.74979310344827
1100 102.92220689655173
0100 103.09462068965517
1100 103.26703448275862
1000 103.43944827586206
1001 103.61186206896552
0001 103.78427586206897
0100 103.95668965517241
0010 104.04289655172414
1000 104.12910344827586
1001 104.30151724137932
0001 104.47393103448276
0010 104.6463448275862
0100 104.73255172413793
1000 104.81875862068965
1001 104.99117241379311
0001 105.16358620689655
0011 105.336
0010 105.50841379310344
0110 105.6808275862069
0100 105.85324137931035
1000 106.02565517241379
0001 106.11186206896552
0100 106.19806896551724
0110 106.3704827586207
0010 106.54289655172414
1010 106.71531034482759
1000 106.88772413793103
1001 107.06013793103449
0001 107.23255172413793
0011 107.40496551724138
0010 107.57737931034482
0110 107.74979310344828
0100 107.92220689655173
1000 108.09462068965517
0001 108.1808275862069
0100 108.26703448275862
0110 108.43944827586208
0010 108.61186206896552
1010 108.78427586206897
1000 108.95668965517241
1100 109.12910344827587
0100 109.30151724137932
0110 109.47393103448276
0010 109.6463448275862
0011 109.81875862068966
0001 109.99117241379311
0100 110.07737931034484
0001 110.16358620689655
0010 110.24979310344828
0001 110.336
0100 110.42220689655173
0001 110.50841379310346
0010 110.59462068965517
0001 110.6808275862069
1001 110.85324137931035
1000 111.02565517241379
1010 111.19806896551725
0010 111.3704827586207
0110 111.54289655172414
0100 111.71531034482759
0101 111.88772413793104
0001 112.06013793103449
0011 112.23255172413793
0010 112.40496551724138
0110 112.57737931034484
0100 112.74979310344828
0110 112.92220689655173
0010 113.09462068965517
0011 113.26703448275863
0001 113.43944827586208
1000 113.61186206896552
0010 113.69806896551725
0100 113.78427586206897
0110 113.95668965517243
0010 114.12910344827587
1000 114.30151724137932
0100 114.38772413793104
0010 114.47393103448276
0110 114.64634482758622
1001 114.81875862068966
0011 115.07737931034484
0110 115.33600000000001
2002 115.50841379310346
3003 116.19806896551725
