TITLE Electric Love
BPM   140.0
NOTES
0001 14.134285714285713
1001 14.991428571428571
1000 16.06285714285714
1000 16.59857142857143
0001 16.705714285714286
0100 16.92
0010 17.562857142857144
1010 18.42
1000 19.491428571428575
1000 20.02714285714286
0100 20.134285714285717
0010 20.348571428571432
0001 20.99142857142857
0101 21.84857142857143
0100 22.92
0100 23.455714285714286
0010 23.562857142857144
1000 23.77714285714286
1002 24.42
1003 26.134285714285713
0010 26.34857142857143
0100 26.56285714285714
0001 26.884285714285713
1000 26.93785714285714
0001 26.99142857142857
0100 27.31285714285714
0001 27.527142857142856
1000 27.634285714285713
0001 27.84857142857143
0100 28.062857142857144
0010 28.277142857142856
1000 28.49142857142857
0001 28.59857142857143
0010 28.812857142857144
0100 28.92
0010 29.134285714285713
0001 29.34857142857143
1000 29.455714285714286
0010 29.67
0100 29.77714285714286
0010 29.99142857142857
1000 30.205714285714286
0100 30.312857142857144
0010 30.52714285714286
0001 30.634285714285717
1000 30.84857142857143
0001 31.062857142857144
0100 31.17
0001 31.384285714285713
0010 31.49142857142857
0100 31.705714285714283
1000 31.919999999999998
0001 32.027142857142856
0100 32.24142857142857
0010 32.348571428571425
1000 32.56285714285714
0001 32.777142857142856
0010 32.88428571428571
0001 33.098571428571425
0100 33.205714285714286
0010 33.42
1000 33.63428571428572
0010 33.74142857142857
0100 33.955714285714286
0001 34.06285714285714
1000 34.277142857142856
0100 34.49142857142857
0010 34.598571428571425
0001 34.81285714285714
1000 34.92
0010 35.13428571428572
0100 35.34857142857143
0010 35.455714285714286
1000 35.67
0001 35.777142857142856
0100 35.99142857142857
0010 36.205714285714286
1000 36.31285714285714
0010 36.527142857142856
0100 36.63428571428572
0001 36.84857142857143
1000 37.06285714285715
0100 37.17
0010 37.38428571428572
0100 37.49142857142857
1000 37.705714285714286
0001 37.92
0100 38.027142857142856
0010 38.24142857142857
1000 38.34857142857143
0001 38.56285714285715
1000 38.77714285714286
0001 38.88428571428572
0100 39.09857142857143
0001 39.205714285714286
1000 39.42
0100 39.63428571428572
0010 39.74142857142857
0001 39.95571428571428
0010 40.06285714285714
0100 40.277142857142856
1000 40.49142857142857
0001 40.598571428571425
0100 40.81285714285714
0010 40.919999999999995
1000 41.13428571428571
0001 41.348571428571425
0010 41.45571428571428
0100 41.669999999999995
0010 41.777142857142856
0001 41.99142857142857
1000 42.098571428571425
0001 42.205714285714286
0100 42.31285714285714
0010 42.527142857142856
1000 42.63428571428571
0001 42.848571428571425
0010 42.955714285714286
0100 43.06285714285714
1000 43.169999999999995
0100 43.38428571428571
1000 43.49142857142857
0001 43.705714285714286
0100 43.81285714285714
0001 43.92
1000 44.027142857142856
0010 44.24142857142857
0100 44.348571428571425
0001 44.56285714285714
1000 44.67
0100 44.777142857142856
1000 44.88428571428571
0001 45.098571428571425
0100 45.205714285714286
0010 45.42
1000 45.527142857142856
0001 45.63428571428572
0010 45.74142857142857
0100 45.955714285714286
0010 46.06285714285714
0001 46.277142857142856
1000 46.38428571428572
0010 46.49142857142857
0100 46.598571428571425
0001 46.81285714285714
1000 46.92
0001 47.13428571428572
0010 47.24142857142857
0100 47.34857142857143
1000 47.455714285714286
0100 47.67
1000 47.777142857142856
0001 47.99142857142857
0100 48.09857142857143
0010 48.205714285714286
1000 48.31285714285714
0001 48.527142857142856
1000 48.63428571428572
0100 48.84857142857143
0010 48.955714285714286
0001 49.06285714285715
1000 49.17
0010 49.38428571428572
0100 49.49142857142857
0001 49.705714285714286
1000 49.81285714285715
0010 49.92
1000 50.027142857142856
0001 50.241428571428564
0010 50.348571428571425
0100 50.56285714285714
1000 50.669999999999995
0100 50.777142857142856
0010 50.88428571428571
0001 51.098571428571425
1000 51.20571428571428
0010 51.419999999999995
0100 51.527142857142856
0001 51.63428571428571
0100 51.741428571428564
0001 51.95571428571428
1000 52.06285714285714
0001 52.277142857142856
0010 52.38428571428571
0100 52.49142857142857
1000 52.598571428571425
0100 52.81285714285714
1000 52.919999999999995
0010 53.13428571428571
0100 53.24142857142857
0001 53.348571428571425
1000 53.45571428571428
0100 53.56285714285714
1000 54.63428571428571
0001 54.848571428571425
0010 55.06285714285714
0001 55.277142857142856
0010 55.49142857142857
0100 55.705714285714286
1000 55.81285714285714
0010 55.92
1000 56.027142857142856
0001 56.24142857142857
1000 56.348571428571425
0010 56.56285714285714
0100 56.67
0001 56.777142857142856
0010 56.88428571428571
0100 57.098571428571425
1000 57.205714285714286
0001 57.42
0100 57.527142857142856
0010 57.63428571428572
1000 57.74142857142857
0100 57.955714285714286
1000 58.06285714285714
0010 58.277142857142856
1000 58.38428571428572
0100 58.49142857142857
1000 58.598571428571425
0001 58.81285714285714
0100 58.92
0010 59.13428571428572
1000 59.24142857142857
0100 59.34857142857143
0010 59.455714285714286
0100 59.67
1000 59.777142857142856
0001 59.99142857142857
0100 60.09857142857143
0001 60.205714285714286
0010 60.31285714285714
0001 60.527142857142856
1000 60.63428571428572
0010 60.84857142857143
0100 60.955714285714286
0001 61.06285714285715
0010 61.17
0100 61.38428571428572
1000 61.49142857142857
0001 61.705714285714286
0100 61.81285714285715
0010 61.92
1000 62.027142857142856
0100 62.241428571428564
0010 62.348571428571425
0001 62.56285714285714
0010 62.669999999999995
0100 62.777142857142856
1000 62.88428571428571
0010 63.098571428571425
0100 63.20571428571428
0001 63.419999999999995
1000 63.527142857142856
0100 63.63428571428571
1000 63.741428571428564
0010 63.95571428571428
0100 64.06285714285714
0001 64.27714285714285
0010 64.38428571428571
0001 64.49142857142857
0100 64.59857142857142
0010 64.81285714285714
1000 64.92
0001 65.13428571428571
0100 65.24142857142857
0010 65.34857142857142
1000 65.45571428571428
0100 65.67
1000 65.77714285714285
0010 65.99142857142857
0100 66.09857142857143
0001 66.20571428571428
0010 66.31285714285714
0001 66.52714285714285
1000 66.63428571428571
0100 66.84857142857143
1000 66.95571428571428
0010 67.06285714285714
0100 67.17
0010 67.38428571428571
1000 67.49142857142856
0001 67.70571428571428
0010 67.81285714285714
0100 67.91999999999999
1000 68.02714285714285
0010 68.13428571428571
0100 68.45571428571428
0001 68.66999999999999
1000 68.77714285714285
0001 68.99142857142857
0100 69.42
0101 69.84857142857143
0001 70.27714285714286
1000 70.70571428571428
0100 71.13428571428571
0110 71.56285714285714
0010 71.99142857142857
0001 72.42
1000 72.84857142857143
1010 73.27714285714286
0010 73.7057142857143
0100 74.13428571428571
0001 74.56285714285714
0011 74.99142857142857
0010 75.42
0100 75.63428571428571
1000 75.84857142857143
0001 76.06285714285714
0010 76.27714285714286
0001 76.49142857142857
1001 76.7057142857143
1000 76.92
0010 77.13428571428572
0100 77.34857142857143
0001 77.56285714285714
0010 77.77714285714285
0100 77.99142857142857
1000 78.20571428571428
1100 78.42
0100 78.63428571428571
0010 78.74142857142857
0001 78.84857142857143
1000 79.06285714285714
0001 79.27714285714285
0100 79.49142857142856
0101 79.70571428571428
0001 79.91999999999999
1000 80.13428571428571
0100 80.24142857142856
0010 80.34857142857142
0001 80.45571428571428
0100 80.56285714285714
0001 80.66999999999999
0010 80.77714285714285
0100 80.88428571428571
1000 80.99142857142857
0001 81.63428571428571
0103 81.84857142857143
0300 82.06285714285714
0010 82.27714285714286
0030 82.49142857142857
2010 82.70571428571428
3002 83.13428571428571
0023 83.56285714285714
0130 83.99142857142857
1000 84.13428571428571
0001 84.27714285714285
0100 84.42
0010 84.56285714285714
1000 84.7057142857143
0001 84.84857142857143
1000 84.99142857142857
0100 85.13428571428571
0010 85.27714285714286
0001 85.49142857142857
1001 85.7057142857143
1000 86.02714285714286
0002 86.13428571428571
0103 86.99142857142857
0010 87.13428571428571
0100 87.27714285714285
0010 87.42
1000 87.56285714285714
0010 87.70571428571428
1000 87.84857142857143
1001 88.13428571428572
0101 88.42
1010 88.7057142857143
1000 89.02714285714286
0001 89.13428571428572
0100 89.34857142857143
0002 89.56285714285714
2003 89.99142857142857
3100 90.42
0010 90.56285714285714
0001 90.70571428571428
1000 90.84857142857143
0001 90.99142857142857
0100 91.13428571428571
0020 91.27714285714285
1030 92.13428571428571
0100 92.34857142857142
0110 92.56285714285714
0010 92.88428571428571
0002 92.99142857142857
1003 93.20571428571428
0010 93.31285714285714
0100 93.42
0010 93.56285714285714
1000 93.70571428571428
0002 93.84857142857143
1003 94.06285714285714
0100 94.17
1000 94.27714285714286
0001 94.38428571428571
0100 94.49142857142857
0001 94.59857142857143
1000 94.70571428571428
1100 95.00385093167701
0110 95.30198757763975
0010 95.60012422360248
0001 95.74919254658384
1000 95.8982608695652
0100 96.04732919254657
0100 96.12186335403726
0001 96.27093167701862
2000 96.42
3020 96.84857142857143
2030 97.27714285714286
3001 97.7057142857143
0100 97.92
0020 98.13428571428571
1030 98.56285714285714
0100 98.70571428571428
0010 98.84857142857142
0001 98.99142857142857
1000 99.20571428571428
1001 99.42
0001 99.74142857142857
2000 99.84857142857142
3001 100.70571428571428
0100 101.13428571428571
0010 101.34857142857142
1000 101.56285714285714
0001 101.70571428571428
1000 101.84857142857143
0100 101.99142857142857
0010 102.13428571428571
0001 102.27714285714285
1000 102.42
0001 102.74142857142857
0100 102.84857142857143
0010 103.06285714285714
2000 103.27714285714285
3200 103.70571428571428
0310 104.13428571428571
0001 104.27714285714285
1000 104.41999999999999
0010 104.56285714285714
0100 104.70571428571428
0001 104.84857142857142
0200 104.99142857142857
0301 105.84857142857143
1000 106.06285714285714
1100 106.27714285714286
0100 106.59857142857143
0020 106.70571428571428
0031 107.13428571428571
1000 107.27714285714285
0010 107.41999999999999
0100 107.56285714285714
0001 107.70571428571428
0010 107.84857142857142
0100 107.99142857142857
1000 108.13428571428571
0001 108.27714285714285
1000 108.42
0010 108.56285714285714
1000 108.7057142857143
0001 108.84857142857143
0010 108.99142857142857
0001 109.13428571428571
1000 109.27714285714286
1001 110.13428571428571
0001 110.34857142857142
0100 110.56285714285714
0010 110.67
1000 110.77714285714285
0001 110.88428571428571
1000 111.09857142857142
0100 111.20571428571428
0010 111.42
0001 111.52714285714285
1000 111.63428571428571
0001 111.74142857142857
0100 111.95571428571428
0010 112.06285714285713
1000 112.27714285714285
0001 112.38428571428571
0010 112.49142857142856
0100 112.59857142857142
0010 112.81285714285713
0001 112.91999999999999
1000 113.13428571428571
0010 113.24142857142856
1000 113.34857142857142
0001 113.45571428571428
0100 113.67
0010 113.77714285714285
1000 113.99142857142857
0001 114.09857142857143
0010 114.20571428571428
0100 114.31285714285714
0010 114.52714285714285
0001 114.63428571428571
1000 114.84857142857143
0010 114.95571428571428
0100 115.06285714285714
0001 115.17
1000 115.38428571428571
0100 115.49142857142856
1000 115.70571428571428
0001 115.81285714285714
0100 115.91999999999999
0010 116.02714285714285
1000 116.24142857142856
0001 116.34857142857142
0010 116.56285714285714
0100 116.66999999999999
1000 116.77714285714285
0001 116.88428571428571
1000 117.09857142857143
0010 117.20571428571428
0100 117.42
0001 117.52714285714286
1000 117.63428571428571
0100 117.74142857142857
0010 117.95571428571428
0100 118.06285714285714
0010 118.27714285714286
0001 118.38428571428571
1000 118.49142857142857
0010 118.59857142857143
0100 118.81285714285714
0001 118.91999999999999
1000 119.13428571428571
0001 119.24142857142857
0010 119.34857142857142
0100 119.45571428571428
1000 119.66999999999999
0001 119.77714285714285
0100 119.99142857142857
0010 120.09857142857142
1000 120.20571428571428
0001 120.31285714285714
1000 120.52714285714286
0100 120.63428571428571
1000 120.84857142857143
0001 120.9557142857143
0100 121.06285714285714
0010 121.17
1000 121.38428571428571
0001 121.49142857142857
0010 121.7057142857143
0100 121.81285714285714
1000 121.92
0100 122.02714285714286
0010 122.24142857142857
0001 122.34857142857142
1000 122.56285714285714
0010 122.67
0100 122.77714285714285
0001 122.88428571428571
1000 123.09857142857142
0001 123.20571428571428
0010 123.42
0100 123.52714285714285
1000 123.63428571428571
0001 123.74142857142857
1000 123.84857142857142
1001 124.70571428571428
0001 125.77714285714285
0001 126.31285714285714
1000 126.42
0010 126.63428571428571
0100 127.27714285714285
0101 128.1342857142857
0001 129.20571428571427
0001 129.74142857142854
0010 129.8485714285714
0100 130.06285714285713
1000 130.70571428571427
1010 131.56285714285713
0010 132.6342857142857
0010 133.17
0100 133.27714285714285
0001 133.49142857142857
1000 134.13428571428568
1001 134.99142857142854
0001 136.06285714285713
0001 136.5985714285714
1000 136.70571428571427
0100 136.92
2000 137.56285714285713
3000 139.27714285714285
