TITLE EMPIRE OF FLAME
BPM   228.0
NOTES
2002 1.0586315789473684
3003 4.479684210526316
1000 4.742842105263158
0100 4.808631578947368
0010 4.874421052631579
0001 4.94021052631579
0100 5.006
0010 5.1375789473684215
2020 5.269157894736842
3030 7.111263157894737
1000 7.374421052631579
0100 7.44021052631579
1000 7.506
0001 7.571789473684211
0010 7.6375789473684215
0100 7.703368421052631
1000 7.769157894736842
0001 7.834947368421052
0100 7.900736842105263
0010 7.966526315789474
0100 8.032315789473683
0010 8.098105263157894
1000 8.163894736842105
0001 8.229684210526315
0100 8.295473684210526
0001 8.361263157894737
1000 8.427052631578947
0100 8.492842105263158
1000 8.558631578947368
0010 8.624421052631579
0100 8.69021052631579
0001 8.756
0010 8.82178947368421
0100 8.887578947368421
2000 8.953368421052632
3000 9.348105263157894
1001 9.479684210526315
0001 9.611263157894737
0100 9.742842105263158
0010 9.874421052631579
1000 10.269157894736841
1000 10.400736842105262
0100 10.532315789473683
0010 10.663894736842105
0001 10.795473684210526
0100 10.927052631578947
0010 10.992842105263158
2000 11.058631578947368
3002 11.321789473684209
0013 11.584947368421052
0010 11.716526315789473
0100 11.848105263157894
1000 11.979684210526315
0001 12.242842105263156
0100 12.374421052631577
0100 12.505999999999998
0010 12.637578947368421
1000 12.769157894736843
0001 12.900736842105264
0010 13.032315789473685
0100 13.163894736842106
2100 13.295473684210526
3000 13.558631578947368
0101 13.69021052631579
0101 13.953368421052632
0001 14.479684210526315
0001 14.611263157894737
0010 14.742842105263158
0100 14.874421052631579
0010 15.137578947368421
0001 15.203368421052632
2000 15.269157894736843
3020 15.532315789473683
0130 15.795473684210526
0001 15.88319298245614
0100 15.970912280701754
0010 16.058631578947367
1000 16.146350877192983
0001 16.234070175438596
0020 16.32178947368421
0130 16.58494736842105
1000 16.672666666666665
0010 16.76038596491228
0100 16.848105263157894
0001 16.935824561403507
1000 17.023543859649124
0200 17.111263157894737
0310 17.37442105263158
0001 17.440210526315788
0010 17.506
0001 17.63757894736842
0100 17.769157894736843
0110 17.900736842105264
0010 18.032315789473685
1000 18.163894736842106
0001 18.295473684210528
0011 18.42705263157895
0010 18.55863157894737
0100 18.62442105263158
1000 18.69021052631579
1010 18.821789473684213
0010 18.95336842105263
0100 19.08494736842105
0101 19.216526315789473
0001 19.348105263157894
0010 19.479684210526315
0110 19.611263157894737
0100 19.742842105263158
0011 20.006
0001 20.13757894736842
1000 20.269157894736843
0010 20.400736842105264
1010 20.532315789473685
1000 20.663894736842106
0001 20.729684210526315
0010 20.795473684210528
0110 20.92705263157895
0100 21.058631578947367
1000 21.124421052631575
0001 21.190210526315788
0100 21.32178947368421
0010 21.45336842105263
1010 21.58494736842105
1000 21.716526315789473
0001 21.848105263157894
0010 21.935824561403507
0001 22.02354385964912
0100 22.111263157894737
0010 22.242842105263158
1000 22.37442105263158
0001 22.506
0011 22.63757894736842
0010 22.769157894736843
0100 22.83494736842105
1000 22.900736842105264
1001 23.032315789473685
0001 23.163894736842103
0100 23.295473684210524
0101 23.427052631578945
0001 23.558631578947367
1000 23.690210526315788
1001 23.82178947368421
0001 23.95336842105263
1000 24.216526315789473
0010 24.304245614035086
0100 24.391964912280702
0001 24.479684210526315
0010 24.56740350877193
0100 24.65512280701754
2000 24.742842105263158
3001 25.006
0100 25.093719298245613
0001 25.181438596491226
0010 25.269157894736843
0001 25.356877192982456
1000 25.444596491228072
0200 25.532315789473685
1300 25.795473684210528
0001 25.861263157894737
0100 25.92705263157895
0010 26.05863157894737
1000 26.19021052631579
1100 26.32178947368421
0100 26.45336842105263
0010 26.58494736842105
0001 26.716526315789473
0101 26.848105263157894
0100 26.979684210526315
0010 27.045473684210524
1000 27.111263157894737
1001 27.242842105263158
0001 27.37442105263158
0010 27.506
0110 27.63757894736842
0100 27.769157894736843
1000 27.900736842105264
1001 28.032315789473685
0100 28.163894736842106
0101 28.427052631578945
0001 28.558631578947367
1000 28.690210526315788
0010 28.82178947368421
0110 28.95336842105263
0100 29.08494736842105
0001 29.15073684210526
1000 29.216526315789473
0011 29.348105263157894
0010 29.479684210526315
0001 29.545473684210524
1000 29.611263157894737
0100 29.742842105263158
1000 29.87442105263158
1010 30.006
0010 30.13757894736842
0210 30.269157894736843
0310 30.795473684210524
0100 30.927052631578945
0101 31.058631578947367
0001 31.190210526315788
1000 31.255999999999997
0010 31.32178947368421
1010 31.45336842105263
1000 31.58494736842105
0001 31.716526315789473
0011 31.848105263157894
0010 31.979684210526315
0100 32.11126315789473
1100 32.24284210526316
0101 32.44021052631579
0001 32.63757894736842
0010 32.70336842105263
0100 32.769157894736836
0010 32.90073684210526
0001 33.03231578947368
0010 33.1638947368421
0001 33.229684210526315
0100 33.29547368421052
0010 33.427052631578945
1000 33.49284210526316
0001 33.55863157894736
1000 33.624421052631575
0100 33.69021052631579
0010 33.756
0100 33.821789473684206
1000 33.88757894736842
0100 33.95336842105263
0010 34.01915789473684
0001 34.08494736842105
0100 34.15073684210526
0020 34.21652631578947
1030 34.74284210526316
0100 34.80863157894737
0010 34.874421052631575
0001 35.13757894736842
0101 35.26915789473684
0100 35.40073684210526
0010 35.46652631578947
1000 35.532315789473685
0001 35.79547368421053
0010 35.86126315789474
0001 35.927052631578945
1000 35.99284210526316
0010 36.05863157894737
0110 36.32178947368421
0100 36.45336842105263
0001 36.65073684210527
0010 36.84810526315789
0001 36.9138947368421
0100 36.97968421052631
0010 37.24284210526315
1010 37.374421052631575
1000 37.50599999999999
0001 37.571789473684206
0010 37.63757894736842
0100 37.90073684210526
0010 37.96652631578947
0001 38.03231578947368
0100 38.09810526315789
0010 38.1638947368421
1010 38.427052631578945
1000 38.55863157894736
0001 38.756
0010 38.95336842105263
0100 39.01915789473684
1000 39.08494736842105
0010 39.34810526315789
0110 39.479684210526315
0100 39.61126315789473
0001 39.677052631578945
0010 39.74284210526316
0100 40.006
0010 40.07178947368421
0001 40.13757894736842
0100 40.20336842105263
0010 40.26915789473684
1010 40.532315789473685
0010 40.6638947368421
1000 40.86126315789474
0100 41.05863157894736
1000 41.124421052631575
0001 41.19021052631578
0100 41.45336842105262
0101 41.58494736842105
0001 41.716526315789466
0010 41.78231578947368
0100 41.84810526315789
0010 42.11126315789473
0100 42.177052631578945
1000 42.24284210526315
0100 42.30863157894736
0010 42.374421052631575
0011 42.63757894736842
0001 42.769157894736836
1000 42.96652631578947
0010 43.1638947368421
1000 43.229684210526315
0100 43.29547368421052
1000 43.55863157894736
0101 43.69021052631579
0001 43.821789473684206
1000 43.88757894736842
0100 43.95336842105263
0010 44.21652631578947
0001 44.282315789473685
1000 44.34810526315789
0100 44.4138947368421
1000 44.479684210526315
0101 44.74284210526316
0100 44.874421052631575
0010 45.07178947368421
1000 45.26915789473684
0001 45.334947368421055
0010 45.40073684210526
0100 45.6638947368421
1001 45.79547368421053
1000 45.927052631578945
0010 45.99284210526316
0100 46.05863157894737
0001 46.321789473684206
0100 46.38757894736842
0001 46.45336842105262
0010 46.519157894736836
0001 46.58494736842105
1100 46.84810526315789
0100 46.97968421052631
1000 47.177052631578945
0010 47.374421052631575
0100 47.44021052631579
0001 47.50599999999999
1000 47.571789473684206
0010 47.63757894736842
1000 47.70336842105263
0001 47.769157894736836
0010 47.83494736842105
0100 47.90073684210526
1000 47.96652631578947
0010 48.03231578947368
0100 48.09810526315789
0001 48.1638947368421
1000 48.29547368421052
0001 48.427052631578945
0100 48.49284210526316
0001 48.55863157894736
0100 48.624421052631575
0010 48.69021052631579
1001 48.95336842105263
1000 49.08494736842105
0100 49.282315789473685
0010 49.479684210526315
0001 49.61126315789473
0010 49.74284210526316
0100 49.874421052631575
1100 50.006
1000 50.26915789473684
0001 50.40073684210526
0100 50.532315789473685
0010 50.6638947368421
1010 50.79547368421053
1000 50.927052631578945
0001 50.99284210526316
0010 51.05863157894737
0100 51.19021052631579
0010 51.32178947368421
0001 51.387578947368425
0100 51.45336842105263
0010 51.51915789473684
2000 51.58494736842105
0002 52.11126315789473
3003 52.63757894736842
1000 52.90073684210526
0010 52.96652631578947
0100 53.03231578947368
0001 53.09810526315789
0010 53.1638947368421
0100 53.29547368421052
0010 53.427052631578945
0001 53.55863157894736
1000 53.69021052631579
0010 53.756
0100 53.821789473684206
0001 53.88757894736842
0010 53.95336842105263
0100 54.01915789473684
1000 54.08494736842105
0001 54.15073684210526
1000 54.21652631578947
0010 54.34810526315789
0100 54.479684210526315
0001 54.54547368421053
0100 54.61126315789473
0010 54.677052631578945
1000 54.74284210526316
0001 54.80863157894737
0010 54.874421052631575
0100 54.94021052631579
1000 55.006
0001 55.13757894736842
1000 55.26915789473684
0100 55.40073684210526
1000 55.532315789473685
0102 55.79547368421052
2000 56.321789473684206
0003 56.58494736842105
3100 56.84810526315789
0010 56.97968421052631
0100 57.04547368421052
1000 57.11126315789473
1001 57.24284210526315
0001 57.374421052631575
0100 57.44021052631579
0010 57.50599999999999
1010 57.63757894736842
1000 57.769157894736836
0001 57.90073684210526
0010 57.96652631578947
0001 58.03231578947368
0100 58.09810526315789
0001 58.1638947368421
1000 58.229684210526315
0100 58.29547368421052
0010 58.36126315789473
0001 58.427052631578945
0010 58.51477192982456
0100 58.60249122807017
1000 58.69021052631579
0010 58.756
1000 58.821789473684206
0001 58.88757894736842
0010 58.95336842105263
0100 59.01915789473684
1000 59.08494736842105
0010 59.15073684210526
0100 59.21652631578947
0001 59.30424561403509
1000 59.3919649122807
0100 59.479684210526315
0010 59.61126315789473
0001 59.74284210526316
0010 59.80863157894737
0100 59.874421052631575
1000 59.94021052631579
0020 60.006
0200 60.532315789473685
0030 60.79547368421053
0301 61.05863157894736
0010 61.14635087719298
0001 61.23407017543859
1000 61.321789473684206
0010 61.40950877192982
1000 61.49722807017543
0001 61.58494736842105
0010 61.672666666666665
0100 61.760385964912274
1000 61.84810526315789
0001 61.97968421052631
1000 62.11126315789473
0010 62.177052631578945
1000 62.24284210526315
0001 62.30863157894736
0100 62.374421052631575
0001 62.44021052631579
0010 62.50599999999999
0100 62.571789473684206
1000 62.63757894736842
0100 62.769157894736836
0010 62.90073684210526
0100 62.96652631578947
1000 63.03231578947368
0010 63.09810526315789
0100 63.1638947368421
0001 63.229684210526315
0010 63.29547368421052
0100 63.36126315789473
1000 63.427052631578945
0001 63.55863157894736
0100 63.69021052631579
0010 63.821789473684206
1000 63.95336842105263
1002 64.21652631578947
0013 64.4796842105263
0100 64.56740350877192
1000 64.65512280701753
0020 64.74284210526315
0130 65.00599999999999
0001 65.0937192982456
1000 65.18143859649122
0200 65.26915789473684
0310 65.53231578947367
0001 65.62003508771929
0100 65.7077543859649
0001 65.79547368421052
1000 65.88319298245614
0100 65.97091228070175
1000 66.05863157894736
0001 66.14635087719297
0100 66.23407017543859
0010 66.3217894736842
0110 66.45336842105263
0010 66.58494736842104
1000 66.65073684210526
0001 66.71652631578947
0010 66.84810526315789
0100 66.97968421052632
1100 67.11126315789473
1100 67.24284210526315
1000 67.37442105263158
0001 67.44021052631578
0100 67.506
0010 67.63757894736841
1010 67.76915789473684
1010 67.90073684210526
1000 68.03231578947369
0010 68.09810526315789
0100 68.1638947368421
0001 68.29547368421052
0011 68.42705263157895
0011 68.55863157894737
0010 68.69021052631578
0100 68.756
1000 68.8217894736842
0001 68.95336842105263
1000 69.08494736842106
1001 69.21652631578947
2002 69.34810526315789
3003 70.006
1000 70.26915789473684
0100 70.33494736842106
1000 70.40073684210526
0001 70.46652631578948
0200 70.53231578947369
0310 70.79547368421052
1000 70.88319298245614
0001 70.97091228070175
0100 71.05863157894737
0001 71.1902105263158
1000 71.3217894736842
0100 71.45336842105263
0010 71.58494736842106
0002 71.71652631578948
1003 72.37442105263158
0010 72.4402105263158
1000 72.506
0001 72.57178947368422
0010 72.63757894736841
0100 72.70336842105262
0010 72.76915789473684
0001 72.83494736842104
1000 72.90073684210525
0010 72.96652631578947
0100 73.03231578947367
0001 73.09810526315789
0010 73.1638947368421
0100 73.29547368421052
2000 73.42705263157893
3000 73.69021052631578
0001 73.95336842105262
0100 74.01915789473684
0001 74.08494736842104
0100 74.15073684210526
0010 74.21652631578947
1000 74.28231578947367
0001 74.34810526315789
0010 74.4138947368421
0100 74.4796842105263
1000 74.56740350877192
0100 74.65512280701753
2000 74.74284210526315
0020 74.87442105263158
3030 75.26915789473684
1000 75.92705263157895
0100 76.05863157894736
0010 76.19021052631578
0100 76.3217894736842
1000 76.45336842105263
0010 76.58494736842104
0100 76.71652631578947
0001 76.84810526315789
0100 76.97968421052632
0010 77.11126315789473
1000 77.24284210526315
0001 77.37442105263158
0010 77.506
0100 77.63757894736841
0010 77.76915789473684
0100 77.90073684210526
1000 78.03231578947369
0010 78.1638947368421
0200 78.29547368421052
0301 78.69021052631578
1000 78.7779298245614
0001 78.86564912280701
0010 78.95336842105263
0100 79.21652631578947
1000 79.34810526315789
0010 79.47968421052632
0100 79.61126315789474
0002 79.87442105263158
2003 80.26915789473684
3100 80.66389473684211
0010 80.72968421052632
0100 80.79547368421052
1000 80.86126315789474
0001 80.92705263157895
0100 80.99284210526316
0010 81.05863157894737
1000 81.12442105263158
0010 81.1902105263158
0100 81.256
0002 81.3217894736842
1003 81.45336842105263
0100 81.51915789473685
0010 81.58494736842106
0100 81.65073684210526
2000 81.71652631578948
3001 81.84810526315789
0100 81.91389473684211
0010 81.97968421052632
1000 82.04547368421053
0001 82.11126315789473
0010 82.17705263157893
0200 82.24284210526315
0310 82.37442105263156
0001 82.44021052631578
0010 82.50599999999999
0100 82.5717894736842
1000 82.63757894736841
0010 82.70336842105262
0100 82.76915789473684
0001 82.83494736842104
0100 82.90073684210525
0010 82.96652631578947
1000 83.03231578947367
0001 83.09810526315789
2000 83.1638947368421
3000 84.21652631578947
0001 84.4796842105263
0100 84.54547368421052
0010 84.61126315789473
0100 84.67705263157895
0010 84.74284210526315
1000 84.80863157894736
0010 84.87442105263158
0100 84.94021052631578
0001 85.00599999999999
1000 85.0717894736842
0100 85.13757894736841
0010 85.20336842105263
0100 85.26915789473684
1000 85.35687719298245
0100 85.44459649122807
0010 85.53231578947367
0001 85.62003508771929
0100 85.7077543859649
0010 85.79547368421052
1000 85.88319298245614
0010 85.97091228070175
1000 86.05863157894736
0001 86.14635087719297
0010 86.23407017543859
0001 86.3217894736842
1000 86.40950877192982
0100 86.49722807017544
1000 86.58494736842104
0010 86.67266666666666
0100 86.76038596491227
0001 86.84810526315789
0010 86.9138947368421
0001 86.97968421052632
1000 87.04547368421052
0100 87.11126315789473
0010 87.19898245614034
0001 87.28670175438596
2000 87.37442105263158
3000 87.63757894736841
0001 87.90073684210526
0100 87.96652631578947
0010 88.03231578947369
0100 88.09810526315789
0010 88.1638947368421
1000 88.22968421052632
0001 88.29547368421052
1000 88.36126315789474
0001 88.42705263157895
0010 88.49284210526315
0100 88.55863157894737
1000 88.62442105263158
0001 88.69021052631578
0010 88.756
0100 88.8217894736842
1000 88.88757894736843
0001 88.95336842105263
1000 89.01915789473684
0010 89.08494736842106
1000 89.15073684210526
0001 89.21652631578947
0100 89.28231578947369
0010 89.34810526315789
1000 89.41389473684211
0002 89.47968421052632
0003 89.74284210526315
1000 90.006
0100 90.0717894736842
0010 90.13757894736843
0100 90.20336842105263
1000 90.26915789473684
0001 90.33494736842106
0100 90.40073684210526
0010 90.46652631578948
0100 90.53231578947369
0010 90.59810526315789
1000 90.66389473684211
0001 90.72968421052632
0010 90.79547368421052
0100 90.86126315789474
1000 90.92705263157895
0100 90.99284210526316
1000 91.05863157894737
0001 91.12442105263158
0100 91.1902105263158
0010 91.256
1000 91.3217894736842
0001 91.38757894736843
0100 91.45336842105263
0010 91.51915789473685
0200 91.58494736842104
0300 91.84810526315788
0001 92.11126315789473
1000 92.17705263157893
0100 92.24284210526315
0010 92.30863157894736
0100 92.37442105263156
1000 92.44021052631578
0001 92.50599999999999
0100 92.5717894736842
0010 92.63757894736841
1000 92.70336842105262
0100 92.76915789473684
0010 92.83494736842104
0100 92.90073684210525
1000 92.96652631578947
0001 93.03231578947367
0100 93.09810526315789
0010 93.1638947368421
1000 93.2296842105263
0001 93.29547368421052
1000 93.36126315789473
0001 93.42705263157893
0100 93.49284210526315
0010 93.55863157894736
1000 93.62442105263158
0001 93.69021052631578
0010 93.75599999999999
0001 93.8217894736842
0010 93.88757894736841
0100 93.95336842105262
1000 94.01915789473684
0100 94.08494736842104
0010 94.15073684210526
0001 94.21652631578947
1000 94.28231578947367
0010 94.34810526315789
1000 94.4138947368421
0001 94.4796842105263
0100 94.54547368421052
0010 94.61126315789473
0100 94.67705263157895
0001 94.74284210526315
1000 94.80863157894736
0100 94.87442105263158
0010 94.94021052631578
0100 95.00599999999999
1000 95.0717894736842
0001 95.13757894736841
0010 95.20336842105263
0001 95.26915789473684
1000 95.33494736842104
0010 95.40073684210526
1000 95.46652631578947
0001 95.53231578947367
0100 95.59810526315789
0010 95.6638947368421
1000 95.72968421052632
0001 95.79547368421052
0010 95.86126315789473
0100 95.92705263157895
0010 95.99284210526315
0001 96.05863157894736
0010 96.12442105263158
0001 96.19021052631578
1000 96.256
0001 96.3217894736842
0100 96.38757894736841
0010 96.45336842105263
1000 96.51915789473684
0001 96.58494736842104
0100 96.65073684210526
0001 96.71652631578947
1000 96.78231578947369
0001 96.84810526315789
0010 96.9138947368421
0100 96.97968421052632
1000 97.04547368421052
0001 97.11126315789473
0010 97.17705263157895
0100 97.24284210526315
1000 97.30863157894737
0002 97.37442105263158
1003 97.90073684210526
0010 98.03231578947369
0100 98.1638947368421
0001 98.22968421052632
1000 98.29547368421052
0001 98.36126315789474
0010 98.42705263157895
0100 98.55863157894737
0010 98.69021052631578
0001 98.8217894736842
1000 98.95336842105263
0010 99.08494736842106
0100 99.21652631578947
0001 99.34810526315789
1000 99.47968421052632
0100 99.61126315789474
0010 99.67705263157895
0001 99.74284210526315
0010 99.87442105263158
0001 100.006
1000 100.15637593984962
0010 100.30675187969925
1000 100.38193984962406
0100 100.45712781954887
0010 100.53231578947369
0001 100.75787969924812
0100 100.90825563909775
0001 100.98344360902256
0010 101.05863157894737
0100 101.1902105263158
1000 101.3217894736842
0001 101.45336842105263
1000 101.58494736842106
0010 101.71652631578948
1000 101.78231578947369
0100 101.84810526315789
0010 101.97968421052632
0011 102.11126315789473
0001 102.24284210526315
0100 102.37442105263156
0010 102.44021052631578
0100 102.50599999999999
0001 102.5717894736842
1000 102.63757894736841
0100 102.76915789473684
1000 102.90073684210525
0001 103.03231578947367
1000 103.1638947368421
0100 103.29547368421052
0010 103.42705263157893
0100 103.55863157894736
1000 103.69021052631578
0001 103.8217894736842
0010 103.88757894736841
0100 103.95336842105262
1000 104.08494736842104
0001 104.15073684210526
1000 104.21652631578947
0010 104.28231578947367
0100 104.34810526315789
0001 104.4138947368421
0100 104.4796842105263
0010 104.54547368421052
1000 104.61126315789473
0001 104.67705263157895
1000 104.74284210526315
0100 104.80863157894736
0010 104.87442105263158
0001 104.94021052631578
0010 105.00599999999999
0100 105.0717894736842
1000 105.13757894736841
0001 105.20336842105263
1000 105.26915789473684
0010 105.33494736842104
1000 105.40073684210526
0001 105.46652631578947
0100 105.53231578947367
0010 105.59810526315789
1000 105.6638947368421
0001 105.72968421052632
1000 105.79547368421052
0100 105.86126315789473
0010 105.92705263157895
0100 105.99284210526315
1000 106.05863157894736
0001 106.12442105263158
0010 106.19021052631578
0100 106.256
1000 106.3217894736842
0001 106.45336842105263
0100 106.58494736842104
0010 106.65073684210526
1000 106.71652631578947
0001 106.78231578947369
0010 106.84810526315789
0100 106.97968421052632
0010 107.11126315789473
0001 107.24284210526315
1000 107.37442105263158
0010 107.51477192982456
0100 107.65512280701753
0001 107.79547368421052
0010 108.006
1000 108.0761754385965
0001 108.14635087719297
1000 108.28670175438596
0001 108.42705263157895
0010 108.55863157894737
0100 108.69021052631578
0010 108.756
0001 108.8217894736842
1000 108.88757894736843
0010 108.95336842105263
0100 109.08494736842106
0010 109.21652631578947
1000 109.34810526315789
0010 109.41389473684211
0100 109.47968421052632
0001 109.6200350877193
1000 109.76038596491227
0001 109.90073684210526
0100 110.04108771929825
0001 110.18143859649123
0010 110.25161403508771
1000 110.3919649122807
0001 110.53231578947369
0010 110.66389473684211
0001 110.79547368421052
0100 110.86126315789474
0010 110.92705263157895
1000 110.99284210526316
0100 111.05863157894737
0010 111.1902105263158
0100 111.3217894736842
0010 111.45336842105263
0001 111.58494736842104
1000 111.71652631578947
0010 111.84810526315788
0100 111.9796842105263
0010 112.11126315789473
1000 112.24284210526315
0001 112.30863157894736
0100 112.37442105263156
0001 112.44021052631578
0100 112.50599999999999
0010 112.5717894736842
1000 112.63757894736841
0100 112.70336842105262
0010 112.76915789473684
0100 112.83494736842104
1000 112.90073684210525
0001 112.96652631578947
0010 113.03231578947367
0100 113.09810526315789
1000 113.1638947368421
0001 113.2296842105263
0100 113.29547368421052
0010 113.36126315789473
1000 113.42705263157893
0001 113.49284210526315
0100 113.55863157894736
0001 113.62442105263158
1000 113.69021052631578
0100 113.75599999999999
0010 113.8217894736842
0100 113.88757894736841
1000 113.95336842105262
0010 114.01915789473684
0100 114.08494736842104
0001 114.15073684210526
0100 114.21652631578947
0001 114.28231578947367
1000 114.34810526315789
0100 114.4138947368421
0010 114.4796842105263
0001 114.54547368421052
0100 114.61126315789473
0010 114.67705263157895
1000 114.74284210526315
0100 114.80863157894736
1000 114.87442105263158
0001 114.94021052631578
0100 115.00599999999999
0001 115.0717894736842
0010 115.13757894736841
0100 115.20336842105263
1000 115.26915789473684
0010 115.33494736842104
0100 115.40073684210526
0001 115.46652631578947
0010 115.53231578947367
0100 115.59810526315789
0010 115.6638947368421
0001 115.72968421052632
0100 115.79547368421052
0010 115.86126315789473
1000 115.92705263157895
0100 115.99284210526315
1000 116.05863157894736
0100 116.12442105263158
0010 116.19021052631578
0001 116.256
0010 116.3217894736842
0100 116.38757894736841
1000 116.45336842105263
0010 116.51915789473684
0100 116.58494736842104
0001 116.65073684210526
1000 116.71652631578947
0001 116.78231578947369
2000 116.84810526315789
3001 117.90073684210526
0100 117.96652631578947
0010 118.03231578947369
1000 118.09810526315789
0010 118.1638947368421
0100 118.22968421052632
0001 118.29547368421052
0010 118.36126315789474
0100 118.42705263157895
0010 118.49284210526315
0001 118.55863157894737
0100 118.62442105263158
0010 118.69021052631578
1000 118.756
0100 118.8217894736842
0010 118.88757894736843
0002 118.95336842105263
0003 119.47968421052632
