TITLE Exciting Hyper Highspeed Star
BPM   180.15
NOTES
0100 2.6564462947543714
1001 2.9895020815986677
0010 3.3225578684429644
1001 3.6556136552872607
0100 3.988669442131557
1001 4.321725228975853
1000 4.6547810158201495
0002 4.8213089092422985
2003 4.987836802664446
3002 5.154364696086595
0203 5.320892589508743
0302 5.653948376353039
2003 5.903740216486262
3010 6.07026810990841
0100 6.1535320566194835
0010 6.236796003330558
0100 6.320059950041633
0001 6.403323896752706
0100 6.486587843463781
0010 6.569851790174854
1000 6.653115736885929
1000 6.819643630308077
0100 6.9029075770191515
0100 7.0694354704413
0010 7.152699417152373
0010 7.319227310574521
0001 7.402491257285596
1000 7.48575520399667
0001 7.569019150707744
0001 7.735547044129892
1000 7.818810990840967
0010 7.985338884263114
0010 8.151866777685264
0100 8.235130724396337
0100 8.401658617818486
0001 8.48492256452956
1000 8.568186511240633
0001 8.651450457951707
0010 8.734714404662782
0100 8.817978351373856
1000 8.90124229808493
1000 9.067770191507078
0100 9.151034138218153
1000 9.317562031640302
1000 9.495191784623927
0001 9.584006661115739
0001 9.761636414099364
1000 9.850451290591176
1000 10.028081043574801
0100 10.116895920066613
0010 10.294525673050238
0001 10.38334054954205
1000 10.472155426033863
0020 10.649785179017487
2030 10.982840965861783
3200 11.232632805995005
0310 11.399160699417154
0001 11.482424646128228
1000 11.565688592839301
0001 11.648952539550375
1000 11.73221648626145
0010 11.815480432972524
0100 11.898744379683599
0001 11.982008326394672
0001 12.14853621981682
1000 12.231800166527893
1000 12.398328059950043
0010 12.481592006661117
0010 12.648119900083264
0100 12.731383846794339
0010 12.814647793505413
1000 12.897911740216486
1000 13.064439633638635
0001 13.14770358034971
1000 13.314231473771859
1000 13.480759367194008
0100 13.56402331390508
0100 13.73055120732723
1000 13.813815154038304
0001 13.897079100749377
1000 13.980343047460451
0010 14.063606994171526
0100 14.1468709408826
0010 14.230134887593675
0010 14.396662781015822
1000 14.479926727726896
0001 14.646454621149044
0001 14.812982514571193
1000 14.896246461282265
1000 15.062774354704414
0100 15.146038301415489
1000 15.312566194837636
0011 15.645621981681932
2000 15.978677768526229
3200 16.311733555370527
0320 16.561525395503747
0031 16.728053288925896
1000 16.81131723563697
0001 16.894581182348045
1000 16.97784512905912
0100 17.061109075770194
0010 17.144373022481265
0001 17.22763696919234
0010 17.310900915903414
0010 17.477428809325563
0001 17.560692756036637
0001 17.727220649458783
1000 17.810484596169857
1000 17.977012489592006
0010 18.06027643630308
1000 18.143540383014155
0010 18.22680432972523
0010 18.39333222314738
0100 18.47659616985845
0001 18.643124063280602
0001 18.820753816264226
0010 18.90956869275604
0010 19.087198445739663
0100 19.176013322231476
1000 19.26482819872329
0100 19.3536430752151
0010 19.442457951706913
0001 19.531272828198727
0010 19.620087704690537
0010 19.70890258118235
0001 19.797717457674164
1000 19.975347210657787
1000 20.141875104079936
0001 20.22513905079101
0001 20.391666944213156
0100 20.47493089092423
0100 20.64145878434638
0010 20.724722731057454
1000 20.891250624479603
0001 21.05777851790175
0010 21.141042464612823
0200 21.307570358034972
2300 21.64062614487927
3020 21.89041798501249
1030 22.05694587843464
0001 22.140209825145714
1000 22.22347377185679
0100 22.306737718567863
1000 22.390001665278934
0100 22.47326561199001
0010 22.556529558701083
0001 22.639793505412158
0001 22.806321398834307
1000 22.88958534554538
1000 23.056113238967527
0010 23.1393771856786
0010 23.30590507910075
0100 23.389169025811825
0010 23.4724329725229
1000 23.555696919233974
1000 23.72222481265612
0001 23.805488759367194
0100 23.972016652789343
0100 24.149646405772966
0010 24.23846128226478
0010 24.416091035248403
1000 24.504905911740217
0001 24.59372078823203
1000 24.68253566472384
0100 24.771350541215654
0010 24.860165417707467
0001 24.948980294199277
0001 25.03779517069109
0010 25.126610047182904
0100 25.30423980016653
0100 25.47076769358868
1000 25.554031640299755
1000 25.7205595337219
0001 25.803823480432975
0100 25.970351373855124
0110 26.30340716069942
1010 26.636462947543716
0010 26.802990840965865
1000 26.969518734388014
0010 27.13604662781016
0100 27.30257452123231
0001 27.469102414654458
0010 27.635630308076607
0100 27.802158201498752
1000 28.13521398834305
0100 28.3017418817652
0010 28.468269775187345
0100 28.634797668609494
1000 28.801325562031643
0001 28.967853455453792
1000 29.134381348875937
0010 29.467437135720235
0100 29.633965029142384
0010 29.80049292256453
1000 29.96702081598668
0001 30.133548709408828
0100 30.300076602830977
0010 30.466604496253122
2000 30.63313238967527
3002 30.96618817651957
1003 31.299243963363864
0100 31.549035803497087
0010 31.632299750208162
0010 31.798827643630307
0001 31.965355537052456
0010 32.29841132389675
0200 32.4649392173189
0300 32.96452289758534
1000 33.46410657785179
0001 33.630634471273936
1000 33.797162364696085
0010 33.963690258118234
0100 34.130218151540376
0001 34.296746044962525
0100 34.463273938384674
0010 34.62980183180682
2000 34.79632972522897
3002 35.12938551207327
0013 35.962024979184015
0100 36.29508076602831
1000 36.62813655287261
0100 36.71140049958368
0010 36.79466444629475
0001 36.87792839300583
0010 36.9611923397169
0100 37.04445628642798
1000 37.12772023313905
0001 37.21098417985013
1000 37.2942481265612
0001 37.46077601998335
0100 37.6273039134055
0010 37.79383180682765
0100 37.960359700249796
0001 38.12688759367194
0010 38.29341548709409
0100 38.459943380516236
1000 38.792999167360534
0001 38.95952706078268
1000 39.12605495420483
0001 39.29258284762698
0100 39.45911074104912
0010 39.62563863447127
0100 39.79216652789342
0001 40.12522231473772
0100 40.29175020815987
0010 40.45827810158202
0100 40.62480599500417
0010 40.79133388842631
1000 40.95786178184846
0100 41.124389675270606
0020 41.290917568692755
0230 41.62397335553705
0310 41.95702914238135
0010 42.20682098251457
0100 42.29008492922564
0100 42.45661282264779
1000 42.62314071606994
0001 42.95619650291424
0200 43.12272439633639
0300 43.62230807660283
0010 44.121891756869275
1000 44.288419650291424
0001 44.45494754371357
1000 44.62147543713572
0001 44.78800333055786
0100 44.95453122398001
0010 45.12105911740216
1000 45.28758701082431
0200 45.45411490424646
0320 45.78717069109076
0031 46.619810158201496
0002 46.952865945045794
1003 47.28592173189009
0100 47.36918567860116
0010 47.452449625312234
0100 47.61897751873438
1000 47.78550541215653
0002 47.95203330557868
0013 48.28508909242298
0200 48.45161698584513
1300 48.78467277268942
1001 49.11772855953372
0002 49.617312239800164
2003 49.95036802664446
3002 50.28342381348875
2003 50.61647960033306
3010 50.949535387177356
0200 51.116063280599505
0301 51.449119067443796
1001 51.782174854288094
2000 52.28175853455454
3020 52.61481432139884
0230 52.94787010824313
0302 53.28092589508743
0013 53.613981681931726
0200 53.780509575353875
0310 54.113565362198166
0011 54.446621149042464
0002 54.94620482930891
2003 55.27926061615321
3002 55.6123164029975
1003 55.9453721898418
0001 56.11190008326395
0010 56.278427976686096
0100 56.444955870108245
1000 56.611483763530394
0100 57.111067443796834
0010 57.27759533721898
0001 57.44412323064113
1000 57.61065112406328
0001 57.77717901748543
0002 58.11023480432972
0023 58.27676269775187
0230 58.44329059117402
1300 58.60981848459617
0001 58.69308243130724
1000 58.77634637801832
0001 58.85961032472939
1000 58.942874271440466
0100 59.02613821815154
0010 59.109402164862615
0001 59.192666111573686
1000 59.275930058284764
0010 59.359194004995835
0100 59.442457951706906
0001 59.525721898417984
1000 59.608985845129055
0001 59.69224979184013
1000 59.775513738551204
0001 59.85877768526228
1000 59.94204163197335
0010 60.025305578684424
1000 60.1085695253955
0010 60.19183347210657
0100 60.27509741881765
0001 60.35836136552872
0100 60.4416253122398
0001 60.52488925895087
1000 60.60815320566195
0001 60.77468109908409
0010 60.94120899250624
0100 61.10773688592839
1100 61.27426477935054
1000 61.607320566194836
0011 61.940376353039134
0010 62.273432139883425
0001 62.60648792672772
0100 62.77301582014987
0010 62.93954371357202
1000 63.10607160699417
0001 63.27259950041632
0010 63.35586344712739
0100 63.43912739383846
1000 63.60565528726061
0001 63.77218318068276
1001 63.93871107410491
1000 64.27176686094921
1001 64.60482264779351
0001 64.93787843463781
0100 65.27093422148211
0001 65.43746211490425
1000 65.6039900083264
0001 65.77051790174855
0100 65.9370457951707
0010 66.02030974188177
1000 66.10357368859285
0010 66.270101582015
0100 66.43662947543714
0101 66.60315736885929
0001 66.93621315570358
0011 67.26926894254788
0010 67.60232472939218
0100 67.93538051623648
1000 68.10190840965862
0001 68.26843630308078
1000 68.43496419650292
0100 68.60149208992507
0100 68.76801998334722
0100 68.93454787676937
0100 69.10107577019151
0200 69.26760366361366
0300 70.26677102414655
1000 70.59982681099085
0001 70.76635470441299
1000 70.93288259783515
0100 71.09941049125729
0010 71.26593838467944
0001 71.34920233139052
0010 71.43246627810159
0100 71.59899417152374
1000 71.76552206494588
1001 71.93204995836804
0001 72.26510574521234
0101 72.59816153205664
0100 72.93121731890093
0001 73.26427310574522
1000 73.43080099916736
0100 73.59732889258952
1000 73.76385678601166
0001 73.93038467943381
0010 74.01364862614489
0001 74.09691257285596
1000 74.26344046627811
0010 74.42996835970025
1010 74.59649625312241
0001 74.92955203996671
1001 75.262607826811
1000 75.5956636136553
0010 75.92871940049959
0100 76.09524729392173
0001 76.26177518734389
0010 76.42830308076603
0100 76.59483097418818
1000 76.67809492089926
0001 76.76135886761033
0010 76.92788676103248
0100 77.09441465445462
1100 77.26094254787678
0010 77.59399833472108
1100 77.92705412156538
0001 78.26010990840967
2002 78.59316569525396
3003 78.92622148209826
0220 79.25927726894255
0330 79.59233305578685
2002 79.92538884263115
3003 81.25761199000833
0002 82.09025145711907
2003 82.25677935054122
3200 82.42330724396336
2300 82.58983513738552
3200 82.92289092422982
0320 83.17268276436305
0031 83.33921065778519
1000 83.42247460449626
0100 83.50573855120733
0010 83.58900249791841
0001 83.67226644462949
1000 83.75553039134056
0010 83.83879433805163
1000 83.9220582847627
1000 84.08858617818484
0010 84.17185012489593
0010 84.33837801831807
1000 84.42164196502914
1000 84.5881698584513
0100 84.67143380516237
0010 84.75469775187344
0001 84.83796169858451
0001 85.00448959200666
0010 85.08775353871773
0001 85.25428143213989
0001 85.42080932556203
0010 85.50407327227312
0010 85.67060116569526
0100 85.75386511240633
1000 85.83712905911742
0001 85.92039300582849
1000 86.00365695253956
0001 86.08692089925063
0100 86.1701848459617
0100 86.33671273938386
0010 86.41997668609493
0100 86.58650457951708
0100 86.75303247293922
0001 86.83629641965031
0001 87.00282431307245
0010 87.08608825978352
0010 87.25261615320568
0100 87.33588009991675
0010 87.50240799333889
0100 87.66893588676105
0010 87.75219983347212
0002 87.91872772689426
0203 88.25178351373856
0320 88.50157535387179
1030 88.66810324729393
0100 88.751367194005
1000 88.83463114071607
0100 88.91789508742715
1000 89.00115903413823
0001 89.0844229808493
0100 89.16768692756037
0010 89.25095087427145
0010 89.4174787676936
1000 89.50074271440468
1000 89.66727060782682
0001 89.7505345545379
0001 89.91706244796005
0010 90.00032639467112
0100 90.08359034138219
1000 90.16685428809326
1000 90.33338218151542
0010 90.41664612822649
0100 90.58317402164863
0100 90.74970191507077
0010 90.83296586178186
0010 90.999493755204
1000 91.08275770191507
0001 91.16602164862616
0010 91.24928559533723
0100 91.3325495420483
1000 91.41581348875937
0001 91.49907743547044
0001 91.6656053288926
1000 91.74886927560367
0010 91.91539716902582
0010 92.08192506244797
0100 92.16518900915905
0100 92.33171690258119
0001 92.41498084929226
1000 92.58150874271442
1001 92.91456452955872
0002 93.247620316403
2003 93.5806761032473
3200 93.83046794338053
0310 93.99699583680267
0001 94.08025978351374
1000 94.16352373022481
0100 94.2467876769359
0010 94.33005162364697
0100 94.41331557035804
1000 94.49657951706911
0100 94.5798434637802
0100 94.74637135720234
1000 94.82963530391342
1000 94.99616319733556
0010 95.07942714404663
0010 95.24595503746879
1000 95.32921898417986
0001 95.41248293089093
0010 95.495746877602
0010 95.66227477102416
0100 95.74553871773523
0010 95.91206661115737
0010 96.07859450457951
0001 96.1618584512906
0001 96.32838634471274
1000 96.41165029142381
0010 96.4949142381349
0100 96.57817818484597
0010 96.66144213155704
1000 96.74470607826811
0001 96.82797002497918
0001 96.99449791840134
0100 97.07776186511241
0010 97.24428975853456
0010 97.4108176519567
0100 97.49408159866779
0100 97.66060949208993
0001 97.743873438801
0001 97.91040133222316
0010 97.99366527893423
0100 98.16019317235637
1000 98.32672106577853
0001 98.4099850124896
2000 98.57651290591174
3200 98.90956869275604
0320 99.15936053288927
0031 99.32588842631141
1000 99.40915237302248
0100 99.49241631973355
0010 99.57568026644464
0100 99.6589442131557
0010 99.74220815986678
0100 99.82547210657785
1000 99.90873605328893
1000 100.07526394671108
0010 100.15852789342216
0010 100.3250557868443
1000 100.40831973355537
1000 100.57484762697753
0100 100.6581115736886
0010 100.74137552039967
0001 100.82463946711074
0001 100.9911673605329
0010 101.07443130724397
0001 101.24095920066613
0001 101.41858895364975
0100 101.50740383014157
0100 101.68503358312519
0001 101.773848459617
1000 101.86266333610881
0100 101.95147821260062
1000 102.04029308909244
0001 102.12910796558425
0010 102.21792284207606
0010 102.30673771856787
0100 102.39555259505968
1000 102.5731823480433
1000 102.73971024146545
0001 102.82297418817653
0001 102.98950208159867
1000 103.07276602830974
0001 103.2392939217319
0110 103.5723497085762
1001 103.9054054954205
