TITLE Family Dondon
BPM   122.0
NOTES
1000 10.962065573770492
0001 11.207967213114754
0010 11.330918032786885
0001 11.453868852459015
0100 11.699770491803278
0010 11.82272131147541
0100 11.945672131147541
0001 12.191573770491804
1000 12.437475409836065
0001 12.683377049180327
1000 12.929278688524589
0100 13.175180327868851
0010 13.298131147540982
0001 13.421081967213112
0010 13.666983606557375
0100 13.789934426229506
1000 13.912885245901638
0010 14.1587868852459
0100 14.281737704918031
0001 14.404688524590162
0100 14.466163934426229
0001 14.527639344262294
0100 14.58911475409836
0010 14.650590163934424
1000 14.71206557377049
0010 14.773540983606555
1000 14.835016393442622
0001 14.896491803278687
0010 15.14239344262295
0100 15.26534426229508
1000 15.388295081967211
0001 15.634196721311474
0100 15.757147540983604
0010 15.880098360655737
1000 16.126
0010 16.371901639344262
0100 16.617803278688523
0001 16.863704918032788
0010 16.98665573770492
0100 17.10960655737705
1000 17.232557377049183
0100 17.355508196721313
0010 17.601409836065574
0001 17.724360655737705
1000 17.847311475409835
0100 17.908786885245902
1000 17.97026229508197
0100 18.031737704918033
0010 18.0932131147541
0001 18.154688524590163
0010 18.21616393442623
0001 18.277639344262298
1000 18.33911475409836
0010 18.585016393442626
0100 18.830918032786887
0001 19.076819672131148
0010 19.19977049180328
0100 19.322721311475412
0010 19.568622950819673
0001 19.691573770491804
0100 19.814524590163934
0010 20.0604262295082
1000 20.30632786885246
0100 20.55222950819672
0010 20.798131147540985
0001 21.044032786885246
1000 21.16698360655738
0010 21.28993442622951
0100 21.535836065573772
0010 21.658786885245902
0100 21.781737704918033
0001 22.027639344262298
1000 22.150590163934428
0010 22.27354098360656
0100 22.335016393442626
0010 22.39649180327869
0100 22.457967213114756
0001 22.519442622950823
1000 22.580918032786887
0001 22.642393442622954
1000 22.703868852459017
0001 22.765344262295084
0010 23.011245901639345
0100 23.13419672131148
1000 23.25714754098361
0100 23.50304918032787
0010 23.626
0001 23.74895081967213
1000 23.994852459016396
0001 24.240754098360657
0100 24.48665573770492
0001 24.73255737704918
1000 24.794032786885246
0001 24.85550819672131
1000 24.916983606557377
0001 24.97845901639344
1000 25.039934426229507
0001 25.101409836065574
0100 25.224360655737705
0010 25.470262295081966
1000 25.716163934426227
0001 25.96206557377049
0100 26.044032786885246
0010 26.125999999999998
1000 26.207967213114753
0010 26.289934426229507
0100 26.371901639344262
0001 26.453868852459014
1000 26.53583606557377
0001 26.617803278688523
1000 26.699770491803278
0010 26.94567213114754
1000 27.068622950819673
0010 27.191573770491804
0100 27.437475409836065
0010 27.683377049180326
1000 27.80632786885246
0010 27.92927868852459
0100 28.17518032786885
0001 28.421081967213116
1000 28.666983606557377
0100 28.912885245901638
0010 29.035836065573772
0001 29.158786885245902
0100 29.404688524590163
0001 29.650590163934424
0100 29.89649180327869
0001 30.14239344262295
0010 30.203868852459017
0100 30.26534426229508
1000 30.326819672131148
0001 30.38829508196721
0010 30.449770491803278
0100 30.511245901639345
1000 30.57272131147541
0001 30.634196721311476
1000 30.880098360655737
0010 31.126
0100 31.24895081967213
0001 31.371901639344262
0100 31.617803278688523
0001 31.740754098360657
1000 31.863704918032788
0100 32.10960655737705
0010 32.35550819672131
0001 32.60140983606557
0010 32.84731147540983
0100 32.970262295081966
1000 33.0932131147541
0010 33.33911475409836
0100 33.58501639344262
0001 33.83091803278688
0010 33.95386885245902
0100 34.076819672131144
1000 34.322721311475405
0001 34.568622950819666
0100 34.81452459016393
0010 34.93747540983606
1000 35.06042622950819
0001 35.306327868852456
1000 35.55222950819672
0010 35.63419672131147
0100 35.71616393442623
0001 35.79813114754098
0100 35.88009836065573
0010 35.96206557377049
1000 36.04403278688524
0010 36.12599999999999
0100 36.20796721311475
0001 36.2899344262295
0100 36.37190163934426
0010 36.45386885245901
1000 36.53583606557377
0100 36.78173770491803
0010 36.90468852459016
0001 37.02763934426229
1000 37.27354098360656
0001 37.51944262295082
0010 37.60140983606557
0100 37.68337704918033
1000 37.76534426229508
0100 37.84731147540983
0010 37.92927868852459
0001 38.01124590163934
0010 38.09321311475409
0100 38.17518032786885
1000 38.2571475409836
0100 38.33911475409836
0010 38.42108196721311
0001 38.503049180327864
1000 38.748950819672125
0001 38.87190163934426
1000 38.994852459016386
0100 39.240754098360654
0010 39.486655737704915
0100 39.60960655737704
0010 39.732557377049176
0001 39.97845901639344
0100 40.2243606557377
0001 40.470262295081966
1000 40.71616393442623
0100 40.77763934426229
0010 40.83911475409836
0001 40.900590163934424
1000 40.96206557377049
0100 41.02354098360656
1000 41.08501639344262
0100 41.146491803278685
0010 41.207967213114756
0001 41.26944262295082
0010 41.33091803278688
0001 41.39239344262295
1000 41.45386885245902
0010 41.51534426229508
1000 41.576819672131144
0010 41.638295081967215
0100 41.69977049180328
0001 41.76124590163934
0100 41.82272131147541
0001 41.884196721311476
1000 41.94567213114754
0001 42.0071475409836
1000 42.06862295081967
0001 42.13009836065574
0100 42.1915737704918
0010 42.25304918032787
0100 42.314524590163934
0010 42.376
1000 42.43747540983606
0001 42.68337704918032
1000 42.92927868852458
0001 43.17518032786885
0100 43.42108196721311
0001 43.66698360655737
1000 43.912885245901634
0010 44.158786885245895
1000 44.40468852459016
0001 44.650590163934424
0010 44.77354098360656
0100 44.896491803278685
1000 45.142393442622954
0100 45.26534426229508
0010 45.388295081967215
0001 45.634196721311476
1000 45.7571475409836
0001 45.88009836065574
1000 46.126
0010 46.37190163934426
0100 46.61780327868852
0001 46.86370491803278
1000 47.10960655737705
0001 47.35550819672131
0010 47.60140983606557
0100 47.84731147540983
1000 48.09321311475409
0001 48.339114754098354
0100 48.585016393442615
0010 48.70796721311475
0100 48.830918032786876
0001 49.076819672131144
1000 49.19977049180327
0001 49.322721311475405
0100 49.568622950819666
0010 49.69157377049179
0100 49.81452459016393
0001 50.06042622950819
1000 50.306327868852456
0100 50.55222950819672
0010 50.67518032786885
0001 50.79813114754098
0010 51.044032786885246
0100 51.28993442622951
1000 51.53583606557377
0001 51.78173770491803
0100 51.90468852459016
0010 52.02763934426229
1000 52.150590163934424
0010 52.27354098360655
0100 52.51944262295081
0001 52.64239344262295
0100 52.76534426229507
0001 53.01124590163934
1000 53.2571475409836
0001 53.318622950819666
1000 53.38009836065573
0001 53.4415737704918
1000 53.503049180327864
0001 53.56452459016393
1000 53.626
0001 53.68747540983606
1000 53.748950819672125
0001 53.81042622950819
1000 53.87190163934426
0001 53.93337704918032
1000 53.994852459016386
0010 54.11780327868852
0100 54.240754098360654
0001 54.486655737704915
1000 54.732557377049176
0010 54.978459016393444
0200 55.224360655737705
0302 55.71616393442623
2003 56.20796721311475
3001 57.1915737704918
0010 57.253049180327864
0001 57.31452459016393
0010 57.376
0001 57.43747540983606
0010 57.498950819672125
0001 57.56042622950819
0010 57.68337704918032
0001 57.92927868852458
1000 57.990754098360654
0001 58.05222950819672
1000 58.11370491803278
0001 58.17518032786885
1000 58.42108196721311
0001 58.66698360655737
0001 58.78993442622951
1000 58.91288524590164
0001 59.1587868852459
1000 59.40468852459016
0001 59.650590163934424
0001 59.77354098360656
1000 59.896491803278685
0010 60.14239344262295
1000 60.38829508196721
0010 60.63419672131147
0010 60.7571475409836
1000 60.88009836065574
0010 61.126
1000 61.37190163934426
0010 61.61780327868852
0010 61.740754098360654
1000 61.86370491803278
0001 62.10960655737705
0100 62.35550819672131
0001 62.60140983606557
0001 62.724360655737705
0100 62.84731147540984
0001 63.0932131147541
0100 63.33911475409836
0001 63.58501639344262
0001 63.707967213114756
0100 63.83091803278688
0010 64.07681967213115
2000 64.3227213114754
3100 64.81452459016394
0010 64.89649180327869
0001 64.97845901639344
1000 65.0604262295082
0001 65.14239344262296
0100 65.22436065573771
0010 65.30632786885246
1000 65.38829508196721
0001 65.47026229508197
0010 65.55222950819673
0100 65.63419672131148
1000 65.71616393442623
0100 65.79813114754099
0010 65.88009836065574
0001 65.9620655737705
1000 66.04403278688525
0100 66.10550819672132
1000 66.16698360655738
0100 66.22845901639344
0010 66.28993442622952
0001 66.35140983606559
0010 66.41288524590165
0001 66.47436065573771
1000 66.53583606557378
0001 66.59731147540984
1000 66.6587868852459
0001 66.72026229508198
0100 66.78173770491804
0010 67.0276393442623
1000 67.08911475409838
0010 67.15059016393444
1000 67.2120655737705
0001 67.27354098360657
0100 67.33501639344263
0001 67.39649180327869
0100 67.45796721311476
0001 67.51944262295083
0010 67.76534426229509
0100 67.82681967213115
1000 67.88829508196721
0100 67.94977049180329
0010 68.01124590163934
0100 68.0727213114754
1000 68.13419672131147
0100 68.19567213114753
0010 68.25714754098361
0100 68.31862295081967
1000 68.38009836065574
0100 68.4415737704918
0010 68.50304918032786
0001 68.62599999999999
1000 68.74895081967213
0010 68.87190163934426
0100 68.99485245901639
0001 69.11780327868853
0010 69.24075409836065
0100 69.36370491803278
1000 69.48665573770492
0010 69.60960655737705
0100 69.73255737704918
0001 69.8555081967213
1000 69.97845901639344
0001 70.03993442622951
1000 70.10140983606557
0001 70.16288524590163
1000 70.22436065573771
0001 70.28583606557378
1000 70.34731147540984
0001 70.4087868852459
0100 70.47026229508197
0001 70.53173770491803
0100 70.59321311475409
0001 70.65468852459017
0100 70.71616393442623
0001 70.7776393442623
0100 70.83911475409836
0001 70.90059016393442
1000 70.96206557377049
0010 71.02354098360655
1000 71.08501639344263
0010 71.14649180327869
1000 71.20796721311476
0010 71.26944262295082
1000 71.33091803278688
0010 71.39239344262295
0100 71.45386885245902
0010 71.51534426229509
0100 71.57681967213115
0010 71.63829508196721
0100 71.69977049180328
0010 71.76124590163934
0100 71.8227213114754
0010 71.88419672131148
1000 71.94567213114755
0001 72.00714754098361
1000 72.06862295081967
0001 72.13009836065574
1000 72.19157377049181
0001 72.25304918032788
1000 72.31452459016394
0001 72.376
1000 72.43747540983607
0100 72.5604262295082
0010 72.68337704918034
0001 72.80632786885246
0010 72.92927868852459
0100 73.05222950819673
1000 73.17518032786886
0001 73.29813114754099
1000 73.42108196721313
0100 73.48255737704919
0010 73.54403278688525
0001 73.60550819672132
1000 73.66698360655738
0001 73.72845901639344
0010 73.78993442622951
0100 73.85140983606559
1000 73.91288524590165
0001 73.97436065573771
1000 74.03583606557378
0001 74.09731147540984
1000 74.15878688524592
0001 74.22026229508198
1000 74.28173770491804
0001 74.3432131147541
1000 74.40468852459017
0100 74.46616393442623
1000 74.5276393442623
0100 74.58911475409838
1000 74.65059016393444
0001 74.7120655737705
1000 74.77354098360657
0001 74.83501639344263
0010 74.89649180327869
0001 74.95796721311476
0010 75.01944262295083
0001 75.0809180327869
1000 75.14239344262296
0010 75.20386885245902
1000 75.26534426229509
0010 75.32681967213115
1000 75.38829508196723
0010 75.44977049180329
1000 75.51124590163936
0010 75.57272131147542
1000 75.63419672131148
0001 75.69567213114755
1000 75.75714754098361
0001 75.81862295081969
1000 75.88009836065574
0001 75.9415737704918
1000 76.00304918032786
0001 76.06452459016393
1000 76.126
0100 76.18747540983607
0010 76.24895081967213
0001 76.3104262295082
1000 76.37190163934426
0100 76.43337704918032
1000 76.49485245901639
0100 76.55632786885246
1000 76.61780327868853
0100 76.67927868852459
1000 76.74075409836065
0100 76.80222950819672
0010 76.86370491803278
0001 76.92518032786884
0010 76.98665573770492
0001 77.04813114754099
0010 77.10960655737705
0001 77.17108196721311
0010 77.23255737704918
0001 77.29403278688524
0010 77.35550819672132
0001 77.41698360655738
0010 77.47845901639344
0001 77.53993442622951
0010 77.60140983606557
0001 77.66288524590163
0010 77.7243606557377
0001 77.78583606557378
1000 77.84731147540984
0001 77.9087868852459
1000 77.97026229508197
0001 78.03173770491803
1000 78.0932131147541
0001 78.15468852459017
1000 78.21616393442623
0001 78.2776393442623
1000 78.33911475409836
0100 78.40059016393442
1000 78.46206557377049
0100 78.52354098360657
1000 78.58501639344263
0100 78.64649180327869
1000 78.70796721311476
0100 78.76944262295082
0010 78.83091803278688
0001 78.89239344262296
0010 78.95386885245902
0001 79.01534426229509
0010 79.07681967213115
0001 79.13829508196721
0010 79.19977049180328
0001 79.26124590163934
1000 79.32272131147542
0001 79.38419672131148
1000 79.44567213114755
0001 79.50714754098361
1000 79.56862295081967
0001 79.63009836065574
1000 79.6915737704918
0001 79.75304918032788
1000 79.81452459016394
0100 79.876
1000 79.93747540983607
0100 79.99895081967213
1000 80.06042622950821
0100 80.12190163934427
1000 80.18337704918034
0100 80.2448524590164
0010 80.30632786885246
0001 80.36780327868853
0010 80.42927868852459
0001 80.49075409836067
0010 80.55222950819673
0001 80.6137049180328
0010 80.67518032786886
0001 80.73665573770492
1000 80.79813114754099
0010 80.85960655737705
1000 80.92108196721313
0010 80.98255737704919
1000 81.04403278688525
0010 81.10550819672132
1000 81.16698360655738
0010 81.22845901639344
0100 81.28993442622952
0010 81.35140983606559
0100 81.41288524590165
0010 81.47436065573771
0100 81.53583606557378
0010 81.59731147540984
0100 81.6587868852459
0010 81.72026229508198
1000 81.78173770491803
0001 82.0276393442623
1000 82.27354098360655
0100 82.39649180327868
0010 82.64239344262295
0001 82.76534426229507
1000 82.88829508196721
0100 82.94977049180328
1000 83.01124590163934
0001 83.13419672131147
0100 83.25714754098361
0010 83.38009836065574
1000 83.50304918032786
0100 83.62599999999999
0010 83.74895081967213
0001 83.9948524590164
1000 84.24075409836065
0100 84.36370491803278
1000 84.60960655737705
0100 84.73255737704918
0010 84.85550819672132
0001 84.97845901639344
0010 85.03993442622951
0100 85.10140983606557
1000 85.16288524590163
0001 85.22436065573771
1000 85.34731147540984
0001 85.47026229508197
1000 85.59321311475409
0001 85.71616393442623
0100 85.9620655737705
0010 86.20796721311476
1000 86.33091803278688
0100 86.57681967213115
0010 86.69977049180328
0001 86.82272131147542
1000 86.94567213114755
0100 87.06862295081967
0010 87.19157377049181
0001 87.25304918032788
0010 87.31452459016394
0001 87.43747540983607
0100 87.5604262295082
0010 87.68337704918034
1000 87.9292786885246
0100 88.17518032786886
0010 88.29813114754099
0001 88.54403278688525
1000 88.66698360655738
0001 88.78993442622952
1000 88.85140983606559
0001 88.91288524590165
1000 88.97436065573771
0001 89.03583606557378
1000 89.09731147540984
0001 89.15878688524592
0010 89.28173770491804
0100 89.40468852459017
1000 89.5276393442623
0001 89.65059016393442
1000 89.89649180327869
0010 90.14239344262295
0100 90.26534426229507
0001 90.38829508196721
1000 90.63419672131147
0100 90.75714754098361
0010 90.81862295081967
0001 90.88009836065574
0010 91.00304918032786
0100 91.126
1000 91.24895081967213
0001 91.37190163934426
0100 91.43337704918032
0010 91.49485245901639
0100 91.61780327868853
0001 91.8637049180328
1000 92.10960655737705
0100 92.23255737704918
0010 92.35550819672132
0001 92.60140983606557
1000 92.72436065573771
0001 92.84731147540984
0100 92.9087868852459
0001 92.97026229508197
0100 93.03173770491803
0010 93.0932131147541
1000 93.21616393442623
0100 93.33911475409836
0010 93.58501639344263
0001 93.8309180327869
1000 94.07681967213115
0100 94.19977049180328
0010 94.32272131147542
0001 94.56862295081967
0100 94.69157377049181
0010 94.75304918032788
0100 94.81452459016394
0001 94.93747540983607
1000 95.06042622950821
0100 95.12190163934427
1000 95.18337704918034
0100 95.2448524590164
1000 95.30632786885246
0001 95.55222950819672
0010 95.61370491803278
0001 95.67518032786884
0010 95.73665573770491
0001 95.79813114754099
0010 95.85960655737705
0001 95.92108196721311
0010 95.98255737704918
0100 96.04403278688524
1000 96.1055081967213
0100 96.16698360655737
1000 96.22845901639344
0100 96.28993442622951
1000 96.35140983606557
0100 96.41288524590163
1000 96.4743606557377
0001 96.53583606557376
1000 96.59731147540984
0001 96.6587868852459
1000 96.72026229508197
0001 96.78173770491803
1000 96.84321311475409
0001 96.90468852459016
1000 96.96616393442622
0001 97.0276393442623
0100 97.08911475409836
0001 97.15059016393442
0100 97.21206557377049
0001 97.27354098360655
0100 97.33501639344261
0001 97.39649180327868
0100 97.45796721311476
0001 97.51944262295082
1000 97.58091803278688
0001 97.64239344262295
1000 97.70386885245901
0001 97.76534426229509
1000 97.82681967213115
0001 97.88829508196721
1000 97.94977049180328
0001 98.01124590163934
0010 98.0727213114754
0001 98.13419672131147
0010 98.19567213114755
0001 98.25714754098361
0010 98.31862295081967
0001 98.38009836065574
0010 98.4415737704918
0001 98.50304918032786
0010 98.56452459016393
0100 98.626
1000 98.68747540983607
0001 98.74895081967213
0010 98.8104262295082
0100 98.87190163934426
1000 98.93337704918032
0001 98.9948524590164
0100 99.05632786885246
0010 99.11780327868853
1000 99.17927868852459
0001 99.24075409836065
0100 99.30222950819672
0010 99.36370491803278
1000 99.42518032786886
0001 99.48665573770492
1000 99.97845901639344
0001 100.47026229508197
1000 100.9620655737705
0001 101.02354098360657
1000 101.08501639344263
0001 101.14649180327869
1000 101.20796721311476
0001 101.26944262295082
1000 101.33091803278688
0001 101.39239344262296
1000 101.45386885245902
0100 101.69977049180329
0010 101.94567213114755
0100 102.19157377049181
1000 102.43747540983607
0100 102.68337704918034
0010 102.9292786885246
0001 103.17518032786886
1000 103.42108196721311
0001 103.66698360655738
1000 103.78993442622951
0100 103.91288524590163
1000 104.1587868852459
0010 104.28173770491803
0100 104.40468852459016
0010 104.65059016393442
1000 104.77354098360655
0001 104.89649180327869
0010 105.14239344262295
0100 105.38829508196721
1000 105.63419672131148
0100 105.88009836065574
0010 106.126
0001 106.37190163934426
1000 106.61780327868853
0001 106.8637049180328
1000 107.10960655737705
0010 107.35550819672132
1000 107.60140983606559
0010 107.72436065573771
0100 107.84731147540984
0001 108.0932131147541
0010 108.21616393442623
0100 108.33911475409836
1000 108.58501639344263
0010 108.70796721311476
1000 108.8309180327869
0010 109.07681967213115
1000 109.32272131147542
0001 109.56862295081969
0010 109.69157377049181
0100 109.81452459016394
1000 110.06042622950821
0001 110.30632786885246
0100 110.55222950819673
0010 110.798131147541
1000 110.92108196721313
0001 111.04403278688525
0010 111.16698360655738
0100 111.28993442622951
1000 111.53583606557378
0100 111.6587868852459
0010 111.78173770491803
0001 112.0276393442623
0100 112.27354098360655
0010 112.33501639344263
0100 112.39649180327869
0010 112.45796721311476
0100 112.51944262295082
0010 112.58091803278688
0100 112.64239344262295
0010 112.70386885245901
0100 112.76534426229509
0010 112.82681967213115
0100 112.88829508196721
0010 112.94977049180328
0100 113.01124590163934
0001 113.13419672131147
1000 113.25714754098361
0010 113.50304918032788
1000 113.74895081967213
0010 113.9948524590164
0200 114.24075409836065
0302 114.73255737704919
2003 115.22436065573771
3001 116.20796721311476
1000 116.45386885245902
0010 116.57681967213115
0100 116.69977049180329
0001 116.82272131147542
0100 116.94567213114755
0010 117.06862295081967
1000 117.1915737704918
0100 117.43747540983607
0010 117.5604262295082
0001 117.68337704918032
1000 117.92927868852459
0001 118.05222950819672
1000 118.17518032786884
0100 118.42108196721311
0010 118.66698360655738
0001 118.78993442622951
0010 118.91288524590163
0100 119.03583606557376
0010 119.1587868852459
0001 119.40468852459017
1000 119.5276393442623
0001 119.65059016393442
0100 119.89649180327869
0010 120.14239344262295
1000 120.20386885245901
0010 120.26534426229509
1000 120.32681967213115
0010 120.38829508196721
1000 120.44977049180328
0010 120.51124590163934
1000 120.5727213114754
0010 120.63419672131148
1000 120.69567213114755
0010 120.75714754098361
1000 120.81862295081967
0010 120.88009836065574
0100 121.00304918032786
0001 121.126
0010 121.37190163934427
0100 121.61780327868853
1000 121.8637049180328
0002 122.10960655737705
0203 122.60140983606559
0310 123.0932131147541
1000 123.33911475409838
0100 123.4620655737705
0010 123.58501639344263
0001 123.8309180327869
1000 124.07681967213115
0001 124.32272131147542
0100 124.56862295081969
0010 124.69157377049181
0100 124.81452459016394
0001 125.0604262295082
1000 125.30632786885246
0100 125.42927868852459
0010 125.55222950819672
0001 125.79813114754099
0100 126.04403278688524
0010 126.16698360655738
0100 126.28993442622951
0001 126.41288524590163
1000 126.53583606557378
0100 126.6587868852459
0010 126.78173770491803
0001 126.90468852459016
1000 127.0276393442623
0100 127.08911475409836
1000 127.15059016393442
0100 127.21206557377049
1000 127.27354098360657
0100 127.33501639344263
1000 127.39649180327869
0100 127.45796721311476
1000 127.51944262295082
0001 127.58091803278688
1000 127.64239344262295
0001 127.70386885245902
1000 127.76534426229509
0001 127.82681967213115
1000 127.88829508196721
0001 127.94977049180328
1000 128.01124590163934
0010 128.07272131147542
1000 128.13419672131147
0010 128.19567213114755
1000 128.2571475409836
0010 128.31862295081967
1000 128.38009836065572
0010 128.4415737704918
1000 128.50304918032788
0001 128.56452459016393
1000 128.626
0001 128.68747540983605
1000 128.74895081967213
0001 128.81042622950818
1000 128.87190163934426
0001 128.93337704918034
1000 128.99485245901639
0100 129.05632786885246
0010 129.1178032786885
0001 129.1792786885246
1000 129.24075409836067
0100 129.30222950819672
0010 129.3637049180328
0001 129.42518032786887
1000 129.48665573770492
0010 129.548131147541
0100 129.60960655737705
0001 129.67108196721313
1000 129.73255737704918
0010 129.79403278688525
0100 129.85550819672133
0001 129.91698360655738
1000 129.97845901639346
