TITLE Feel Ma Beat
BPM   200.0
NOTES
0001 9.044
1000 9.119000000000002
0001 9.194
0010 9.344000000000001
0001 9.494000000000002
1001 9.794
1000 9.944
0010 10.094000000000001
0100 10.244
0001 10.394
0010 10.694
0100 10.844000000000001
1000 10.994
0001 11.144
0100 11.294
0001 11.443999999999999
1000 11.594
0100 11.744
0100 11.894
0010 12.044
0001 12.194
1000 12.344000000000001
0010 12.494000000000002
1000 12.644
0001 12.794
0010 13.094000000000001
0100 13.244000000000002
1000 13.394
0100 13.544
1000 13.694
0001 13.844
0100 13.994
0010 14.144
1010 14.294
1001 14.594
1000 14.744
0010 14.894
0100 15.043999999999999
0001 15.193999999999999
0010 15.494
0100 15.644
1000 15.794
0001 15.944
0100 16.094
0010 16.244
1000 16.394
0100 16.544
0100 16.694
0010 16.843999999999998
0001 16.994
1000 17.144
0001 17.294
0100 17.444
0010 17.594
1000 17.894
0100 18.044
0010 18.194
0001 18.343999999999998
1000 18.494
0010 18.644
1000 18.794
0001 18.944
0001 19.093999999999998
0010 19.244
0100 19.394
1000 19.543999999999997
0001 19.843999999999998
1000 19.994
0010 20.293999999999997
0100 20.444
0001 20.743999999999996
0010 21.043999999999997
0100 21.194
1000 21.343999999999998
0100 21.493999999999996
1000 21.644
0001 21.793999999999997
0100 21.943999999999996
0010 22.243999999999996
1000 22.394
0100 22.693999999999996
0010 22.843999999999998
0001 23.144
1000 23.444
0001 23.594
0100 23.744
0010 23.894
1000 24.044
0001 24.194
0010 24.343999999999998
0100 24.644
1000 24.794
0001 25.093999999999998
0100 25.244
0010 25.543999999999997
1000 25.843999999999998
0100 25.994
0010 26.144
0100 26.293999999999997
1000 26.444
0001 26.593999999999998
0100 26.743999999999996
0010 27.043999999999997
1000 27.194
0001 27.493999999999996
0010 27.644
0001 27.943999999999996
0100 28.243999999999996
0010 28.394
1000 28.543999999999997
0001 28.693999999999996
1000 28.843999999999998
0100 28.993999999999996
0010 29.143999999999995
0001 29.443999999999996
1000 29.593999999999998
0010 29.893999999999995
0100 30.043999999999997
0001 30.343999999999998
1000 30.644
0010 30.794
0100 30.944
0010 31.093999999999998
1000 31.244
0001 31.394
0010 31.543999999999997
0100 31.843999999999998
0010 31.994
0001 32.294000000000004
1000 32.444
0010 32.744
1000 33.044000000000004
0100 33.194
0010 33.344
0001 33.494
1000 33.644
0001 33.794000000000004
1000 33.944
0010 34.24400000000001
1000 34.394000000000005
0100 34.694
0010 34.844
0001 35.144
1000 35.444
0001 35.594
0100 35.744
0010 35.894
1000 36.044
0100 36.194
0010 36.344
0001 36.644000000000005
0100 36.794000000000004
0001 37.094
1000 37.244
0001 37.57861538461538
0010 37.763230769230766
0010 37.85553846153846
0100 38.04015384615384
0100 38.132461538461534
0010 38.31707692307692
0010 38.40938461538461
1000 38.594
0100 38.744
0010 38.894
0001 39.044000000000004
1001 39.194
1000 39.494
0010 39.644
0110 39.794000000000004
0100 40.094
0101 40.24400000000001
0001 40.544000000000004
1000 40.694
0010 40.844
1010 40.994
1000 41.144
0100 41.294
0010 41.444
0011 41.594
0001 41.894
1000 42.044
1010 42.194
0010 42.494
0110 42.644000000000005
0100 42.944
0001 43.094
1000 43.244
1001 43.394
0001 43.544
0010 43.693999999999996
0200 43.994
0310 44.294
0200 44.594
1300 44.894
0001 45.494
1000 45.644
1001 45.794000000000004
0001 45.944
0010 46.094
0100 46.24400000000001
1000 46.844
0001 46.994
0010 47.144
0100 47.294
1000 47.594
0001 47.744
1000 47.894
0001 48.044
0101 48.194
0100 48.344
0010 48.494
1000 48.644000000000005
1001 48.794000000000004
0001 49.094
0010 49.244
0110 49.394
0100 49.693999999999996
1100 49.844
1000 50.144
0001 50.294
0100 50.443999999999996
0101 50.594
0001 50.744
0010 50.894
0100 51.044000000000004
1100 51.194
1000 51.494
0001 51.644
0101 51.794000000000004
0100 52.094
0110 52.24400000000001
0010 52.544000000000004
1000 52.694
0100 52.844
1100 52.994
1000 53.144
0001 53.294
0200 53.594
0310 53.894
0200 54.194
0301 54.494
1000 55.094
0100 55.244
0110 55.394
0010 55.544
0001 55.693999999999996
1001 55.844
1010 56.294
1000 56.443999999999996
0100 56.594
0010 56.744
0001 56.894
1000 57.044000000000004
0001 57.119
0100 57.194
0010 57.344
1000 57.494
0100 57.644
0010 57.794
0001 57.943999999999996
1000 58.244
0001 58.394
1000 58.693999999999996
0010 58.843999999999994
0100 59.144
0001 59.444
0010 59.594
0100 59.744
0100 59.894
1000 60.044
0001 60.194
0100 60.344
0010 60.644000000000005
1000 60.794000000000004
0001 61.094
1000 61.244
0100 61.544
0010 61.844
0001 61.994
0010 62.094
0100 62.193999999999996
1000 62.294
0001 62.394
0100 62.494
0010 62.594
1000 62.694
0100 62.794000000000004
0010 62.894
0001 62.994
1000 63.094
0001 63.194
0100 63.294000000000004
0010 63.394
1000 63.494
0100 63.594
0010 63.694
0100 63.794
1000 63.894
0010 63.994
0100 64.094
0001 64.19399999999999
1000 64.294
0100 64.39399999999999
1000 64.494
0010 64.594
0100 64.694
0001 64.794
1000 64.89399999999999
0001 64.994
0010 65.069
0100 65.144
1000 65.219
0001 65.294
0100 65.369
0001 65.444
1000 65.519
0100 65.594
0010 65.669
0001 65.744
0010 65.819
0100 65.894
1000 65.969
0001 66.044
0100 66.119
0001 66.194
0100 66.269
0010 66.34400000000001
1000 66.419
0001 66.494
1000 66.569
0001 66.644
0010 66.71900000000001
0100 66.794
1000 66.869
0001 66.944
0010 67.019
0100 67.09400000000001
1000 67.169
0001 67.244
1000 67.319
0001 67.394
0100 67.46900000000001
0010 67.54400000000001
1000 67.619
0001 67.694
0010 67.769
0100 67.84400000000001
1000 67.91900000000001
0001 67.994
0100 68.069
0001 68.144
1000 68.21900000000001
0001 68.29400000000001
0100 68.369
0010 68.444
1000 68.519
0001 68.594
0010 68.669
0100 68.744
0010 68.81899999999999
0001 68.89399999999999
1000 68.969
0010 69.044
0100 69.119
0001 69.19399999999999
1000 69.26899999999999
0100 69.344
1000 69.419
0001 69.494
0100 69.56899999999999
0001 69.64399999999999
1000 69.719
0001 69.794
0010 69.869
0100 69.944
1000 70.01899999999999
0001 70.094
0010 70.169
0100 70.244
1000 70.319
0001 70.39399999999999
0010 70.469
0100 70.544
1000 70.619
0001 70.694
0010 70.76899999999999
0100 70.844
1000 70.919
0001 70.994
0100 71.069
0010 71.144
1000 71.219
0001 71.294
0100 71.369
0010 71.444
1000 71.519
0001 71.594
0100 71.669
0010 71.744
1000 71.819
0001 71.894
0100 71.969
0010 72.044
1000 72.119
0001 72.194
0010 72.269
0001 72.34400000000001
1000 72.419
0001 72.494
0010 72.569
0100 72.644
1000 72.71900000000001
0100 72.794
1000 72.869
0001 72.944
1000 73.019
0100 73.09400000000001
0010 73.169
0001 73.244
1000 73.319
0001 73.394
0100 73.46900000000001
0010 73.54400000000001
1000 73.619
0001 73.694
0100 73.769
0001 73.84400000000001
1000 73.91900000000001
0010 73.994
0100 74.069
0010 74.144
1000 74.21900000000001
0001 74.29400000000001
0100 74.369
0001 74.444
1000 74.519
0001 74.594
0010 74.669
0100 74.744
1000 74.81899999999999
0100 74.89399999999999
1000 74.969
0001 75.044
0010 75.119
0100 75.19399999999999
1000 75.26899999999999
0001 75.344
1000 75.419
0100 75.494
0010 75.56899999999999
0001 75.64399999999999
1000 75.719
0001 75.794
0100 75.869
0010 75.944
1000 76.01899999999999
0001 76.094
1000 76.169
0010 76.244
0100 76.319
0001 76.39399999999999
1000 76.469
0010 76.544
0100 76.619
0010 76.694
1000 76.76899999999999
0001 76.844
1000 76.919
0001 76.994
0010 77.069
0100 77.144
1000 77.219
0001 77.294
0010 77.369
0001 77.444
0010 77.519
0100 77.594
1000 77.669
0100 77.744
0010 77.819
0001 77.894
1000 77.969
0001 78.044
0010 78.119
0001 78.194
1000 78.269
0010 78.34400000000001
1000 78.419
0001 78.494
0100 78.569
0010 78.644
1000 78.71900000000001
0002 78.794
1000 78.944
1000 79.09400000000001
1000 79.244
2003 79.394
3100 80.89399999999999
0010 81.044
0110 81.19399999999999
0100 81.794
1000 81.944
0001 82.094
1000 82.244
0010 82.39399999999999
0100 82.544
0001 82.994
0010 83.144
0002 83.294
0203 83.594
0300 83.894
0010 84.194
1000 84.34400000000001
0100 84.494
1000 84.644
0002 84.794
0003 85.09400000000001
1000 85.394
0100 85.54400000000001
0020 85.694
0032 85.994
0003 86.29400000000001
2000 86.444
3010 86.744
0200 86.89399999999999
0302 87.19399999999999
0003 87.494
1000 87.64399999999999
0200 87.794
2300 88.094
3002 88.39399999999999
0003 88.694
1000 88.994
0100 89.144
0020 89.294
0032 89.594
1003 89.894
0100 90.494
0010 90.644
0001 90.71900000000001
1000 90.794
0010 91.09400000000001
0010 91.244
1000 91.394
0100 91.54400000000001
0010 91.694
0001 91.84400000000001
1001 91.994
1000 92.29400000000001
0010 92.444
0110 92.594
0100 92.89399999999999
0101 93.044
0001 93.344
1000 93.494
0010 93.64399999999999
1010 93.794
1000 93.944
0100 94.094
0010 94.244
0011 94.39399999999999
0001 94.694
1000 94.844
1010 94.994
0010 95.294
0110 95.444
0100 95.744
0001 95.894
1000 96.044
1001 96.194
0001 96.34400000000001
0010 96.494
0200 96.794
0310 97.09400000000001
0200 97.394
1300 97.694
0001 98.29400000000001
1000 98.444
1001 98.594
0001 98.744
0010 98.89399999999999
0100 99.044
1000 99.64399999999999
0001 99.794
0010 99.944
0100 100.094
1000 100.39399999999999
0001 100.544
1000 100.694
0001 100.844
0101 100.994
0100 101.144
0010 101.294
1000 101.444
1001 101.594
0001 101.894
0010 102.044
0110 102.194
0100 102.494
1100 102.644
1000 102.944
0001 103.09400000000001
0100 103.244
0101 103.394
0001 103.54400000000001
0010 103.694
0100 103.84400000000001
1100 103.994
1000 104.29400000000001
0001 104.444
0101 104.594
0100 104.89399999999999
0110 105.044
0010 105.344
1000 105.494
0100 105.64399999999999
1100 105.794
1000 105.944
0001 106.094
0200 106.39399999999999
0310 106.694
0200 106.994
0301 107.294
1000 107.894
0100 108.044
0110 108.194
0010 108.34400000000001
0001 108.494
1001 108.644
1010 109.09400000000001
1000 109.244
0100 109.394
0010 109.54400000000001
0001 109.694
1000 109.84400000000001
0010 109.994
0100 110.144
0002 110.29400000000001
2003 110.594
3020 111.794
0230 112.39399999999999
0302 112.994
0003 113.594
0020 115.39399999999999
0030 115.99399999999999
0200 117.794
0300 118.39399999999999
2000 118.994
3000 119.594
0002 120.194
0003 120.794
