TITLE Finally Dive
BPM   146.0
NOTES
0001 9.851013698630137
0100 9.953753424657535
0001 10.05649315068493
0100 10.159232876712329
0010 10.261972602739727
1000 10.364712328767123
0001 10.46745205479452
0100 10.570191780821919
0001 10.672931506849315
1000 10.775671232876713
0010 10.878410958904109
0100 10.981150684931507
0001 11.083890410958904
0100 11.1866301369863
0010 11.289369863013698
1000 11.392109589041096
0001 11.494849315068493
0010 11.59758904109589
0100 11.700328767123287
1000 11.803068493150684
0100 11.905808219178082
0010 12.008547945205478
0100 12.111287671232876
1000 12.214027397260274
0001 12.31676712328767
0010 12.419506849315068
0001 12.522246575342464
1000 12.624986301369862
0100 12.72772602739726
0010 12.830465753424656
0001 12.933205479452054
1000 13.035945205479452
0001 13.138684931506848
1000 13.190054794520547
0003 14.714027397260272
3010 14.782520547945204
0130 14.987999999999998
0001 15.090739726027396
0100 15.193479452054794
0001 15.29621917808219
0100 15.398958904109588
0001 15.501698630136985
1000 15.604438356164382
0100 15.70717808219178
0010 15.809917808219176
0100 15.912657534246573
1000 16.01539726027397
0001 16.11813698630137
0100 16.220876712328767
0010 16.32361643835616
2000 16.42635616438356
3001 16.837315068493147
0100 16.940054794520545
0010 17.042794520547943
1000 17.14553424657534
0001 17.24827397260274
0200 17.351013698630133
0310 17.55649315068493
1000 17.659232876712327
0001 17.761972602739725
1000 17.86471232876712
0010 18.070191780821915
0100 18.172931506849313
0001 18.27567123287671
1000 18.378410958904105
0100 18.481150684931503
0010 18.5838904109589
0001 18.6866301369863
1000 18.789369863013697
0001 18.892109589041095
0100 19.097589041095887
0010 19.200328767123285
1000 19.40580821917808
0001 19.50854794520548
0100 19.714027397260274
0010 19.816767123287672
1000 19.91950684931507
0001 20.124986301369862
0010 20.330465753424658
0100 20.433205479452056
1000 20.638684931506848
0100 20.741424657534246
0010 20.946904109589042
0001 21.04964383561644
1000 21.152383561643838
0010 21.35786301369863
0200 21.460602739726028
0301 21.768821917808218
1000 21.871561643835616
0100 21.974301369863014
1000 22.07704109589041
0001 22.17978082191781
0100 22.3852602739726
0010 22.488
0100 22.693479452054795
0001 22.79621917808219
2000 23.001698630136985
3001 23.20717808219178
0010 23.309917808219176
0100 23.412657534246573
0010 23.51539726027397
0001 23.61813698630137
1000 23.720876712328767
0010 23.823616438356165
0200 23.92635616438356
0301 24.131835616438355
1000 24.234575342465753
0100 24.33731506849315
0010 24.44005479452055
0001 24.64553424657534
1000 24.74827397260274
0001 24.851013698630137
0100 24.95375342465753
0010 25.05649315068493
1000 25.261972602739725
0001 25.364712328767123
0100 25.672931506849313
0010 25.77567123287671
0100 25.981150684931507
0001 26.0838904109589
0020 26.289369863013697
0130 26.700328767123285
1000 26.803068493150683
0100 26.90580821917808
0010 27.00854794520548
0001 27.111287671232876
2000 27.21402739726027
3010 27.522246575342464
0100 27.624986301369862
0001 27.72772602739726
0102 27.933205479452052
1000 28.241424657534242
0013 28.549643835616436
0100 28.652383561643834
1100 28.857863013698626
0101 29.16608219178082
2001 29.577041095890408
3100 29.987999999999996
0010 30.090739726027394
0001 30.193479452054792
0100 30.29621917808219
0001 30.398958904109588
2000 30.501698630136982
3010 30.707178082191778
0100 30.912657534246573
0001 31.01539726027397
1000 31.220876712328764
0100 31.32361643835616
0010 31.42635616438356
0001 31.529095890410954
1000 31.63183561643835
0010 31.73457534246575
1000 31.837315068493147
0001 31.940054794520545
0100 32.04279452054794
0010 32.24827397260274
1000 32.35101369863013
0001 32.55649315068493
0010 32.65923287671232
0100 32.86471232876712
1000 32.967452054794514
0001 33.070191780821915
0100 33.27567123287671
0010 33.378410958904105
1000 33.4811506849315
0010 33.5838904109589
1000 33.686630136986295
0001 33.7893698630137
0010 33.89210958904109
0100 33.99484931506849
0010 34.20032876712328
0001 34.30306849315068
1000 34.50854794520548
0020 34.61128767123287
0130 34.91950684931507
0001 35.022246575342464
1000 35.12498630136986
0100 35.22772602739726
0010 35.53594520547945
0001 35.638684931506845
0100 35.84416438356164
0010 35.94690410958904
1000 36.049643835616436
0002 36.15238356164383
1003 36.56334246575342
0010 36.76882191780821
0100 36.87156164383561
0001 37.07704109589041
1000 37.1797808219178
0100 37.3852602739726
0010 37.48799999999999
0001 37.590739726027394
0200 37.79621917808219
0310 38.001698630136985
1000 38.20717808219178
0001 38.309917808219176
0010 38.41265753424657
0100 38.51539726027397
1000 38.618136986301366
0010 38.82361643835616
0100 39.02909589041096
0001 39.13183561643835
1000 39.23457534246575
1100 39.44005479452055
0001 39.85101369863014
0100 40.05649315068493
0120 40.261972602739725
2030 40.67293150684932
3001 41.0838904109589
0010 41.2893698630137
0001 41.39210958904109
0010 41.59758904109589
0100 41.70032876712328
1000 41.80306849315068
0001 41.90580821917808
0100 42.11128767123287
0010 42.31676712328767
1032 42.72772602739726
2003 43.03594520547945
3010 43.34416438356164
0100 43.549643835616436
0001 43.65238356164384
1000 43.75512328767123
0100 43.85786301369863
0010 43.96060273972603
0001 44.16608219178082
0200 44.37156164383561
0302 44.6797808219178
1003 44.98799999999999
0100 45.19347945205479
0010 45.29621917808219
0100 45.398958904109584
1000 45.501698630136985
0001 45.60443835616438
1000 46.01539726027397
0001 46.22087671232877
0200 46.32361643835616
0310 46.63183561643835
2000 46.83731506849315
3002 47.14553424657534
0013 47.453753424657535
0100 47.65923287671232
1000 47.86471232876712
0002 47.967452054794514
0100 48.378410958904105
0003 48.4811506849315
0100 48.686630136986295
0010 48.89210958904109
1000 49.09758904109589
0001 49.20032876712328
2000 49.30306849315068
3200 49.61128767123287
0310 49.91950684931506
0002 50.12498630136986
0003 50.53594520547945
1010 50.741424657534246
2010 50.946904109589035
3020 51.255123287671225
0130 51.563342465753415
0101 51.76882191780821
1001 52.07704109589041
2100 52.3852602739726
0001 52.590739726027394
3000 54.02909589041096
0103 54.23457534246575
0020 54.645534246575345
1030 55.05649315068493
0001 55.15923287671233
0010 55.261972602739725
0100 55.364712328767126
1000 55.46745205479452
0001 55.67293150684932
0101 55.878410958904105
0110 56.186630136986295
1010 56.494849315068485
2020 56.70032876712328
3030 57.11128767123287
1000 57.31676712328767
1001 57.522246575342464
0011 57.830465753424654
0110 58.138684931506845
0220 58.34416438356164
0330 58.75512328767123
0100 58.96060273972603
1100 59.166082191780816
1001 59.47430136986301
0101 59.7825205479452
0101 59.98799999999999
0110 60.29621917808218
1010 60.60443835616438
1010 60.809917808219176
1000 61.02909589041096
0002 61.138684931506845
0010 61.46745205479452
1000 61.686630136986295
0010 61.90580821917808
1000 62.01539726027397
0001 62.23457534246575
0010 62.45375342465753
0100 62.65923287671232
0002 62.76197260273972
0103 63.07019178082191
1000 63.275671232876704
0010 63.4811506849315
0002 63.5838904109589
0003 63.78936986301369
0010 63.89210958904109
0200 64.09758904109589
0001 64.50854794520548
0010 64.91950684931507
0301 65.33046575342465
1000 65.53594520547945
0100 65.63868493150684
0020 65.74142465753424
0130 66.15238356164383
1000 66.35786301369862
1001 66.56334246575342
0101 66.8715616438356
0110 67.1797808219178
2010 67.3852602739726
0001 67.7962191780822
3001 68.20717808219179
1001 68.51539726027397
1100 68.82361643835617
0011 69.02909589041096
1001 69.33731506849315
1010 69.64553424657534
0220 69.85101369863014
0330 70.26197260273972
0001 70.46745205479452
1000 70.57019178082192
0100 70.67293150684931
0110 70.9811506849315
0011 71.28936986301369
2002 71.49484931506849
3003 71.90580821917807
1010 72.11128767123287
0110 72.31676712328766
0101 72.62498630136986
0011 72.93320547945204
0110 73.13868493150684
1100 73.44690410958903
1001 73.75512328767122
0201 73.96060273972603
0010 74.26882191780822
0001 74.57704109589041
0002 74.78252054794521
0303 75.19347945205479
1000 75.39895890410959
0100 75.60443835616438
0010 75.80991780821917
2000 75.91265753424658
3010 76.22087671232876
0001 76.42635616438356
0100 76.63183561643835
2000 76.73457534246575
3100 77.04279452054794
0020 77.24827397260273
1000 77.65923287671232
0100 78.07019178082192
1030 78.48115068493149
0001 78.6866301369863
0010 78.78936986301369
0200 78.8921095890411
0310 79.30306849315069
0001 79.50854794520548
1000 79.71402739726028
1010 80.02224657534246
0010 80.33046575342466
0100 80.43320547945206
0001 80.53594520547945
0011 80.84416438356165
0110 81.15238356164383
2002 81.35786301369863
3003 81.76882191780821
1200 82.1797808219178
0010 82.5907397260274
0320 83.00169863013699
0001 83.41265753424656
0130 83.61813698630137
1000 83.72087671232876
0002 83.82361643835615
0100 84.23457534246575
0203 84.64553424657534
0010 85.05649315068491
0301 85.26197260273972
1000 85.36471232876711
0020 85.46745205479452
1000 85.87841095890411
2030 86.2893698630137
0100 86.70032876712328
3001 86.90580821917808
0100 87.00854794520548
0020 87.11128767123287
0100 87.52224657534246
0130 87.93320547945206
0001 88.13868493150684
1000 88.34416438356163
1100 88.54964383561644
1000 88.96060273972601
0001 89.16608219178082
0101 89.3715616438356
0001 89.7825205479452
1000 89.98799999999999
1020 90.19347945205479
0100 90.39895890410958
0130 90.80991780821917
0001 91.01539726027396
0010 91.11813698630135
0100 91.22087671232876
1000 91.32361643835615
0100 91.42635616438355
1000 91.52909589041094
0001 91.63183561643834
1003 92.04279452054794
1010 92.35101369863014
1001 92.65923287671232
0011 92.86471232876713
0010 93.07019178082192
0100 93.17293150684931
1100 93.4811506849315
1002 93.6866301369863
0103 94.09758904109589
0010 94.20032876712328
0100 94.30306849315068
0010 94.40580821917807
0100 94.50854794520548
0010 94.61128767123287
0100 94.71402739726027
0010 94.81676712328766
1000 94.91950684931506
1001 95.33046575342465
0001 95.63868493150684
0010 95.94690410958903
0200 96.15238356164383
1300 96.76882191780821
0010 96.97430136986301
0010 97.28252054794521
0100 97.5907397260274
0002 97.7962191780822
0013 98.61813698630137
0200 98.82361643835615
0300 100.26197260273972
1000 101.90580821917807
0100 102.00854794520546
0010 102.11128767123286
0100 102.21402739726027
1000 102.31676712328766
0100 102.41950684931506
0010 102.52224657534245
0001 102.62498630136984
1000 102.72772602739725
0100 102.83046575342465
1000 102.93320547945204
0001 103.03594520547944
0010 103.13868493150683
0100 103.24142465753424
1000 103.34416438356163
0001 103.44690410958903
0100 103.54964383561644
0010 103.65238356164383
1000 103.75512328767122
0010 103.85786301369863
0100 103.96060273972603
0001 104.06334246575342
1000 104.16608219178082
0001 104.26882191780821
1000 104.37156164383562
0010 104.47430136986301
0100 104.57704109589041
0001 104.6797808219178
0100 104.7825205479452
0001 104.8852602739726
1000 104.988
0010 105.0907397260274
1000 105.19347945205479
0001 105.24484931506849
3003 108.4811506849315
