TITLE First Kiss
BPM   107.0
NOTES
0101 8.98396261682243
0001 9.264336448598131
1000 9.40452336448598
0100 9.544710280373831
0010 9.825084112149533
0001 9.965271028037384
1000 10.105457943925233
0010 10.385831775700934
0200 10.526018691588785
0301 10.946579439252336
1000 11.226953271028037
0010 11.507327102803739
1000 11.647514018691588
0001 11.92788785046729
0200 12.06807476635514
0300 12.628822429906542
0001 12.909196261682244
0010 13.189570093457943
0200 13.469943925233643
1300 14.030691588785045
0001 14.311065420560746
0200 14.591439252336446
0301 15.15218691588785
0010 15.43256074766355
0001 15.712934579439251
1000 15.993308411214953
0010 16.133495327102803
0200 16.413869158878505
0301 16.834429906542056
1000 17.114803738317754
0010 17.254990654205606
2000 17.535364485981308
3001 17.95592523364486
0001 18.23629906542056
0010 18.37648598130841
0100 18.516672897196262
0010 18.79704672897196
0001 18.937233644859813
1000 19.07742056074766
0010 19.357794392523363
0200 19.497981308411212
0301 19.918542056074767
1000 20.198915887850465
0100 20.479289719626166
0010 20.619476635514015
0100 20.899850467289717
2000 21.040037383177566
3000 21.60078504672897
0001 21.88115887850467
0100 22.161532710280373
0020 22.441906542056074
1030 23.002654205607477
0100 23.283028037383176
0020 23.563401869158877
0031 24.12414953271028
1000 24.404523364485982
0010 24.68489719626168
0100 24.96527102803738
0001 25.10545794392523
2000 25.385831775700932
3001 25.806392523364483
0010 25.946579439252336
0100 26.226953271028034
0010 26.507327102803735
0011 26.927887850467286
0001 27.208261682242988
1000 27.48863551401869
0001 27.769009345794387
0101 28.04938317757009
0100 28.32975700934579
0010 28.610130841121492
1000 28.890504672897194
1001 29.170878504672896
0001 29.451252336448597
0010 29.7316261682243
0100 30.011999999999997
1100 30.2923738317757
1000 30.5727476635514
0001 30.71293457943925
1000 30.853121495327102
0001 31.133495327102803
0101 31.4138691588785
0100 31.694242990654203
0010 31.974616822429905
1000 32.254990654205606
1100 32.535364485981304
0100 32.81573831775701
1000 33.09611214953271
0001 33.376485981308406
2002 33.65685981308411
3003 34.07742056074766
2020 34.217607476635514
3030 34.638168224299065
0002 34.77835514018692
0200 35.058728971962616
0303 35.479289719626166
1001 35.61947663551402
1100 35.89985046728972
0100 36.180224299065415
1000 36.46059813084112
0001 36.74097196261682
1001 37.02134579439252
1000 37.30171962616822
0100 37.58209345794392
0010 37.862467289719625
0011 38.14284112149532
0001 38.42321495327102
1000 38.703588785046726
0010 38.983962616822424
0110 39.26433644859813
0100 39.54471028037383
0001 39.68489719626168
1000 39.825084112149526
0010 40.10545794392523
1010 40.38583177570093
1000 40.66620560747663
0001 40.94657943925233
0010 41.22695327102803
0011 41.507327102803735
0001 41.78770093457943
1000 41.9746168224299
0010 42.06807476635513
1000 42.34844859813084
1100 42.62882242990654
0001 42.90919626168224
1100 43.189570093457945
0001 43.46994392523364
1100 43.75031775700935
0110 44.03069158878505
0010 44.311065420560745
0011 44.59143925233645
0001 44.87181308411215
1000 45.058728971962616
0001 45.152186915887846
0010 45.339102803738314
0100 45.43256074766355
0010 45.71293457943925
0010 46.1334953271028
0001 46.55405607476635
1000 46.64751401869159
0001 46.74097196261682
1000 46.834429906542056
0100 47.02134579439252
1000 47.114803738317754
0001 47.30171962616822
0100 47.39517757009345
0001 47.58209345794392
1000 47.67555140186916
0010 47.955925233644855
0010 48.376485981308406
1000 48.703588785046726
0001 48.79704672897196
1000 49.03069158878505
0001 49.07742056074766
1000 49.17087850467289
0010 49.35779439252336
0100 49.54471028037383
0001 49.63816822429906
0100 49.825084112149526
0001 49.91854205607476
1000 50.19891588785046
1000 50.61947663551401
0001 51.04003738317756
0010 51.1334953271028
0001 51.22695327102803
0010 51.32041121495327
0100 51.507327102803735
1000 51.600785046728966
0001 51.78770093457943
0100 51.881158878504664
0010 52.06807476635513
0100 52.16153271028037
0001 52.44190654205607
0001 52.86246728971962
1000 53.18957009345794
0100 53.28302803738317
0010 53.469943925233636
0001 53.563401869158874
0010 53.656859813084104
0001 53.84377570093457
0010 54.03069158878504
0001 54.12414953271027
1000 54.31106542056074
0010 54.404523364485975
0100 54.68489719626167
0100 55.105457943925224
0001 55.526018691588774
0010 55.61947663551401
0100 55.71293457943924
1000 55.80639252336448
0001 55.99330841121495
1000 56.086766355140185
0010 56.27368224299065
1000 56.36714018691588
0001 56.55405607476635
0010 56.64751401869159
0100 56.927887850467286
0100 57.34844859813084
0010 57.67555140186916
0001 57.76900934579439
0010 57.955925233644855
0100 58.04938317757009
1000 58.14284112149532
0001 58.32975700934579
1000 58.51667289719626
0010 58.61013084112149
0100 58.79704672897196
0001 58.890504672897194
0010 59.17087850467289
0010 59.59143925233644
0001 60.01199999999999
1000 60.10545794392523
0010 60.19891588785046
0100 60.2923738317757
0001 60.479289719626166
0100 60.5727476635514
0010 60.759663551401864
1000 60.853121495327095
0010 61.04003738317756
1000 61.1334953271028
0001 61.600785046728966
0010 61.6942429906542
0100 61.9746168224299
1000 62.2549906542056
0001 62.44190654205607
1000 62.535364485981304
0100 62.628822429906535
1000 62.815738317757
0001 62.955925233644855
0100 63.0961121495327
0010 63.23629906542055
1000 63.51667289719626
0001 63.656859813084104
0010 64.35779439252336
0100 64.49798130841121
1000 64.63816822429906
0001 64.7783551401869
1000 65.05872897196261
0010 65.21894259012015
0100 65.37915620827769
0001 65.53936982643523
1000 65.69958344459278
0100 65.85979706275033
0010 66.02001068090787
0100 66.82107877169558
0010 67.14150600801067
0100 67.30171962616822
0010 67.44190654205607
0001 67.58209345794393
1000 67.72228037383178
0010 68.00265420560747
0100 68.14284112149532
0002 68.70358878504672
2003 68.98396261682242
3001 69.54471028037382
0001 69.82508411214953
0001 70.10545794392522
0001 70.38583177570092
0001 70.66620560747663
0001 70.94657943925233
0001 71.22695327102802
0001 71.50732710280373
1100 71.78770093457943
1100 72.06807476635514
0100 72.48863551401868
1000 73.75031775700934
0001 73.8905046728972
0010 74.03069158878505
0011 74.31106542056075
0001 74.87181308411215
1000 75.99330841121495
0010 76.1334953271028
1000 76.27368224299065
1010 76.6942429906542
1010 77.11480373831775
0010 77.95592523364485
1000 78.0961121495327
0001 78.23629906542055
0100 78.3764859813084
0001 78.51667289719626
1000 78.79704672897196
0101 79.07742056074765
1000 79.35779439252336
0101 79.63816822429906
0110 79.91854205607476
0010 80.19891588785046
1010 80.47928971962617
1000 80.75966355140186
0001 80.94657943925232
1000 81.04003738317756
0010 81.22695327102802
0100 81.32041121495325
0010 81.60078504672896
0010 82.02134579439252
1000 82.44190654205606
0001 82.53536448598129
1000 82.62882242990653
0001 82.72228037383177
0100 82.90919626168223
0001 83.00265420560747
1000 83.18957009345793
0100 83.28302803738318
1000 83.46994392523364
0001 83.56340186915887
0010 83.84377570093457
0010 84.26433644859813
0001 84.59143925233644
1000 84.68489719626167
0001 84.91854205607476
1000 84.96527102803738
0001 85.05872897196261
0010 85.24564485981308
0100 85.43256074766354
1000 85.52601869158879
0100 85.71293457943925
1000 85.80639252336448
0001 86.08676635514018
0001 86.50732710280374
1000 86.92788785046729
0010 87.02134579439252
1000 87.11480373831776
0010 87.20826168224299
0100 87.39517757009345
0001 87.48863551401868
1000 87.67555140186914
0100 87.76900934579439
0010 87.95592523364485
0100 88.04938317757008
1000 88.32975700934578
1000 88.75031775700934
0010 89.07742056074765
0100 89.17087850467288
0010 89.35779439252336
1000 89.45125233644859
0010 89.54471028037382
1000 89.7316261682243
0100 89.91854205607476
1000 90.012
0001 90.19891588785046
0100 90.29237383177569
0010 90.5727476635514
1000 90.8531214953271
0001 91.13349532710279
1000 91.4138691588785
0100 91.50732710280373
0010 91.60078504672897
0001 91.6942429906542
1000 91.88115887850466
0001 91.9746168224299
0100 92.16153271028035
0001 92.2549906542056
1000 92.44190654205606
0100 92.53536448598129
0010 92.815738317757
0001 93.0961121495327
0100 93.3764859813084
0001 93.56340186915887
1000 93.6568598130841
0100 93.84377570093457
0010 93.9372336448598
0001 94.03069158878503
1000 94.21760747663551
0001 94.40452336448597
0100 94.49798130841121
0010 94.68489719626167
1000 94.7783551401869
0100 95.05872897196261
0010 95.33910280373831
0100 95.61947663551402
1000 95.89985046728971
0001 95.99330841121494
0100 96.08676635514018
0010 96.18022429906542
1000 96.36714018691588
0010 96.46059813084112
0100 96.64751401869158
0001 96.74097196261683
0100 96.92788785046729
0001 97.02134579439252
1000 97.30171962616822
0100 97.58209345794393
0010 97.86246728971963
0001 98.04938317757009
1000 98.14284112149532
0001 98.3297570093458
1000 98.42321495327103
2002 98.70358878504672
3003 102.06807476635514
