TITLE For UltraPlayers
BPM   201.0
NOTES
0001 0.5750597014925372
0001 0.7243134328358207
1000 0.8735671641791043
0010 0.9481940298507461
0100 1.0228208955223879
0001 1.0974477611940296
1000 1.1720746268656714
1000 1.321328358208955
0100 1.4705820895522386
0010 1.5452089552238804
0001 1.6198358208955221
1000 1.694462686567164
0001 1.7690895522388057
0001 1.9183432835820893
0100 2.067597014925373
0010 2.1422238805970144
1000 2.2168507462686566
0001 2.291477611940299
0100 2.36610447761194
0100 2.5153582089552238
0001 2.6646119402985073
1000 2.7392388059701487
0100 2.813865671641791
0010 2.888492537313433
0001 2.9631194029850745
0001 3.112373134328358
0100 3.2616268656716416
0010 3.336253731343283
0100 3.410880597014925
0001 3.4855074626865674
1000 3.5601343283582088
1000 3.7093880597014923
0100 3.858641791044776
0010 3.9332686567164172
0001 4.0078955223880595
0010 4.082522388059702
0100 4.157149253731343
0100 4.306402985074627
1000 4.45565671641791
0001 4.5302835820895515
0100 4.604910447761194
0001 4.679537313432836
0010 4.754164179104477
0010 4.903417910447761
0100 5.052671641791044
1000 5.127298507462686
0100 5.201925373134328
0010 5.27655223880597
0001 5.351179104477612
1000 5.500432835820895
0001 5.575059701492537
0100 5.649686567164179
0010 5.798940298507462
1000 5.8735671641791045
0010 5.948194029850746
1000 6.097447761194029
0001 6.172074626865672
0010 6.246701492537313
0100 6.3959552238805975
1000 6.470582089552239
0100 6.54520895522388
1000 6.694462686567163
0001 6.769089552238806
0100 6.843716417910447
0010 6.992970149253732
1000 7.067597014925373
0010 7.142223880597014
1000 7.216850746268656
0001 7.291477611940297
0010 7.36610447761194
0100 7.4407313432835815
1000 7.589985074626866
0001 7.739238805970149
1000 7.888492537313431
0010 7.9631194029850745
0100 8.037746268656715
0001 8.187
0010 8.26162686567164
0100 8.336253731343282
0010 8.485507462686565
0001 8.560134328358208
1000 8.63476119402985
0001 8.784014925373134
0100 8.858641791044775
0001 8.933268656716416
1000 9.007895522388058
0001 9.082522388059699
1000 9.231776119402983
0100 9.381029850746268
0010 9.53028358208955
0001 9.679537313432833
1000 9.754164179104476
0001 9.828791044776118
0100 9.903417910447759
0010 9.978044776119402
1000 10.052671641791044
0001 10.127298507462685
0010 10.326303482587063
0100 10.425805970149252
1000 10.525308457711441
0001 10.62481094527363
1000 10.72431343283582
0010 10.79894029850746
0100 10.873567164179102
0001 10.948194029850745
1000 11.022820895522386
0100 11.097447761194028
0010 11.17207462686567
0001 11.246701492537312
0010 11.321328358208953
0100 11.395955223880595
1000 11.470582089552236
0001 11.54520895522388
0100 11.61983582089552
0010 11.694462686567162
1000 11.769089552238805
0001 11.843716417910446
0100 11.918343283582088
0001 11.992970149253729
1000 12.06759701492537
0001 12.142223880597014
0010 12.216850746268655
0100 12.291477611940296
1000 12.36610447761194
0100 12.44073134328358
1000 12.515358208955222
0001 12.664611940298505
0100 12.81386567164179
0010 12.963119402985074
1000 13.112373134328356
0001 13.261626865671639
0010 13.410880597014923
0100 13.560134328358208
1000 13.70938805970149
0010 13.858641791044773
0100 14.007895522388058
0001 14.157149253731342
0100 14.306402985074625
0010 14.455656716417908
1000 14.604910447761194
0001 14.754164179104476
1000 14.903417910447759
0100 15.052671641791042
0010 15.127298507462685
0001 15.201925373134324
1000 15.35117910447761
0010 15.500432835820893
0100 15.649686567164176
0010 15.72431343283582
1000 15.798940298507462
0001 15.89844278606965
1000 15.997945273631837
0010 16.09744776119403
1000 16.19695024875622
0100 16.296452736318408
0010 16.395955223880595
0001 16.495457711442786
0010 16.594960199004976
0100 16.694462686567164
1000 16.79396517412935
0010 16.893467661691542
0100 16.992970149253733
0001 17.09247263681592
0100 17.191975124378107
0010 17.291477611940298
1000 17.44073134328358
0100 17.589985074626863
1000 17.73923880597015
0001 17.888492537313432
0100 18.037746268656715
0010 18.187
1000 18.336253731343284
0001 18.485507462686567
0011 18.784014925373132
0010 19.231776119402983
0100 19.306402985074627
1000 19.38102985074627
0001 19.530283582089552
0100 19.679537313432835
0010 19.828791044776118
1000 19.9780447761194
0010 20.127298507462687
0100 20.27655223880597
0001 20.425805970149252
0010 20.57505970149254
0100 20.72431343283582
1000 20.873567164179104
0001 20.948194029850747
0100 21.022820895522386
0001 21.09744776119403
1000 21.17207462686567
0010 21.246701492537312
0100 21.321328358208955
0001 21.395955223880595
0100 21.470582089552238
0001 21.570084577114425
1000 21.669587064676616
0100 21.769089552238807
0010 21.868592039800994
0001 21.96809452736318
1000 22.067597014925372
0010 22.216850746268655
0100 22.366104477611938
0010 22.515358208955224
1000 22.664611940298506
0001 22.81386567164179
0010 22.888492537313432
0100 22.963119402985075
0010 23.112373134328358
0001 23.186999999999998
1000 23.26162686567164
0010 23.410880597014923
0100 23.560134328358206
0010 23.709388059701492
1000 23.858641791044775
0001 24.007895522388058
0010 24.0825223880597
0100 24.157149253731344
1000 24.231776119402983
0100 24.306402985074627
1000 24.381029850746266
0001 24.45565671641791
0100 24.604910447761192
0010 24.679537313432835
1000 24.754164179104475
0001 24.90341791044776
1000 25.052671641791044
0100 25.201925373134326
0010 25.27655223880597
0001 25.351179104477612
1000 25.4506815920398
0010 25.550184079601987
1000 25.649686567164178
0001 25.74918905472637
0010 25.848691542288556
0100 25.948194029850743
1000 26.047696517412934
0100 26.147199004975125
1000 26.246701492537312
0001 26.3462039800995
0100 26.44570646766169
0010 26.54520895522388
1000 26.61983582089552
0010 26.694462686567164
0100 26.843716417910446
0001 26.99297014925373
0010 27.14222388059701
0001 27.291477611940298
1000 27.44073134328358
0100 27.589985074626863
0010 27.664611940298506
0001 27.73923880597015
1000 27.888492537313432
0010 27.963119402985072
1000 28.037746268656715
0100 28.186999999999998
1000 28.33625373134328
0001 28.485507462686567
0010 28.63476119402985
0100 28.784014925373132
1000 28.858641791044775
0001 28.933268656716418
0100 29.007895522388058
0010 29.0825223880597
0100 29.231776119402983
0001 29.381029850746266
0010 29.45565671641791
0100 29.53028358208955
1000 29.679537313432835
0001 29.828791044776118
1000 29.9780447761194
0010 30.127298507462687
1000 30.276552238805966
0001 30.425805970149252
0010 30.50043283582089
0001 30.57505970149254
1000 30.649686567164178
0001 30.724313432835817
0100 30.798940298507464
0001 30.873567164179104
1000 30.948194029850743
0001 31.02282089552239
0010 31.09744776119403
0100 31.17207462686567
1000 31.24670149253731
0001 31.321328358208955
1000 31.395955223880595
0010 31.470582089552234
0100 31.54520895522388
0010 31.61983582089552
1000 31.769089552238807
0100 31.843716417910446
0010 31.918343283582086
0001 31.992970149253733
1000 32.06759701492537
0001 32.14222388059701
1000 32.21685074626865
0010 32.366104477611934
0100 32.44073134328357
0001 32.51535820895522
0100 32.58998507462686
0010 32.6646119402985
1000 32.739238805970146
0001 32.813865671641786
1000 32.96311940298507
0100 33.03774626865671
0010 33.11237313432835
0001 33.187
0010 33.26162686567164
0001 33.33625373134328
1000 33.41088059701492
0010 33.5601343283582
0100 33.63476119402984
0001 33.70938805970149
1000 33.78401492537313
0010 33.85864179104477
0100 33.933268656716415
0001 34.007895522388054
0010 34.15714925373134
0100 34.23177611940298
0010 34.30640298507462
0001 34.381029850746266
1000 34.455656716417906
0001 34.530283582089545
0100 34.604910447761185
0010 34.75416417910447
1000 34.82879104477611
0001 34.90341791044776
0010 34.9780447761194
0100 35.05267164179104
1000 35.12729850746268
0001 35.20192537313432
0100 35.35117910447761
0010 35.42580597014925
1000 35.50043283582089
0001 35.575059701492535
1000 35.649686567164174
0001 35.724313432835814
0010 35.79894029850746
0001 36.097447761194026
1000 36.172074626865665
0001 36.246701492537305
0100 36.32132835820895
0010 36.39595522388059
1000 36.47058208955223
0001 36.54520895522388
0010 36.61983582089552
0100 36.69446268656716
1000 36.7690895522388
0100 36.84371641791044
0010 36.91834328358208
0001 36.99297014925372
0010 37.06759701492537
0001 37.14222388059701
1000 37.21685074626865
0010 37.291477611940294
0100 37.366104477611934
0001 37.44073134328357
0100 37.51535820895522
0010 37.58998507462686
1000 37.6646119402985
0001 37.739238805970146
0010 37.813865671641786
0001 37.888492537313425
1000 37.96311940298507
0010 38.03774626865671
1000 38.11237313432835
0001 38.187
1000 38.26162686567164
0100 38.33625373134328
0010 38.410880597014916
0001 38.48550746268656
0010 38.5601343283582
0001 38.63476119402984
1000 38.70938805970149
0010 38.78401492537313
0100 38.85864179104477
0001 38.933268656716415
1000 39.007895522388054
0001 39.082522388059694
0100 39.15714925373134
0010 39.23177611940298
1000 39.30640298507462
0001 39.38102985074626
0010 39.455656716417906
0100 39.530283582089545
1000 39.604910447761185
0001 39.67953731343283
0100 39.75416417910447
0010 39.82879104477611
1000 39.90341791044776
0010 39.9780447761194
1010 40.20192537313432
1001 40.42580597014925
0011 40.575059701492535
0010 40.8735671641791
0100 40.94819402985074
1000 41.02282089552238
0001 41.097447761194026
1000 41.172074626865665
0010 41.32132835820895
0100 41.47058208955223
0001 41.61983582089552
1000 41.769089552238796
0100 41.91834328358208
0010 42.06759701492537
0001 42.21685074626865
1000 42.366104477611934
0001 42.51535820895522
0100 42.6646119402985
0010 42.813865671641786
0100 42.96311940298507
0001 43.11237313432835
1000 43.26162686567164
0100 43.410880597014916
0010 43.48550746268656
0001 43.5601343283582
1000 43.70938805970149
0010 43.85864179104477
0100 44.007895522388054
0010 44.15714925373133
1000 44.30640298507462
0001 44.455656716417906
0010 44.604910447761185
0100 44.67953731343283
1000 44.75416417910447
0001 44.90341791044776
0100 44.9780447761194
0001 45.05267164179104
1000 45.20192537313432
0010 45.27655223880596
0100 45.35117910447761
0001 45.42580597014925
1000 45.50043283582089
0001 45.57505970149253
0010 45.649686567164174
0100 45.74918905472636
1000 45.84869154228855
0001 45.94819402985074
1000 46.246701492537305
0010 46.346203980099496
0100 46.44570646766169
0001 46.54520895522387
1000 46.74421393034825
0001 46.84371641791044
0100 46.943218905472634
0001 47.04272139303482
1000 47.14222388059701
0100 47.2417263681592
0010 47.34122885572138
0001 47.44073134328357
1000 47.49048258706467
0001 47.540233830845764
1000 47.639736318407955
0100 47.739238805970146
0010 47.83874129353233
0100 47.93824378109452
1000 48.03774626865671
0001 48.137248756218895
0100 48.236751243781086
0010 48.33625373134328
1000 48.63476119402984
0100 48.70938805970149
0010 48.78401492537313
0001 48.85864179104477
1000 48.93326865671641
0001 49.082522388059694
0100 49.23177611940298
0010 49.38102985074626
1000 49.530283582089545
0010 49.82879104477611
0100 49.90341791044776
0001 49.9780447761194
1000 50.05267164179104
0001 50.12729850746268
0010 50.42580597014925
0100 50.724313432835814
1000 50.823815920398005
0001 50.923318407960195
0100 51.02282089552238
0010 51.12232338308457
1000 51.22182587064676
0100 51.321328358208945
0010 51.420830845771135
0001 51.520333333333326
1000 51.61983582089552
0010 51.71933830845771
1000 51.81884079601989
0001 51.91834328358208
1000 52.366104477611934
0010 52.44073134328357
0100 52.51535820895522
0301 52.6646119402985
1003 52.813865671641786
3001 52.963119402985065
1003 53.11237313432835
0100 53.18699999999999
0010 53.26162686567164
0100 53.33625373134328
1000 53.410880597014916
0001 53.48550746268656
0100 53.5601343283582
0010 53.63476119402984
1000 53.70938805970148
0001 53.78401492537313
1000 53.85864179104477
0010 53.93326865671641
0100 54.007895522388054
0001 54.082522388059694
1000 54.15714925373133
0001 54.23177611940298
1000 54.30640298507462
0100 54.38102985074626
0010 54.455656716417906
0001 54.530283582089545
0010 54.604910447761185
0100 54.67953731343283
1000 54.75416417910447
0001 54.82879104477611
0100 54.90341791044776
0010 54.9780447761194
1000 55.05267164179104
0010 55.127298507462676
0100 55.20192537313432
0010 55.27655223880596
1000 55.3511791044776
0001 55.42580597014925
0010 55.50043283582089
0001 55.57505970149253
1000 55.649686567164174
0001 55.724313432835814
1000 55.79894029850745
0010 55.8735671641791
0100 55.94819402985074
0001 56.02282089552238
1000 56.09744776119402
0100 56.172074626865665
1000 56.246701492537305
0001 56.321328358208945
1000 56.39595522388059
0100 56.47058208955223
0010 56.54520895522387
0001 56.61983582089552
1000 56.69446268656716
0001 56.769089552238796
0100 56.84371641791044
0010 56.91834328358208
1000 56.99297014925372
0010 57.06759701492537
0100 57.14222388059701
0001 57.21685074626865
1000 57.291477611940294
0100 57.366104477611934
1000 57.44073134328357
0001 57.51535820895521
0010 57.58998507462686
0100 57.6646119402985
1000 57.73923880597014
0001 57.813865671641786
1000 57.888492537313425
0010 57.963119402985065
0100 58.03774626865671
0001 58.11237313432835
1000 58.18699999999999
0001 58.26162686567164
0010 58.33625373134328
0001 58.410880597014916
1000 58.485507462686556
0100 58.5601343283582
0010 58.63476119402984
0001 58.70938805970148
1000 58.78401492537313
0001 58.85864179104477
0100 58.93326865671641
0010 59.007895522388054
1000 59.082522388059694
0001 59.15714925373133
0010 59.23177611940298
0001 59.30640298507462
1000 59.38102985074626
0010 59.455656716417906
1000 59.530283582089545
0001 59.604910447761185
0010 59.67953731343283
0100 59.75416417910447
1000 59.82879104477611
0100 59.90341791044775
1000 59.9780447761194
0001 60.05267164179104
0100 60.127298507462676
0010 60.20192537313432
1000 60.27655223880596
0010 60.3511791044776
0100 60.42580597014925
0001 60.50043283582089
1000 60.57505970149253
0001 60.649686567164174
1000 60.724313432835814
0100 60.79894029850745
0010 60.87356716417909
0001 60.94819402985074
0010 61.02282089552238
0100 61.09744776119402
0010 61.172074626865665
0001 61.246701492537305
1000 61.321328358208945
0010 61.39595522388059
0100 61.47058208955223
0001 61.54520895522387
1000 61.61983582089552
0001 61.69446268656716
0100 61.769089552238796
0010 61.84371641791044
0100 61.91834328358208
0001 61.99297014925372
1000 62.06759701492537
0100 62.14222388059701
0010 62.21685074626865
0001 62.291477611940294
0010 62.36610447761193
0001 62.44073134328357
1000 62.51535820895522
0100 62.58998507462685
0001 62.739238805970146
3010 62.888492537313425
0100 62.96311940298507
0001 63.037746268656704
0100 63.11237313432835
0010 63.187
1000 63.26162686567163
0001 63.33625373134328
0010 63.41088059701492
0100 63.485507462686556
0010 63.5601343283582
0001 63.63476119402985
1000 63.70938805970148
0010 63.78401492537313
1000 63.858641791044775
0001 63.93326865671642
0010 64.00789552238805
0100 64.0825223880597
1000 64.15714925373135
0100 64.23177611940298
1000 64.30640298507463
0001 64.38102985074627
0100 64.4556567164179
0010 64.53028358208955
1000 64.6049104477612
0001 64.67953731343283
1000 64.75416417910448
0100 64.82879104477612
0010 64.90341791044776
0001 64.9780447761194
1000 65.05267164179104
0100 65.12729850746268
1000 65.20192537313432
0001 65.27655223880596
0010 65.35117910447761
0001 65.42580597014924
1000 65.50043283582089
0010 65.57505970149253
0100 65.64968656716417
0001 65.72431343283581
0100 65.79894029850746
0010 65.8735671641791
1000 65.94819402985074
0001 66.02282089552239
1000 66.09744776119402
0100 66.17207462686567
0010 66.2467014925373
0100 66.32132835820894
1000 66.39595522388058
0001 66.47058208955222
0100 66.54520895522387
0001 66.6198358208955
1000 66.69446268656715
0010 66.7690895522388
0100 66.84371641791043
0001 66.91834328358208
1000 66.99297014925372
0001 67.06759701492535
0010 67.142223880597
0100 67.21685074626865
0010 67.29147761194028
0001 67.36610447761193
1000 67.44073134328357
0010 67.51535820895522
0100 67.58998507462685
0010 67.6646119402985
1000 67.73923880597015
0001 67.81386567164178
0010 67.88849253731343
0001 67.96311940298507
1000 68.0377462686567
0100 68.11237313432835
0010 68.187
0001 68.26162686567163
1000 68.33625373134328
0010 68.41088059701492
0100 68.48550746268656
0001 68.5601343283582
1000 68.63476119402985
0001 68.7093880597015
0010 68.78401492537313
0100 68.85864179104478
0010 68.93326865671642
0001 69.00789552238805
1000 69.0825223880597
0001 69.15714925373135
0100 69.23177611940298
0010 69.30640298507463
0100 69.38102985074627
0001 69.4556567164179
1000 69.53028358208955
0100 69.6049104477612
1000 69.67953731343283
0001 69.75416417910448
0100 69.82879104477611
0010 69.90341791044776
1000 69.97804477611939
0001 70.05267164179104
1000 70.12729850746268
0001 70.20192537313432
0010 70.27655223880596
0100 70.35117910447761
1000 70.42580597014924
0100 70.50043283582089
1000 70.57505970149253
0001 70.64968656716417
0100 70.72431343283581
0010 70.79894029850746
1000 70.8735671641791
0001 70.94819402985074
1000 71.02282089552237
0100 71.09744776119402
0010 71.17207462686565
0001 71.2467014925373
0010 71.32132835820894
0100 71.39595522388058
1000 71.47058208955222
0001 71.54520895522387
1000 71.6198358208955
0010 71.69446268656715
0100 71.7690895522388
0001 71.84371641791043
1000 71.91834328358208
0001 71.99297014925372
0100 72.06759701492535
0010 72.142223880597
2000 72.21685074626865
0001 72.81386567164178
0100 73.41088059701492
0001 74.00789552238805
0001 75.20192537313432
0010 75.79894029850745
0001 76.39595522388058
3100 76.69446268656715
0010 76.79396517412934
0001 76.89346766169153
2000 76.99297014925372
0100 77.58998507462685
3010 77.88849253731343
0100 77.98799502487562
0001 78.0874975124378
2000 78.187
0010 78.78401492537313
3002 79.38102985074626
1000 79.97804477611939
0203 80.57505970149252
0320 81.17207462686565
1030 81.7690895522388
0100 81.86859203980099
0010 81.96809452736318
0001 82.06759701492537
1000 82.16709950248755
0001 82.26660199004974
0100 82.36610447761193
0010 82.46560696517412
1000 82.56510945273631
0001 82.6646119402985
0010 82.76411442786069
0100 82.86361691542288
1000 82.96311940298507
0001 83.06262189054726
1000 83.16212437810945
0010 83.26162686567164
0100 83.36112935323384
0001 83.46063184079601
1000 83.5601343283582
0100 83.6596368159204
1000 83.75913930348258
0010 83.85864179104478
0100 83.95814427860697
0001 84.05764676616916
0010 84.15714925373133
0001 84.25665174129352
1000 84.35615422885571
0100 84.4556567164179
0010 84.5551592039801
0001 84.65466169154227
1000 84.75416417910446
0010 84.85366666666665
0100 84.95316915422885
0010 85.05267164179104
1000 85.15217412935323
0001 85.25167661691542
1000 85.3511791044776
0100 85.45068159203979
0010 85.55018407960198
0001 85.64968656716417
1000 85.74918905472636
0001 85.84869154228853
1000 85.94819402985073
0010 86.02282089552237
0100 86.09744776119402
0010 86.17207462686565
1000 86.2467014925373
0001 86.32132835820894
0010 86.39595522388058
0100 86.47058208955222
2000 86.54520895522387
3001 86.84371641791044
0100 86.91834328358208
0001 86.99297014925372
1000 87.06759701492537
0100 87.142223880597
1000 87.21685074626865
0100 87.2914776119403
0010 87.36610447761193
0001 87.44073134328357
0010 87.51535820895522
0100 87.58998507462685
1000 87.6646119402985
0001 87.73923880597015
1003 87.81386567164179
3010 87.88849253731343
0130 87.96311940298507
0301 88.03774626865672
1003 88.11237313432835
3100 88.187
0310 88.26162686567164
0031 88.33625373134328
1003 88.41088059701492
3001 88.48550746268657
0013 88.5601343283582
0130 88.63476119402985
1300 88.7093880597015
3001 88.78401492537313
0103 88.85864179104478
0310 88.93326865671641
1000 89.00789552238805
0001 89.08252238805969
1000 89.15714925373133
0010 89.23177611940298
0100 89.30640298507461
0001 89.38102985074626
1000 89.4556567164179
0001 89.53028358208954
0010 89.60491044776118
0100 89.67953731343283
1000 89.75416417910446
0100 89.82879104477611
1000 89.90341791044776
0001 89.97804477611939
0100 90.05267164179104
0002 90.12729850746267
0013 90.7243134328358
0130 90.8735671641791
1300 91.02282089552237
3001 91.17207462686565
2003 91.32132835820894
3001 91.91834328358208
0010 91.99297014925372
0100 92.06759701492537
0010 92.142223880597
0001 92.21685074626865
1000 92.2914776119403
0001 92.36610447761193
1000 92.44073134328357
0001 92.51535820895522
0100 92.58998507462687
0010 92.6646119402985
0100 92.73923880597015
0001 92.81386567164179
1000 92.88849253731343
0100 92.96311940298507
0010 93.03774626865672
0001 93.11237313432835
1000 93.187
0001 93.26162686567164
0010 93.33625373134328
0100 93.41088059701492
1000 93.48550746268657
0001 93.5601343283582
1000 93.63476119402985
0001 93.70938805970148
0100 93.78401492537313
0010 93.85864179104476
1000 93.93326865671641
0010 94.00789552238805
0100 94.08252238805969
0001 94.15714925373133
1000 94.23177611940298
0100 94.30640298507461
0010 94.38102985074626
0001 94.4556567164179
0010 94.53028358208954
0100 94.60491044776118
0010 94.67953731343283
0001 94.75416417910446
1000 94.82879104477611
0010 94.90341791044774
1000 94.97804477611939
0001 95.05267164179102
1000 95.12729850746267
0001 95.20192537313432
0010 95.27655223880595
0100 95.3511791044776
1000 95.42580597014924
0001 95.50043283582087
0100 95.57505970149252
0001 95.64968656716417
1000 95.7243134328358
0001 95.79894029850745
0100 95.8735671641791
0010 95.94819402985073
1000 96.02282089552237
0001 96.09744776119402
1000 96.17207462686567
0100 96.2467014925373
0010 96.32132835820894
0001 96.39595522388059
0010 96.47058208955222
0100 96.54520895522387
1000 96.61983582089552
0001 96.69446268656715
0100 96.7690895522388
0001 96.84371641791044
1000 96.91834328358208
0010 96.99297014925372
0100 97.06759701492537
0001 97.142223880597
1000 97.21685074626865
0001 97.2914776119403
0010 97.36610447761194
0100 97.44073134328357
1000 97.51535820895522
0001 97.58998507462687
1000 97.6646119402985
0010 97.73923880597015
1000 97.81386567164179
0001 97.88849253731343
0100 97.96311940298507
0010 98.03774626865672
1000 98.11237313432835
0001 98.187
1000 98.26162686567164
0100 98.33625373134328
0010 98.41088059701492
0001 98.48550746268656
1000 98.5601343283582
0010 98.63476119402983
1000 98.70938805970148
0001 98.78401492537313
0010 98.85864179104476
0001 98.93326865671641
1000 99.00789552238805
0010 99.08252238805969
0100 99.15714925373133
0001 99.23177611940298
0100 99.30640298507461
0001 99.38102985074626
1000 99.4556567164179
0100 99.53028358208954
0010 99.60491044776118
0001 99.67953731343282
0010 99.75416417910446
0100 99.8287910447761
1000 99.90341791044774
0001 99.97804477611939
1000 100.05267164179102
0001 100.12729850746267
0100 100.20192537313432
0010 100.27655223880595
1000 100.3511791044776
0010 100.42580597014924
0100 100.50043283582087
0010 100.57505970149252
1000 100.64968656716417
0001 100.7243134328358
0010 100.79894029850745
0100 100.8735671641791
1000 100.94819402985074
0001 101.02282089552237
1000 101.09744776119402
0100 101.17207462686567
0010 101.2467014925373
0100 101.32132835820894
1000 101.39595522388059
0001 101.47058208955222
0100 101.54520895522387
0010 101.61983582089552
1000 101.69446268656715
0010 101.7690895522388
1000 101.84371641791044
0001 101.91834328358208
0100 101.99297014925372
0001 102.06759701492537
1000 102.14222388059702
0001 102.21685074626865
0010 102.2914776119403
0100 102.36610447761194
1000 102.44073134328357
0100 102.51535820895522
0010 102.58998507462687
0001 102.6646119402985
1000 102.73923880597015
0010 102.81386567164179
0100 102.88849253731343
0010 102.96311940298507
1000 103.03774626865672
0001 103.11237313432835
0010 103.187
0001 103.26162686567163
1000 103.33625373134328
0010 103.41088059701491
0100 103.48550746268656
0001 103.5601343283582
0100 103.63476119402983
0001 103.70938805970148
1000 103.78401492537313
0100 103.85864179104476
0010 103.93326865671641
0001 104.00789552238805
1000 104.08252238805969
0001 104.15714925373133
0100 104.23177611940298
0010 104.30640298507461
1000 104.38102985074626
0001 104.45565671641789
0100 104.53028358208954
0001 104.60491044776117
1000 104.67953731343282
0010 104.75416417910446
1000 104.8287910447761
0001 104.90341791044774
0010 104.97804477611939
0100 105.05267164179102
1000 105.12729850746267
0100 105.20192537313432
0010 105.27655223880595
0001 105.3511791044776
1000 105.42580597014924
0001 105.50043283582087
0100 105.57505970149252
0010 105.64968656716417
0100 105.72431343283581
0001 105.79894029850745
1000 105.8735671641791
0100 105.94819402985074
1000 106.02282089552237
0001 106.09744776119402
0010 106.17207462686567
0100 106.2467014925373
1000 106.32132835820894
0001 106.39595522388059
1000 106.47058208955222
0010 106.54520895522387
0100 106.61983582089552
0010 106.69446268656715
1000 106.7690895522388
0001 106.84371641791044
0010 106.91834328358209
0100 106.99297014925372
0010 107.06759701492537
0001 107.14222388059702
1000 107.21685074626865
0010 107.2914776119403
1000 107.36610447761194
0001 107.44073134328357
0100 107.51535820895522
0010 107.58998507462687
1000 107.6646119402985
0001 107.73923880597015
0010 107.81386567164179
0100 107.88849253731343
1000 107.96311940298507
0001 108.0377462686567
1000 108.11237313432835
0010 108.18699999999998
0100 108.26162686567163
0010 108.33625373134328
1000 108.41088059701491
0001 108.48550746268656
1000 108.5601343283582
0100 108.63476119402983
0010 108.70938805970148
0100 108.78401492537313
1000 108.85864179104476
0001 108.93326865671641
0100 109.00789552238805
0001 109.08252238805969
1000 109.15714925373133
0100 109.23177611940297
0010 109.30640298507461
0001 109.38102985074624
1000 109.45565671641789
0001 109.53028358208954
1000 109.60491044776117
0010 109.67953731343282
0100 109.75416417910446
0001 109.8287910447761
0100 109.90341791044774
0001 109.97804477611939
1000 110.05267164179102
0100 110.12729850746267
0010 110.20192537313432
0001 110.27655223880595
1000 110.3511791044776
0001 110.42580597014924
0010 110.52530845771143
0100 110.62481094527362
1000 110.72431343283581
0010 110.82381592039799
0100 110.92331840796018
0001 111.02282089552237
0100 111.12232338308456
0010 111.22182587064675
1000 111.32132835820894
0100 111.42083084577114
0010 111.52033333333333
0002 111.61983582089552
0100 112.21685074626865
0100 113.41088059701491
2003 114.00789552238804
0010 114.60491044776117
0010 115.79894029850745
3001 116.39595522388059
2001 116.54520895522387
3000 117.2914776119403
