TITLE Future Dominators
BPM   210.3
NOTES
1001 1.137
0001 1.2796533523537803
1000 1.4223067047075606
0010 1.564960057061341
0100 1.7076134094151212
0001 1.7789400855920112
1000 1.8502667617689015
0100 1.9929201141226818
0010 2.135573466476462
0001 2.2782268188302424
1000 2.420880171184023
0010 2.563533523537803
0100 2.706186875891583
0001 2.8488402282453635
0010 2.9201669044222536
0001 2.991493580599144
1000 3.134146932952924
0100 3.276800285306704
0010 3.4194536376604847
0100 3.562106990014265
1000 3.7047603423680453
0001 3.847413694721826
0100 3.990067047075606
0010 4.061393723252496
1000 4.132720399429386
0001 4.2753737517831665
0010 4.4180271041369465
0100 4.5606804564907275
1000 4.703333808844507
0001 4.845987161198288
0100 4.988640513552069
0010 5.131293865905848
1000 5.202620542082739
0010 5.273947218259629
0100 5.41660057061341
0001 5.559253922967189
0010 5.70190727532097
0100 5.844560627674749
0010 5.98721398002853
0001 6.129867332382311
1000 6.27252068473609
0001 6.3438473609129815
0100 6.415174037089871
0010 6.557827389443652
1000 6.700480741797431
0001 6.843134094151212
0010 6.985787446504991
0100 7.128440798858772
0010 7.271094151212553
0001 7.4137475035663325
1000 7.485074179743224
0010 7.5564008559201135
0100 7.699054208273894
0010 7.841707560627674
1000 7.984360912981455
0100 8.127014265335234
0010 8.269667617689015
0001 8.412320970042796
1000 8.554974322396575
0010 8.626300998573466
0100 8.697627674750356
0001 8.840281027104137
0010 8.982934379457916
0100 9.125587731811697
1000 9.268241084165478
3001 9.410894436519257
0100 9.553547788873038
0310 9.696201141226819
1000 9.767527817403709
0010 9.838854493580598
1000 9.910181169757488
0001 9.98150784593438
0010 10.124161198288158
0100 10.26681455064194
0010 10.40946790299572
0001 10.5521212553495
1000 10.69477460770328
0010 10.83742796005706
0100 10.908754636233951
0001 10.98008131241084
1000 11.122734664764621
0100 11.2653880171184
0010 11.408041369472182
0001 11.550694721825963
1000 11.693348074179742
0010 11.836001426533523
0100 11.978654778887304
0010 12.049981455064193
0100 12.121308131241083
0001 12.263961483594864
1000 12.406614835948643
0100 12.549268188302424
0010 12.691921540656205
0001 12.834574893009984
1000 12.977228245363765
0001 13.119881597717544
0100 13.191208273894436
0010 13.262534950071325
1000 13.405188302425106
0100 13.547841654778885
1000 13.690495007132666
0001 13.833148359486447
0100 13.975801711840226
0010 14.118455064194007
1000 14.261108416547788
0100 14.332435092724678
0010 14.403761768901568
0001 14.546415121255349
1000 14.689068473609128
0001 14.831721825962909
0010 14.97437517831669
0100 15.117028530670469
1000 15.25968188302425
0001 15.402335235378029
0100 15.47366191155492
0010 15.54498858773181
1000 15.68764194008559
0001 15.83029529243937
0010 15.972948644793151
0001 16.115601997146932
0100 16.25825534950071
0010 16.40090870185449
1000 16.543562054208273
0001 16.61488873038516
1000 16.686215406562052
0010 16.82886875891583
0100 16.97152211126961
0010 17.114175463623393
1000 17.256828815977173
0100 17.399482168330955
0010 17.542135520684734
0001 17.684788873038514
1000 17.756115549215405
0010 17.827442225392296
0100 17.970095577746076
0010 18.112748930099855
1000 18.255402282453637
0001 18.398055634807417
0010 18.5407089871612
0100 18.68336233951498
1000 18.826015691868758
0001 18.89734236804565
0100 18.96866904422254
0310 19.11132239657632
1030 19.396629101283878
0001 19.539282453637657
1000 19.68193580599144
0001 19.82458915834522
0010 19.967242510699
0100 20.03856918687589
1000 20.10989586305278
0001 20.25254921540656
0100 20.39520256776034
0010 20.53785592011412
1000 20.680509272467898
0001 20.82316262482168
0010 20.96581597717546
0001 21.10846932952924
1000 21.17979600570613
0010 21.25112268188302
0100 21.3937760342368
0001 21.53642938659058
1000 21.679082738944363
0100 21.821736091298142
0010 21.964389443651925
0100 22.107042796005704
1000 22.249696148359483
0010 22.321022824536374
0100 22.392349500713266
0001 22.535002853067045
1000 22.677656205420824
0010 22.820309557774607
0100 22.962962910128386
0001 23.10561626248217
0010 23.248269614835948
0100 23.390922967189727
1000 23.46224964336662
0001 23.53357631954351
0100 23.67622967189729
0010 23.81888302425107
1000 23.961536376604847
0001 24.104189728958627
0010 24.24684308131241
0100 24.38949643366619
1000 24.532149786019968
0100 24.60347646219686
1000 24.67480313837375
0001 24.81745649072753
0100 24.96010984308131
0010 25.102763195435088
0100 25.245416547788867
0001 25.38806990014265
1000 25.53072325249643
0100 25.67337660485021
0010 25.7447032810271
0001 25.81602995720399
1000 25.95868330955777
0010 26.10133666191155
0100 26.243990014265332
0001 26.38664336661911
0010 26.529296718972894
0100 26.671950071326673
0010 26.814603423680452
0001 26.885930099857344
1000 26.957256776034235
0010 27.099910128388014
0100 27.242563480741794
0001 27.385216833095576
1000 27.527870185449355
0100 27.67052353780314
1000 27.813176890156917
0001 27.955830242510697
0100 28.027156918687588
0010 28.09848359486448
1030 28.24113694721826
3001 28.526443651925817
0010 28.669097004279596
0100 28.81175035663338
0010 28.954403708987158
0001 29.097057061340937
1000 29.16838373751783
0001 29.23971041369472
0100 29.3823637660485
0010 29.52501711840228
1000 29.667670470756057
0100 29.810323823109837
0010 29.95297717546362
0100 30.0956305278174
1000 30.238283880171178
0001 30.30961055634807
1000 30.38093723252496
0010 30.52359058487874
0100 30.66624393723252
0001 30.8088972895863
0100 30.95155064194008
0001 31.094203994293864
1000 31.236857346647643
0100 31.379510699001422
0010 31.450837375178313
0100 31.522164051355205
1000 31.664817403708984
0001 31.807470756062763
0100 31.950124108416546
0010 32.09277746077032
0100 32.235430813124104
0001 32.37808416547789
1000 32.52073751783166
0100 32.59206419400856
1000 32.663390870185445
0100 32.80604422253923
0010 32.948697574893
0001 33.091350927246786
1000 33.23400427960057
0010 33.376657631954345
0100 33.51931098430813
0001 33.66196433666191
0100 33.7332910128388
0010 33.804617689015686
1000 33.94727104136947
0100 34.08992439372325
0010 34.23257774607703
0001 34.37523109843081
1000 34.517884450784585
0010 34.66053780313837
1000 34.80319115549215
0001 34.87451783166904
0010 34.945844507845926
0001 35.08849786019971
0010 35.23115121255349
0100 35.373804564907275
1000 35.51645791726106
0001 35.65911126961483
1000 35.801764621968616
0100 35.9444179743224
0010 36.015744650499286
0001 36.087071326676174
1000 36.22972467902996
0001 36.37237803138374
0100 36.515031383737515
0010 36.6576847360913
1000 36.80033808844507
0010 36.942991440798856
0100 37.08564479315264
0001 37.15697146932953
1000 37.228298145506415
0100 37.3709514978602
0010 37.51360485021398
0001 37.656258202567756
1000 37.72758487874464
0010 37.79891155492154
1000 37.941564907275314
0001 38.01289158345221
1000 38.0842182596291
0100 38.155544935805985
0010 38.22687161198288
0001 38.29819828815977
1000 38.369524964336655
0010 38.51217831669044
0100 38.583504992867326
0001 38.65483166904422
0100 38.72615834522111
0001 38.797485021397996
1000 38.868811697574884
0100 38.94013837375178
0010 39.082791726105555
0100 39.15411840228245
1000 39.22544507845934
0001 39.296771754636225
0100 39.36809843081312
0001 39.43942510699001
0100 39.510751783166896
0010 39.65340513552068
1000 39.724731811697566
0001 39.79605848787446
0010 39.86738516405135
0100 39.93871184022824
0010 40.010038516405125
0001 40.08136519258202
1000 40.224018544935795
0001 40.29534522111269
1000 40.36667189728958
0001 40.437998573466466
0100 40.50932524964336
0001 40.58065192582025
0100 40.651978601997136
0010 40.79463195435092
1000 40.86595863052781
0001 40.9372853067047
1000 41.00861198288159
0100 41.079938659058485
0010 41.15126533523537
0001 41.22259201141227
0010 41.36524536376604
0100 41.43657203994294
1000 41.507898716119826
0001 41.57922539229671
1000 41.65055206847361
0010 41.721878744650496
0100 41.793205420827384
0001 41.93585877318117
1000 42.007185449358055
0001 42.07851212553495
0010 42.14983880171184
0100 42.221165477888725
1000 42.29249215406561
0100 42.36381883024251
1000 42.50647218259628
0001 42.57779885877318
1000 42.649125534950066
0001 42.720452211126954
0100 42.79177888730385
0010 42.86310556348074
1000 42.934432239657625
0100 43.07708559201141
0010 43.148412268188295
0100 43.21973894436519
0010 43.29106562054208
0001 43.362392296718966
1000 43.43371897289585
0001 43.50504564907275
1000 43.647699001426524
0010 43.71902567760342
1000 43.79035235378031
0001 43.861679029957195
0100 43.93300570613409
0001 44.00433238231098
1000 44.075659058487865
0100 44.21831241084165
0010 44.289639087018536
0001 44.36096576319543
0010 44.43229243937232
0100 44.50361911554921
0010 44.5749457917261
0001 44.646272467902996
1000 44.78892582025677
0010 44.86025249643367
1000 44.931579172610554
0001 45.00290584878744
0010 45.07423252496434
0100 45.145559201141225
1000 45.21688587731811
0001 45.359539229671896
0100 45.43086590584878
0010 45.50219258202568
0100 45.573519258202566
0001 45.644845934379454
1000 45.71617261055634
0001 45.78749928673324
0010 45.93015263908701
0100 46.00147931526391
1000 46.072805991440795
0100 46.14413266761768
0010 46.21545934379458
0100 46.286786019971466
1000 46.35811269614835
3001 46.500766048502136
1003 46.786072753209694
0010 46.85739942938658
0100 46.92872610556348
0001 47.07137945791725
0010 47.14270613409415
0100 47.214032810271036
1000 47.28535948644792
0100 47.35668616262482
0010 47.428012838801706
0100 47.499339514978594
1000 47.64199286733238
0001 47.713319543509265
0100 47.78464621968616
0010 47.85597289586305
0100 47.927299572039935
0001 47.99862624821682
1000 48.06995292439372
0001 48.21260627674749
0010 48.28393295292439
0100 48.355259629101276
0010 48.426586305278164
0001 48.49791298145506
1000 48.56923965763195
0001 48.640566333808835
0100 48.78321968616262
0010 48.854546362339505
1000 48.9258730385164
0001 48.99719971469329
1000 49.068526390870176
0100 49.13985306704706
0010 49.21117974322396
0100 49.353833095577734
1000 49.42515977175463
0001 49.49648644793152
1000 49.567813124108405
0010 49.6391398002853
0100 49.71046647646219
0001 49.781793152639075
1000 49.92444650499286
0100 49.995773181169746
1000 50.06709985734664
0001 50.13842653352353
0010 50.20975320970042
0001 50.28107988587731
1000 50.352406562054206
0010 50.49505991440798
0100 50.56638659058488
0001 50.637713266761764
1000 50.70903994293865
0001 50.78036661911555
0010 50.851693295292435
0100 50.92301997146932
1000 51.065673323823106
0001 51.13699999999999
0100 51.20832667617689
0010 51.279653352353776
1000 51.350980028530664
0001 51.42230670470755
1000 51.49363338088445
0100 51.63628673323822
0010 51.70761340941512
0100 51.778940085592005
1000 51.85026676176889
0100 51.92159343794579
0010 51.992920114122676
0100 52.06424679029956
1000 52.206900142653346
0001 52.278226818830234
0100 52.34955349500713
0001 52.42088017118402
0100 52.492206847360904
0010 52.56353352353779
1000 52.63486019971469
0100 52.77751355206846
0010 52.84884022824536
0001 52.920166904422246
1000 52.99149358059913
0001 53.06282025677603
0010 53.134146932952916
0100 53.205473609129804
1000 53.34812696148359
0001 53.419453637660474
0100 53.49078031383737
0010 53.56210699001426
1000 53.63343366619115
0010 53.70476034236804
1000 53.776087018544935
0001 53.91874037089871
0010 53.990067047075605
0100 54.06139372325249
0010 54.13272039942938
0001 54.204047075606276
1000 54.275373751783164
0010 54.34670042796005
1000 54.489353780313834
0001 54.56068045649072
0010 54.63200713266762
0100 54.703333808844505
0010 54.77466048502139
0001 54.84598716119828
1000 54.917313837375175
0010 55.05996718972895
0100 55.131293865905846
0001 55.202620542082734
0100 55.27394721825962
0010 55.34527389443652
1000 55.416600570613404
0001 55.48792724679029
1003 55.630580599144075
3100 55.91588730385163
0100 56.058540656205416
0100 56.343847360912974
0100 56.62915406562053
1000 56.70048074179743
0010 56.771807417974316
0100 56.8431340941512
0010 56.9144607703281
0100 56.985787446504986
0001 57.057114122681874
1000 57.19976747503566
0010 57.271094151212544
1000 57.34242082738943
0001 57.485074179743215
0100 57.5564008559201
0001 57.627727532097
1000 57.77038088445077
0100 57.84170756062767
1000 57.913034236804556
0001 58.05568758915834
0010 58.12701426533523
0100 58.198340941512114
0010 58.3409942938659
0001 58.412320970042785
1000 58.48364764621967
0001 58.626300998573456
1000 58.69762767475034
0010 58.76895435092724
0100 58.911607703281014
0001 58.98293437945791
1000 59.0542610556348
0001 59.19691440798858
1000 59.26824108416547
0001 59.33956776034236
1000 59.482221112696145
0100 59.55354778887303
1000 59.62487446504992
0001 59.7675278174037
0010 59.83885449358059
0100 59.910181169757486
0010 60.05283452211126
0001 60.12416119828816
1000 60.195487874465044
0010 60.33814122681883
0100 60.409467902995715
0001 60.4807945791726
1000 60.623447931526385
0100 60.69477460770327
0010 60.76610128388016
0100 60.908754636233944
1000 60.98008131241083
0001 61.05140798858773
0010 61.1940613409415
0100 61.2653880171184
1000 61.336714693295285
1000 61.47936804564907
1000 61.62202139800284
0100 61.764674750356626
0010 61.836001426533514
0001 61.9073281027104
0010 62.049981455064184
0100 62.12130813124107
1000 62.19263480741797
0001 62.33528815977174
1000 62.40661483594864
0010 62.477941512125525
0100 62.62059486447931
0001 62.691921540656196
0100 62.76324821683309
0001 62.905901569186874
1000 62.97722824536376
0100 63.04855492154065
0010 63.19120827389443
0100 63.26253495007132
1000 63.333861626248215
0001 63.47651497860199
1000 63.547841654778885
0001 63.61916833095577
0100 63.761821683309556
0010 63.833148359486444
1000 63.90447503566333
0001 64.04712838801711
0100 64.118455064194
0001 64.18978174037089
1000 64.33243509272467
0100 64.40376176890156
0010 64.47508844507846
0100 64.61774179743223
1000 64.68906847360913
0001 64.760395149786
0010 64.9030485021398
0001 64.97437517831668
1000 65.04570185449357
0100 65.18835520684735
0010 65.25968188302424
0002 65.33100855920114
0003 65.40233523537802
0010 65.47366191155491
0100 65.54498858773181
1000 65.61631526390869
0001 65.75896861626248
0100 65.83029529243936
0020 65.90162196861625
0030 65.97294864479315
1000 66.04427532097003
0002 66.18692867332382
0003 66.25825534950071
0100 66.3295820256776
0101 66.47223537803139
0001 66.61488873038516
1000 66.75754208273894
0010 66.90019543509273
0110 67.0428487874465
0100 67.18550213980028
0001 67.32815549215405
0010 67.47080884450783
0110 67.61346219686162
0100 67.7561155492154
1000 67.89876890156917
0001 68.04142225392296
1001 68.18407560627674
1000 68.32672895863051
0100 68.4693823109843
0010 68.61203566333808
0011 68.75468901569187
0001 68.89734236804564
1000 69.03999572039942
0010 69.18264907275321
1010 69.32530242510698
1000 69.46795577746076
0100 69.61060912981455
0010 69.75326248216832
0011 69.89591583452211
0001 70.03856918687589
1000 70.18122253922967
0001 70.32387589158346
1001 70.46652924393723
1000 70.609182596291
1000 70.75183594864478
0001 70.89448930099856
0101 71.03714265335235
0100 71.17979600570612
0001 71.3224493580599
0100 71.46510271041369
0101 71.60775606276746
0001 71.75040941512124
1000 71.89306276747503
0100 71.96438944365192
0010 72.0357161198288
0001 72.1070427960057
1000 72.1783694721826
0100 72.24969614835948
0010 72.32102282453637
0001 72.39234950071327
1000 72.46367617689015
0010 72.53500285306704
0100 72.60632952924394
0001 72.67765620542082
1000 72.74898288159771
0010 72.8203095577746
0100 72.89163623395149
0001 72.96296291012838
1000 73.03428958630526
3000 74.17551640513551
0100 75.14116986722264
0100 75.2289565455942
0001 75.31674322396576
1000 75.45939657631953
0010 75.60204992867332
0100 75.7447032810271
0001 75.88735663338088
1000 75.95868330955777
0010 76.03000998573467
1000 76.17266333808844
0100 76.31531669044222
0010 76.45797004279599
0001 76.60062339514977
1000 76.74327674750356
0001 76.88593009985733
0010 77.02858345221111
0100 77.099910128388
1000 77.1712368045649
0001 77.31389015691867
1000 77.45654350927245
0100 77.59919686162624
0010 77.74185021398002
0100 77.8845035663338
1000 78.02715691868758
0001 78.16981027104136
0100 78.24113694721825
0001 78.31246362339515
0010 78.45511697574892
0100 78.5977703281027
1000 78.74042368045647
0100 78.88307703281025
1000 79.02573038516404
0001 79.16838373751781
1000 79.31103708987159
0010 79.38236376604848
0100 79.45369044222538
0001 79.59634379457916
1000 79.73899714693293
0100 79.88165049928672
0010 80.0243038516405
0001 80.16695720399429
1000 80.30961055634806
0010 80.45226390870184
0100 80.52359058487873
0001 80.59491726105563
1000 80.7375706134094
0100 80.88022396576318
0010 81.02287731811697
0100 81.16553067047074
1000 81.30818402282453
0001 81.45083737517831
0100 81.59349072753209
0001 81.66481740370898
0100 81.73614407988588
0010 81.87879743223965
1000 82.02145078459343
0001 82.1641041369472
0010 82.30675748930098
0100 82.44941084165477
1000 82.59206419400854
0001 82.73471754636232
0100 82.80604422253921
0010 82.87737089871611
1000 83.02002425106988
0100 83.16267760342366
1000 83.30533095577745
0001 83.44798430813123
0010 83.59063766048502
0100 83.73329101283879
0010 83.87594436519257
0001 83.94727104136946
1000 84.01859771754636
0001 84.16125106990013
0100 84.30390442225391
0001 84.4465577746077
0010 84.58921112696147
0100 84.73186447931526
1000 84.87451783166904
0001 85.01717118402281
0100 85.08849786019971
0001 85.1598245363766
0100 85.30247788873038
0010 85.44513124108416
1000 85.58778459343793
0001 85.7304379457917
0100 85.8730912981455
0010 86.01574465049927
1000 86.15839800285305
0100 86.22972467902994
0010 86.30105135520684
0001 86.44370470756061
0010 86.58635805991439
0001 86.72901141226818
1000 86.87166476462195
0001 87.01431811697574
0100 87.15697146932952
0010 87.2996248216833
1000 87.37095149786019
0001 87.44227817403709
0010 87.58493152639086
0001 87.72758487874464
0100 87.87023823109843
0010 88.0128915834522
1000 88.15554493580599
0001 88.29819828815977
0010 88.44085164051354
0100 88.51217831669044
1000 88.58350499286733
0001 88.72615834522111
0100 88.86881169757488
0010 89.01146504992866
1000 89.15411840228244
0001 89.29677175463623
0010 89.43942510699
0001 89.58207845934378
0100 89.65340513552067
0001 89.72473181169757
0100 89.86738516405134
0010 90.01003851640512
1000 90.15269186875891
0001 90.29534522111268
0010 90.43799857346647
0100 90.58065192582025
1000 90.72330527817402
0001 90.79463195435092
0010 90.86595863052781
0001 91.00861198288159
1000 91.15126533523537
0001 91.29391868758914
0100 91.36524536376604
0010 91.43657203994292
1000 91.50789871611981
0001 91.5792253922967
0100 91.65055206847359
0010 91.72187874465048
1000 91.79320542082738
0001 91.86453209700426
0010 91.93585877318115
0100 92.00718544935805
1000 92.07851212553493
0001 92.14983880171182
0010 92.22116547788872
0100 92.2924921540656
1000 92.3638188302425
0001 92.43514550641939
1003 93.57637232524964
0100 93.71902567760341
1000 93.8616790299572
0001 94.00433238231098
1000 94.07565905848787
0001 94.14698573466475
1000 94.21831241084165
0010 94.28963908701854
0100 94.43229243937232
0001 94.50361911554921
1000 94.5749457917261
0001 94.64627246790299
0010 94.71759914407987
0100 94.86025249643365
1000 95.00290584878744
0001 95.14555920114121
1000 95.2168858773181
0010 95.28821255349499
1000 95.35953922967188
0001 95.43086590584878
0010 95.57351925820255
0100 95.64484593437945
1000 95.71617261055633
0100 95.78749928673322
1000 95.85882596291012
0001 96.0014793152639
1000 96.14413266761768
0001 96.28678601997146
0010 96.35811269614835
0100 96.42943937232523
0010 96.50076604850213
0001 96.57209272467902
1000 96.7147460770328
0010 96.7860727532097
0100 96.85739942938658
0010 96.92872610556347
1000 97.00005278174035
0010 97.14270613409413
0100 97.28535948644792
0010 97.42801283880169
0100 97.49933951497859
0001 97.57066619115547
1000 97.71331954350926
0010 97.85597289586303
0010 97.99862624821681
0100 98.1412796005706
0001 98.28393295292437
1000 98.42658630527816
0001 98.56923965763194
0100 98.64056633380883
0001 98.71189300998572
0100 98.78321968616261
0010 98.8545463623395
1000 98.99719971469328
0100 99.06852639087018
0010 99.13985306704706
0100 99.21117974322395
0010 99.28250641940085
0001 99.42515977175462
1000 99.56781312410841
0100 99.71046647646219
1000 99.78179315263908
0001 99.85311982881596
0100 99.92444650499286
0010 99.99577318116975
1000 100.13842653352353
0100 100.20975320970042
0010 100.2810798858773
0001 100.3524065620542
1000 100.42373323823108
0001 100.56638659058486
1000 100.70903994293865
0010 100.85169329529242
1000 100.92301997146932
0010 100.9943466476462
0100 101.06567332382309
0001 101.13699999999999
1000 101.27965335235376
0100 101.35098002853066
0010 101.42230670470754
0001 101.49363338088443
1000 101.56496005706133
0001 101.7076134094151
0100 101.85026676176889
0010 101.99292011412267
1000 102.06424679029956
0001 102.13557346647644
0010 102.27822681883023
0100 102.42088017118401
0100 102.56353352353779
0010 102.70618687589158
0001 102.84884022824535
1000 102.99149358059914
0001 103.13414693295292
1000 103.20547360912981
0010 103.27680028530669
0100 103.34812696148359
0010 103.41945363766048
1000 103.56210699001426
0100 103.63343366619115
0010 103.70476034236803
0001 103.77608701854493
0010 103.84741369472181
0001 103.99006704707558
1000 104.13272039942937
0010 104.27537375178315
0100 104.34670042796004
0001 104.41802710413693
0100 104.48935378031382
0010 104.56068045649072
1000 104.70333380884449
0100 104.77466048502139
1000 104.84598716119827
0001 104.91731383737516
1000 104.98864051355206
0010 105.13129386590583
1000 105.27394721825962
0001 105.4166005706134
1000 105.48792724679029
0100 105.55925392296717
1000 105.63058059914407
0001 105.70190727532096
0100 105.84456062767474
0010 105.91588730385163
1000 105.98721398002851
0001 106.05854065620541
1000 106.1298673323823
0100 106.27252068473608
0010 106.41517403708987
0100 106.55782738944364
1000 106.62915406562054
0100 106.70048074179742
1000 106.84313409415121
0001 106.98578744650499
0001 107.12844079885876
0100 107.27109415121254
0010 107.41374750356631
0100 107.5564008559201
0001 107.69905420827388
1000 107.77038088445077
0100 107.84170756062765
1000 107.91303423680455
0001 107.98436091298144
0100 108.12701426533522
0001 108.19834094151211
1000 108.269667617689
0100 108.34099429386589
0010 108.41232097004279
0100 108.55497432239656
1000 108.69762767475035
0001 108.84028102710413
1000 108.91160770328102
0010 108.9829343794579
1000 109.0542610556348
0010 109.12558773181169
1000 109.26824108416547
0001 109.33956776034236
0010 109.41089443651924
0100 109.48222111269614
1000 109.55354778887302
0001 109.6962011412268
1000 109.83885449358058
0001 109.98150784593436
0100 110.05283452211125
0010 110.12416119828814
0100 110.19548787446503
0001 110.26681455064193
0010 110.4094679029957
0100 110.4807945791726
1000 110.55212125534948
0100 110.62344793152637
0010 110.69477460770327
0001 110.83742796005704
1000 110.98008131241083
0010 111.12273466476461
0100 111.1940613409415
0001 111.26538801711838
1000 111.40804136947217
0010 111.55069472182595
1000 111.69334807417972
0001 111.83600142653351
0010 111.97865477888729
0100 112.12130813124108
0010 112.26396148359485
0001 112.40661483594863
1000 112.54926818830242
0100 112.6919215406562
1000 112.83457489300997
0010 112.97722824536375
1000 113.11988159771752
0001 113.26253495007131
0010 113.40518830242509
0100 113.54784165477886
0010 113.69049500713265
0001 113.83314835948643
0100 113.9758017118402
0001 114.118455064194
1000 114.26110841654777
0001 114.40376176890156
0100 114.54641512125534
0010 114.68906847360911
1000 114.8317218259629
0010 114.97437517831668
1000 115.11702853067045
0100 115.25968188302423
0010 115.402335235378
0001 115.5449885877318
0100 115.68764194008557
0010 115.83029529243935
1000 115.97294864479314
0010 116.11560199714691
0010 116.25825534950069
1000 116.40090870185448
0001 116.54356205420825
0010 116.68621540656204
0100 116.82886875891582
0010 116.97152211126959
0001 117.11417546362338
1000 117.25682881597716
0010 117.39948216833093
0100 117.54213552068472
0010 117.6847888730385
1000 117.82744222539229
0001 117.97009557774606
1000 118.11274893009984
0001 118.25540228245363
0010 118.3980556348074
0100 118.54070898716118
1000 118.68336233951496
0100 118.82601569186873
0010 118.96866904422252
0001 119.1113223965763
0100 119.25397574893007
0010 119.39662910128386
1000 119.53928245363764
0010 119.68193580599142
0100 119.8245891583452
0001 119.96724251069898
1000 120.10989586305277
0100 120.25254921540655
1000 120.39520256776032
0001 120.53785592011411
0100 120.68050927246789
0100 120.82316262482166
0010 120.96581597717545
1000 121.10846932952923
0010 121.25112268188302
1000 121.3937760342368
0100 121.53642938659057
0010 121.67908273894436
0001 121.82173609129813
1000 121.96438944365191
0010 122.10704279600569
0100 122.24969614835946
0010 122.39234950071325
1000 122.53500285306703
0001 122.6776562054208
0010 122.82030955777459
0100 122.96296291012837
1000 123.10561626248214
0001 123.24826961483593
0010 123.39092296718971
0100 123.5335763195435
0010 123.67622967189727
0001 123.81888302425105
1000 123.96153637660484
0010 124.10418972895862
0100 124.24684308131239
0001 124.38949643366618
1000 124.53214978601996
0010 124.67480313837375
1000 124.81745649072752
0100 124.9601098430813
0010 125.10276319543509
0100 125.24541654778886
0100 125.38806990014264
1000 125.53072325249641
0001 125.67337660485019
1000 125.81602995720398
0100 125.95868330955776
0010 126.10133666191153
0001 126.24399001426532
1000 126.3866433666191
0010 126.52929671897287
0100 126.67195007132666
0001 126.81460342368044
1000 126.95725677603423
0010 127.099910128388
1000 127.24256348074178
0001 127.38521683309557
0010 127.52787018544934
0100 127.67052353780312
1000 127.8131768901569
0100 127.88450356633379
0010 127.95583024251067
0001 128.02715691868755
1000 128.09848359486446
0010 128.16981027104134
0100 128.24113694721822
0001 128.31246362339513
1000 128.383790299572
0100 128.4551169757489
0010 128.5264436519258
0001 128.59777032810268
1000 128.66909700427956
0010 128.74042368045647
0100 128.81175035663335
0001 128.88307703281023
1000 128.95440370898714
3001 129.81032382310983
0010 129.8816504992867
0001 129.95297717546362
0010 130.0243038516405
0001 130.09563052781738
1000 130.16695720399426
0001 130.23828388017117
1000 130.38093723252493
0100 130.45226390870184
0010 130.52359058487872
0100 130.5949172610556
1000 130.6662439372325
0001 130.7375706134094
0100 130.80889728958627
0010 130.95155064194006
1000 131.02287731811694
0001 131.09420399429385
1000 131.16553067047073
0100 131.23685734664764
0010 131.30818402282452
0001 131.37951069900143
0010 131.5221640513552
0100 131.5934907275321
0010 131.66481740370898
0001 131.73614407988586
1000 131.80747075606277
0010 131.87879743223965
0100 131.95012410841653
0001 132.09277746077032
1000 132.1641041369472
0001 132.2354308131241
1000 132.306757489301
0100 132.37808416547787
0010 132.44941084165475
0100 132.52073751783166
1000 132.66339087018542
0001 132.73471754636233
0100 132.8060442225392
0001 132.8773708987161
1000 132.948697574893
0001 133.02002425106988
1000 133.09135092724676
0001 133.23400427960055
0010 133.30533095577744
0100 133.37665763195434
1000 133.44798430813123
0001 133.5193109843081
1000 133.590637660485
0010 133.6619643366619
1000 133.80461768901566
0100 133.87594436519257
0010 133.94727104136945
0100 134.01859771754633
1000 134.08992439372324
0001 134.16125106990012
0100 134.232577746077
0001 134.3752310984308
0010 134.44655777460767
0100 134.51788445078458
1000 134.58921112696146
0001 134.66053780313837
1000 134.73186447931525
0010 134.80319115549216
1000 134.94584450784592
0001 135.01717118402283
1000 135.0884978601997
0100 135.1598245363766
0010 135.2311512125535
0100 135.30247788873038
1000 135.37380456490726
0100 135.51645791726105
1000 135.58778459343793
0001 135.65911126961484
1000 135.73043794579172
0010 135.8017646219686
1000 135.87309129814548
0010 135.9444179743224
1000 136.08707132667615
0001 136.15839800285306
0010 136.22972467902994
0001 136.30105135520682
1000 136.37237803138373
0010 136.4437047075606
1000 136.5150313837375
0100 136.65768473609128
0010 136.72901141226816
0001 136.80033808844507
0100 136.87166476462195
0001 136.94299144079883
0100 137.01431811697572
0010 137.08564479315262
1000 137.2282981455064
0001 137.2996248216833
1000 137.37095149786018
0100 137.44227817403706
0010 137.51360485021397
0100 137.58493152639085
1000 137.65625820256773
0100 137.79891155492152
1000 137.8702382310984
0001 137.9415649072753
1000 138.0128915834522
0010 138.0842182596291
0100 138.15554493580598
0001 138.2268716119829
1000 138.36952496433665
0010 138.44085164051356
1000 138.51217831669044
0001 138.58350499286732
0100 138.65483166904423
0001 138.7261583452211
0010 138.797485021398
0001 138.94013837375178
0010 139.01146504992866
0100 139.08279172610557
1000 139.15411840228245
0001 139.22544507845933
0100 139.2967717546362
0001 139.36809843081312
1000 139.51075178316688
0010 139.5820784593438
0100 139.65340513552067
0001 139.72473181169755
1000 139.79605848787446
0100 139.86738516405134
0010 139.93871184022822
0001 140.081365192582
0010 140.1526918687589
0100 140.2240185449358
1000 140.29534522111268
0001 140.36667189728956
1000 140.43799857346644
0010 140.50932524964335
0100 140.65197860199711
0001 140.72330527817402
0100 140.7946319543509
0001 140.86595863052779
0010 140.9372853067047
0100 141.00861198288158
1000 141.07993865905846
0001 141.22259201141225
0100 141.29391868758913
0010 141.36524536376604
1000 141.43657203994292
0100 141.5078987161198
1000 141.57922539229668
0001 141.6505520684736
0010 141.79320542082735
0100 141.86453209700426
0010 141.93585877318114
0001 142.00718544935802
1000 142.07851212553493
0001 142.1498388017118
0100 142.2211654778887
0001 142.36381883024248
1000 142.43514550641936
0001 142.50647218259627
0010 142.57779885877315
0100 142.64912553495006
1000 142.72045221112694
0100 142.79177888730385
1000 142.9344322396576
0001 143.00575891583452
1000 143.0770855920114
0010 143.14841226818828
0100 143.2197389443652
0001 143.29106562054207
1000 143.36239229671895
0100 143.50504564907274
0010 143.57637232524962
0100 143.64769900142653
1000 143.7190256776034
0001 143.7903523537803
0010 143.86167902995717
0001 143.93300570613408
0100 144.07565905848784
0010 144.14698573466475
1000 144.21831241084163
0001 144.28963908701851
1000 144.36096576319542
0100 144.4322924393723
0010 144.50361911554918
0001 144.64627246790297
0010 144.71759914407986
0100 144.78892582025676
1000 144.86025249643365
0001 144.93157917261053
0100 145.0029058487874
0010 145.07423252496432
1000 145.21688587731808
0001 145.288212553495
1000 145.35953922967187
0010 145.43086590584875
0100 145.50219258202566
0001 145.57351925820254
1000 145.64484593437942
0100 145.7874992867332
0010 145.8588259629101
0001 145.930152639087
1000 146.00147931526388
0001 146.0728059914408
0100 146.14413266761767
0010 146.21545934379458
1000 146.28678601997146
0001 146.35811269614834
0010 146.42943937232525
0100 146.50076604850213
1000 146.572092724679
0001 146.64341940085592
0100 146.7147460770328
0010 146.78607275320968
1000 146.8573994293866
0001 146.92872610556347
0010 147.00005278174035
0100 147.07137945791726
1000 147.14270613409414
0001 147.21403281027102
1003 148.35525962910125
