TITLE Game Start
BPM   175.0
NOTES
0001 12.371428571428572
0010 12.714285714285715
0100 13.057142857142857
1000 13.742857142857144
0001 14.428571428571429
0100 14.771428571428572
0010 15.114285714285716
1000 15.457142857142859
0100 15.8
0010 16.485714285714284
0001 16.82857142857143
1000 17.17142857142857
0100 17.857142857142854
1000 18.199999999999996
0001 18.54285714285714
1000 19.228571428571428
0100 19.914285714285715
0010 20.257142857142856
0001 20.599999999999998
1000 20.94285714285714
0010 21.285714285714285
1000 21.97142857142857
0001 22.314285714285713
0010 22.65714285714286
0100 23.0
2100 23.34285714285714
3002 23.599999999999998
0203 23.857142857142854
0320 24.114285714285714
1030 24.37142857142857
0100 24.54285714285714
0020 24.71428571428571
0032 25.057142857142853
2003 25.4
3020 25.657142857142855
0130 25.91428571428571
0002 26.085714285714285
0023 26.34285714285714
0230 26.6
2300 26.857142857142858
3001 27.114285714285714
0100 27.285714285714285
0020 27.457142857142856
2030 27.799999999999997
3200 28.142857142857142
0320 28.4
0031 28.657142857142855
2000 28.82857142857143
3002 29.085714285714285
0203 29.34285714285714
0302 29.6
0013 29.857142857142858
0100 30.02857142857143
2000 30.2
3002 30.54285714285714
0203 30.885714285714286
0320 31.142857142857142
0130 31.4
0002 31.57142857142857
0023 31.828571428571426
0230 32.08571428571428
2300 32.34285714285714
3001 32.6
0100 32.77142857142857
0020 32.94285714285714
0230 33.285714285714285
0302 33.628571428571426
0023 33.885714285714286
0130 34.142857142857146
2000 34.31428571428571
3002 34.57142857142857
0203 34.82857142857142
0302 35.08571428571428
0013 35.342857142857135
0100 35.51428571428571
2000 35.68571428571428
3002 36.028571428571425
2003 36.37142857142857
3200 36.628571428571426
0310 36.885714285714286
0002 37.05714285714286
0203 37.31428571428572
0302 37.57142857142857
0023 37.82857142857143
0130 38.08571428571428
1000 38.25714285714286
0020 38.42857142857143
0230 38.77142857142857
0320 39.114285714285714
2030 39.371428571428574
3001 39.62857142857143
2000 39.8
3200 40.05714285714286
0320 40.31428571428571
0032 40.57142857142857
1003 40.82857142857143
0010 41.0
0200 41.17142857142857
0320 41.51428571428571
2030 41.857142857142854
3200 42.114285714285714
0310 42.371428571428574
0002 42.542857142857144
0203 42.800000000000004
0320 43.05714285714286
0230 43.31428571428572
0301 43.57142857142858
0010 43.74285714285715
0200 43.91428571428571
2300 44.25714285714285
3002 44.599999999999994
0203 44.857142857142854
0301 45.114285714285714
1000 45.285714285714285
0100 45.457142857142856
0010 45.628571428571426
0001 45.8
0011 45.97142857142857
0010 46.31428571428571
0100 46.48571428571429
1000 46.65714285714286
0001 46.82857142857143
0100 47.0
0001 47.17142857142857
0101 47.34285714285714
0100 47.68571428571429
0010 47.85714285714286
1000 48.028571428571425
0010 48.199999999999996
1000 48.37142857142857
0100 48.54285714285714
0110 48.71428571428571
0010 49.05714285714286
0001 49.22857142857143
1000 49.4
0001 49.57142857142857
0100 49.74285714285714
0010 49.91428571428571
1010 50.08571428571428
1000 50.42857142857142
0001 50.6
0010 50.77142857142857
0001 50.94285714285714
1000 51.114285714285714
0001 51.285714285714285
1001 51.457142857142856
1000 51.800000000000004
0100 51.971428571428575
0010 52.14285714285714
0001 52.31428571428571
0010 52.48571428571428
0100 52.65714285714285
0110 52.82857142857142
0010 53.17142857142857
0001 53.34285714285714
1000 53.51428571428571
0001 53.68571428571428
0100 53.857142857142854
0010 54.028571428571425
1010 54.199999999999996
1000 54.54285714285714
0001 54.714285714285715
0010 54.885714285714286
0001 55.05714285714286
0100 55.22857142857143
0010 55.4
1010 55.57142857142857
1000 55.91428571428572
0001 56.08571428571429
0101 56.25714285714286
1010 56.6
0101 56.94285714285714
1010 57.285714285714285
1100 57.628571428571426
0011 57.97142857142857
1100 58.31428571428571
0011 58.65714285714285
0110 59.0
1001 59.34285714285714
0110 59.68571428571428
1001 60.02857142857143
1010 60.371428571428574
0011 60.714285714285715
1010 61.05714285714286
0011 61.4
0001 61.74285714285714
0010 61.91428571428571
0100 62.08571428571428
0010 62.25714285714285
0001 62.42857142857142
1000 62.599999999999994
0010 62.771428571428565
0100 62.94285714285714
0001 63.114285714285714
0010 63.285714285714285
0001 63.457142857142856
1000 63.628571428571426
0001 63.8
0100 63.97142857142857
0010 64.14285714285715
0100 64.31428571428572
0001 64.4857142857143
0010 64.57142857142858
0100 64.65714285714286
1000 64.74285714285715
0001 64.82857142857144
0100 64.91428571428573
0001 65.0
0100 65.08571428571429
0010 65.17142857142858
1000 65.25714285714287
0010 65.34285714285714
1000 65.42857142857143
0001 65.51428571428572
0010 65.60000000000001
0100 65.6857142857143
1000 65.77142857142859
0001 65.85714285714286
1003 67.22857142857143
0010 67.4
1000 67.48571428571428
1000 67.65714285714286
0001 67.74285714285715
0100 67.91428571428571
0001 68.0
0001 68.17142857142856
1000 68.25714285714285
0100 68.42857142857143
0010 68.60000000000001
0001 68.77142857142859
1000 68.94285714285715
0010 69.11428571428573
0100 69.28571428571429
0001 69.45714285714287
0010 69.54285714285714
0010 69.71428571428572
0100 69.80000000000001
1000 69.97142857142858
0001 70.14285714285715
0100 70.22857142857143
0100 70.4
0010 70.4857142857143
1000 70.65714285714286
0001 70.74285714285715
0001 70.91428571428571
0010 71.0
0100 71.17142857142858
1000 71.34285714285716
0001 71.51428571428573
0100 71.6857142857143
0001 71.85714285714288
1000 72.02857142857144
0100 72.20000000000002
0010 72.28571428571429
0010 72.45714285714287
0001 72.54285714285716
1000 72.71428571428572
0001 72.8857142857143
0100 72.97142857142858
0100 73.14285714285715
0001 73.22857142857144
1000 73.4
0010 73.4857142857143
0010 73.65714285714286
0100 73.74285714285715
0001 73.91428571428573
0010 74.08571428571429
0100 74.25714285714287
1000 74.42857142857143
0001 74.60000000000001
1000 74.77142857142857
0010 74.94285714285715
0100 75.02857142857142
0100 75.2
0001 75.28571428571429
1000 75.45714285714287
0001 75.62857142857145
0010 75.71428571428572
0010 75.8857142857143
0100 75.97142857142859
1000 76.14285714285715
0001 76.22857142857144
0001 76.4
0100 76.4857142857143
0010 76.65714285714287
1000 76.82857142857144
0001 77.00000000000001
0010 77.17142857142858
0001 77.34285714285716
0100 77.51428571428572
0010 77.6857142857143
1000 77.77142857142857
1000 77.94285714285715
0001 78.02857142857144
1001 78.2
1000 78.39591836734694
0100 78.4938775510204
0100 78.59183673469389
0001 78.68979591836735
0010 78.88571428571429
0100 78.98367346938775
0100 79.08163265306123
0001 79.1795918367347
1000 79.37551020408164
0010 79.57142857142858
0100 79.75428571428573
0001 79.93714285714287
1000 80.12000000000002
0100 80.30285714285715
0010 80.4857142857143
0100 80.57714285714287
0100 80.66857142857144
0001 80.76000000000002
1000 80.94285714285715
0001 81.13877551020408
0010 81.23673469387757
0010 81.33469387755103
0100 81.4326530612245
0001 81.62857142857143
0100 81.7265306122449
0100 81.82448979591838
0010 81.92244897959185
0001 82.11836734693878
0010 82.31428571428572
0100 82.49714285714286
1000 82.68
0010 82.86285714285715
1000 83.04571428571428
0001 83.22857142857143
0010 83.32000000000001
0010 83.41142857142857
1000 83.50285714285715
0100 83.6857142857143
1000 83.88163265306123
0010 83.9795918367347
0010 84.07755102040818
0001 84.17551020408165
1000 84.37142857142858
0100 84.46938775510205
0100 84.56734693877553
0010 84.665306122449
1000 84.86122448979593
0001 85.05714285714286
0100 85.24000000000001
0010 85.42285714285715
1000 85.6057142857143
0001 85.78857142857143
0010 85.97142857142858
0100 86.06285714285715
0100 86.15428571428572
0001 86.24571428571429
1000 86.42857142857143
0010 86.51428571428572
0100 86.60000000000001
0001 86.68571428571428
1000 86.77142857142857
0100 86.85714285714286
1000 86.94285714285715
0100 87.02857142857142
0010 87.11428571428571
0001 87.2
0010 87.28571428571429
0001 87.37142857142857
1000 87.45714285714286
0010 87.54285714285714
0100 87.62857142857143
0001 87.71428571428572
1000 87.80000000000001
3002 89.17142857142858
0203 89.42857142857143
0320 89.6857142857143
2030 89.94285714285715
3100 90.2
0010 90.37142857142858
0002 90.54285714285714
0203 90.88571428571429
0320 91.22857142857143
2030 91.48571428571428
3001 91.74285714285715
0020 91.91428571428573
0230 92.17142857142858
0320 92.42857142857144
0032 92.6857142857143
1003 92.94285714285715
0010 93.11428571428573
2000 93.28571428571429
3200 93.62857142857143
0320 93.97142857142858
0032 94.22857142857143
1003 94.4857142857143
0020 94.65714285714286
2030 94.91428571428571
3002 95.17142857142858
2003 95.42857142857143
3100 95.68571428571428
0010 95.85714285714286
0200 96.02857142857144
2300 96.37142857142858
3002 96.71428571428572
0203 96.97142857142858
0301 97.22857142857144
0020 97.4
0230 97.65714285714286
2300 97.91428571428573
3002 98.17142857142858
0103 98.42857142857143
0010 98.60000000000001
2000 98.77142857142857
3200 99.11428571428571
0320 99.45714285714286
0230 99.71428571428571
1300 99.97142857142858
0002 100.14285714285715
0203 100.4
0302 100.65714285714287
2003 100.91428571428573
3010 101.17142857142858
0100 101.34285714285716
0002 101.51428571428572
0023 101.85714285714286
0230 102.2
2300 102.45714285714286
3001 102.71428571428572
2000 102.88571428571429
3020 103.14285714285714
2030 103.4
3002 103.65714285714286
0013 103.91428571428571
0100 104.08571428571429
2000 104.25714285714287
3002 104.60000000000001
0203 104.94285714285715
0320 105.2
1030 105.45714285714287
0200 105.62857142857143
0320 105.88571428571429
0032 106.14285714285715
2003 106.4
3010 106.65714285714286
0100 106.82857142857144
0020 107.0
2030 107.34285714285714
3002 107.68571428571428
2003 107.94285714285714
3100 108.2
0020 108.37142857142858
0032 108.62857142857143
2003 108.8857142857143
3020 109.14285714285715
1030 109.4
0100 109.57142857142858
2000 109.74285714285715
3200 110.08571428571429
0320 110.42857142857143
0032 110.68571428571428
1003 110.94285714285715
1020 111.11428571428573
0230 111.37142857142858
0320 111.62857142857145
2030 111.8857142857143
3001 112.14285714285715
0010 112.31428571428573
0200 112.4857142857143
0320 112.82857142857144
0032 113.17142857142858
2003 113.42857142857143
3010 113.6857142857143
0200 113.85714285714286
0302 114.11428571428571
0023 114.37142857142858
0230 114.62857142857143
1300 114.88571428571429
0001 115.05714285714286
0200 115.22857142857144
0320 115.57142857142858
2030 115.91428571428573
3200 116.17142857142858
0310 116.42857142857144
0002 116.60000000000001
2003 116.85714285714286
3020 117.11428571428573
0230 117.37142857142858
0310 117.62857142857143
1000 117.80000000000001
0200 117.97142857142858
0320 118.31428571428572
0032 118.65714285714286
2003 118.91428571428571
3010 119.17142857142858
0200 119.34285714285716
0302 119.60000000000001
0023 119.85714285714288
0230 120.11428571428573
1300 120.37142857142858
0001 120.54285714285716
0200 120.71428571428572
0320 121.05714285714286
2030 121.4
3002 121.65714285714286
2000 121.91428571428573
3003 124.82857142857144
