TITLE Go My Way
BPM   181.0
NOTES
0002 3.6686629834254143
0023 3.8344088397790057
0230 4.000154696132596
1300 4.165900552486187
0100 4.331646408839778
0010 4.497392265193369
0001 4.663138121546961
1000 4.828883977900552
0001 4.994629834254143
1000 5.160375690607734
0100 5.24324861878453
1000 5.326121546961326
0100 5.491867403314917
0010 5.657613259668508
0001 5.8233591160220985
1000 5.98910497237569
0001 6.154850828729281
0100 6.320596685082872
0010 6.486342541436463
1000 6.569215469613259
0010 6.652088397790055
0100 6.817834254143646
0001 6.983580110497237
1000 7.149325966850828
0100 7.31507182320442
0010 7.397944751381215
0001 7.480817679558011
0010 7.646563535911602
0001 7.812309392265193
0010 7.895182320441989
0100 7.978055248618785
1000 8.143801104972376
0001 8.309546961325967
0100 8.475292817679557
0010 8.64103867403315
0100 8.80678453038674
0010 8.972530386740331
0100 9.138276243093923
0001 9.221149171270719
1000 9.304022099447513
0100 9.469767955801105
0010 9.635513812154697
0001 9.801259668508287
1000 9.967005524861879
0001 10.132751381215469
0010 10.29849723756906
0100 10.464243093922653
1000 10.629988950276243
0001 10.712861878453038
1000 10.795734806629834
0001 10.961480662983426
1000 11.127226519337016
0100 11.292972375690608
1000 11.458718232044198
0100 11.62446408839779
0010 11.790209944751382
0100 11.955955801104972
0010 12.121701657458564
0001 12.287447513812156
1000 12.453193370165746
0001 12.618939226519338
1000 12.784685082872928
0100 12.95043093922652
0010 13.116176795580111
0001 13.281922651933701
1000 13.447668508287293
0100 13.613414364640885
0010 13.779160220994475
0001 13.944906077348067
1000 14.110651933701657
0001 14.276397790055249
0010 14.44214364640884
0100 14.607889502762431
1000 14.773635359116023
0101 16.09960220994475
1010 16.431093922651932
1001 16.762585635359113
1000 17.094077348066296
0100 17.259823204419888
0010 17.42556906077348
0011 17.757060773480664
1001 18.088552486187844
1000 18.420044198895027
0010 18.58579005524862
1000 18.751535911602208
1010 19.08302762430939
0110 19.41451933701657
0100 19.746011049723755
0001 19.911756906077347
1000 20.07750276243094
1001 20.408994475138122
0110 20.740486187845303
1000 21.071977900552486
0001 21.237723756906078
0101 21.56921546961326
0001 21.90070718232044
0100 22.06645303867403
0110 22.397944751381214
1010 22.729436464088394
1001 23.060928176795578
1000 23.392419889502758
0001 23.55816574585635
0100 23.72391160220994
0010 23.889657458563534
0110 24.221149171270717
0010 24.552640883977897
1000 24.71838674033149
1010 25.049878453038673
1001 25.381370165745853
0001 25.712861878453037
1000 25.878607734806625
1100 26.21009944751381
1000 26.541591160220992
0001 26.707337016574584
1000 26.873082872928176
0100 27.038828729281768
0010 27.121701657458562
0001 27.204574585635356
0010 27.287447513812154
0001 27.370320441988948
1000 27.453193370165746
0001 27.53606629834254
1000 27.618939226519334
0010 27.701812154696132
0100 27.784685082872926
0001 27.867558011049724
1000 27.950430939226518
0001 28.033303867403312
0011 28.364795580110496
1100 28.696287292817676
1000 29.02777900552486
0100 29.19352486187845
0010 29.359270718232043
0011 29.690762430939227
1001 30.022254143646407
1000 30.35374585635359
0100 30.519491712707183
1000 30.68523756906077
1100 31.016729281767955
0110 31.348220994475135
0010 31.67971270718232
0001 31.84545856353591
1001 32.17695027624309
0001 32.508441988950274
0100 32.67418784530387
0110 33.005679558011046
1001 33.33717127071823
1100 33.66866298342541
0100 34.0001546961326
0010 34.165900552486185
0001 34.331646408839774
0010 34.49739226519337
0110 34.82888397790055
0010 35.16037569060774
0001 35.32612154696133
1001 35.65761325966851
1100 35.98910497237569
0100 36.320596685082876
0010 36.486342541436464
0011 36.81783425414365
0010 37.14932596685083
0001 37.31507182320442
1000 37.48081767955801
0100 37.6465635359116
0010 37.81230939226519
0001 37.97805524861879
1000 38.06092817679558
0010 38.143801104972376
0100 38.22667403314917
0010 38.309546961325964
1000 38.47529281767956
0001 38.64103867403315
0020 38.806784530386736
0130 39.13827624309392
2000 39.304022099447515
3100 39.63551381215469
0020 39.80125966850829
0032 40.13275138121547
1003 40.464243093922654
0020 40.62998895027625
0130 40.961480662983426
0002 41.12722651933702
1003 41.4587182320442
0100 41.624464088397794
0020 41.79020994475138
0031 42.287447513812154
1000 42.45319337016575
0010 42.61893922651934
0100 42.784685082872926
0001 42.95043093922652
0010 43.11617679558011
0200 43.281922651933705
2300 43.61341436464088
3001 43.944906077348065
0200 44.110651933701654
0301 44.44214364640884
0200 44.60788950276243
0310 44.93938121546961
2000 45.105127071823205
3100 45.43661878453038
0010 45.60236464088398
0001 45.768110497237565
0020 45.93385635359116
0130 46.26534806629834
1000 46.43109392265193
0002 46.59683977900553
0023 46.92833149171271
0130 47.259823204419895
2000 47.42556906077348
3002 47.75706077348067
0013 48.088552486187844
0100 48.25429834254144
1000 48.42004419889503
0100 48.58579005524862
0010 48.75153591160221
0010 49.083027624309395
0001 49.24877348066298
0020 49.41451933701657
0130 49.746011049723755
2000 49.91175690607735
3100 50.24324861878453
0020 50.40899447513812
0031 50.7404861878453
1000 50.906232044198894
0001 51.07197790055248
0200 51.23772375690608
0301 51.569215469613255
2000 51.73496132596685
3100 52.066453038674034
0010 52.23219889502763
0002 52.39794475138122
0103 52.89518232044199
0010 53.060928176795585
1000 53.22667403314917
0100 53.41609786898185
0010 53.60552170481452
0020 53.7949455406472
0230 54.17379321231255
1300 54.5526408839779
0002 54.71838674033149
0103 55.04987845303867
0020 55.21562430939227
1030 55.547116022099445
0002 55.71286187845304
0013 56.04435359116022
0100 56.21009944751381
1000 56.3758453038674
0200 56.541591160220996
0310 56.87308287292817
0001 57.03882872928177
2000 57.204574585635356
3002 57.53606629834254
0103 57.867558011049724
0020 58.03330386740331
2030 58.364795580110496
3001 58.69628729281768
0100 58.862033149171275
0010 59.02777900552486
0100 59.19352486187846
0001 59.35927071823205
0100 59.442143646408844
0001 59.525016574585635
1000 59.60788950276243
0001 59.69076243093923
1000 59.77363535911603
0100 59.85650828729282
2000 60.188
3200 60.519491712707186
0310 60.85098342541436
0002 61.01672928176796
0013 61.348220994475135
0200 61.51396685082873
2300 61.845458563535914
3002 62.17695027624309
0203 62.508441988950274
0302 63.17142541436464
1003 63.50291712707182
0020 63.66866298342541
0230 64.00015469613258
0300 64.49739226519337
0002 65.49186740331491
2003 65.8233591160221
3100 66.15485082872928
0020 66.32059668508288
0031 66.65208839779005
2000 66.81783425414363
3020 67.14932596685082
0230 67.480817679558
0302 67.81230939226519
1003 68.47529281767956
0100 68.64103867403315
0010 68.80678453038674
0001 68.97253038674033
0010 69.13827624309393
0001 69.30402209944752
1000 69.4697679558011
0010 69.5526408839779
0100 69.6355138121547
0001 69.7183867403315
0100 69.8012596685083
0010 69.88413259668509
0100 69.96700552486189
0001 70.04987845303867
1000 70.13275138121547
0001 70.21562430939227
1000 70.29849723756907
0001 70.38137016574586
0010 70.46424309392265
0200 70.79573480662982
2300 71.12722651933701
3001 71.45871823204419
2000 71.62446408839779
3100 71.95595580110498
0020 72.12170165745856
0032 72.45319337016575
0203 72.78468508287293
0320 73.11617679558012
2030 73.77916022099448
3100 74.11065193370166
0020 74.27639779005526
0031 74.60788950276243
2000 75.1051270718232
3002 75.43661878453038
0203 75.76811049723757
0320 76.09960220994475
0230 76.43109392265194
0302 76.76258563535912
2003 77.09407734806629
3200 77.42556906077347
0320 77.75706077348066
0032 78.08855248618784
1003 78.42004419889503
0100 78.58579005524862
0010 78.7515359116022
0001 78.9172817679558
0010 79.0830276243094
0100 79.24877348066299
0010 79.41451933701657
0001 79.58026519337017
1000 79.74601104972376
0100 79.82888397790056
0010 79.91175690607736
0100 79.99462983425416
1000 80.07750276243094
0001 80.16037569060774
0010 80.24324861878453
0100 80.32612154696133
0020 80.40899447513813
0031 81.07197790055248
2000 83.15564009471191
3200 83.3450639305446
0320 83.53448776637727
0031 83.72391160220994
1000 83.88965745856353
0100 84.05540331491711
0010 84.22114917127071
0100 84.3868950276243
1000 84.5526408839779
0001 84.71838674033148
0100 84.80125966850828
0001 84.88413259668508
0100 85.04987845303867
0001 85.21562430939227
1000 85.38137016574585
0001 85.54711602209944
1000 85.71286187845304
0100 85.87860773480664
0010 86.04435359116022
0001 86.12722651933701
1000 86.21009944751381
0001 86.37584530386741
0100 86.541591160221
0001 86.70733701657458
0100 86.87308287292818
0010 86.95595580110498
1000 87.03882872928178
0001 87.20457458563537
1000 87.37032044198895
0010 87.45319337016575
0100 87.53606629834255
0010 87.70181215469613
0100 87.86755801104972
0001 88.0333038674033
0010 88.1990497237569
0001 88.3647955801105
0010 88.53054143646409
0001 88.69628729281767
1000 88.77916022099447
0100 88.86203314917127
0010 89.02777900552486
0001 89.19352486187846
1000 89.35927071823204
0100 89.52501657458563
0010 89.69076243093923
0001 89.85650828729283
0100 90.0222541436464
0001 90.188
0100 90.2708729281768
0001 90.35374585635358
0100 90.51949171270718
0010 90.68523756906076
1000 90.85098342541436
0010 91.01672928176795
1000 91.18247513812155
0001 91.34822099447513
1000 91.51396685082872
0001 91.67971270718232
0010 91.84545856353591
0100 92.0112044198895
1000 92.17695027624309
0010 92.34269613259669
0100 92.50844198895028
0001 92.67418784530386
1000 92.83993370165746
0100 93.00567955801105
0010 93.17142541436465
0001 93.33717127071823
0010 93.50291712707183
0100 93.66866298342542
2000 93.83440883977902
3002 94.0001546961326
0023 94.16590055248619
0130 94.33164640883977
1000 94.49739226519337
0001 94.66313812154695
0010 94.82888397790055
0100 94.99462983425414
0010 95.16037569060774
0001 95.32612154696132
1000 95.40899447513812
0100 95.49186740331491
0010 95.65761325966851
0100 95.8233591160221
1000 95.98910497237569
0001 96.15485082872928
0100 96.32059668508288
0010 96.48634254143647
1000 96.65208839779005
0010 96.73496132596685
0100 96.81783425414365
0010 96.98358011049723
1000 97.14932596685082
0100 97.3150718232044
0010 97.480817679558
0001 97.5636906077348
1000 97.6465635359116
0010 97.81230939226519
1000 97.97805524861877
0001 98.06092817679557
0010 98.14380110497237
0100 98.30954696132596
0010 98.47529281767956
0100 98.64103867403314
1000 98.80678453038674
0100 98.97253038674033
1000 99.13827624309393
0100 99.30402209944751
0010 99.3868950276243
0001 99.4697679558011
1000 99.6355138121547
0010 99.8012596685083
1000 99.96700552486188
0010 100.13275138121547
0100 100.29849723756907
0001 100.46424309392266
0100 100.62998895027624
0001 100.79573480662984
1000 100.87860773480664
0001 100.96148066298342
0010 101.12722651933701
0001 101.2929723756906
1000 101.45871823204419
0001 101.62446408839779
1000 101.79020994475138
0010 101.95595580110496
1000 102.12170165745856
0010 102.28744751381215
0100 102.45319337016575
0001 102.61893922651933
0010 102.78468508287293
0100 102.95043093922652
1000 103.11617679558012
0001 103.2819226519337
1000 103.4476685082873
0100 103.61341436464089
0010 103.77916022099448
0001 103.94490607734807
0010 104.02777900552486
0100 104.11065193370166
1000 104.19352486187846
0100 104.27639779005526
1000 104.35927071823205
0001 104.44214364640885
0100 104.52501657458563
0010 104.60788950276243
1000 104.69076243093923
0010 104.77363535911603
0100 104.85650828729283
0001 104.93938121546961
0011 105.27087292817679
1001 105.60236464088398
1000 105.93385635359115
0100 106.09960220994475
0010 106.26534806629834
0011 106.59683977900552
1001 106.92833149171271
1000 107.25982320441989
0010 107.42556906077348
0100 107.59131491712706
0110 107.92280662983424
1001 108.25429834254143
1000 108.58579005524861
0010 108.7515359116022
0110 109.0830276243094
0010 109.41451933701657
1000 109.58026519337017
1001 109.91175690607734
0110 110.24324861878453
1001 110.57474033149171
1000 110.9062320441989
0001 111.0719779005525
0100 111.23772375690608
0010 111.40346961325967
0110 111.73496132596685
0010 112.06645303867403
1000 112.23219889502762
1010 112.5636906077348
0110 112.89518232044199
0100 113.22667403314917
0001 113.39241988950276
1001 113.72391160220995
0001 114.05540331491713
0010 114.22114917127071
0100 114.71838674033148
2000 115.04987845303867
3200 115.21562430939225
0320 115.38137016574585
0031 115.54711602209944
0011 115.87860773480662
0110 116.21009944751381
0100 116.54159116022099
1000 116.70733701657458
0001 116.87308287292818
1001 117.20457458563536
1100 117.53606629834255
0100 117.86755801104972
0010 118.03330386740332
0001 118.1990497237569
0101 118.53054143646408
1010 118.86203314917127
1000 119.19352486187844
0100 119.35927071823204
0110 119.69076243093923
0100 120.0222541436464
0010 120.188
0011 120.51949171270718
1001 120.85098342541436
0110 121.18247513812153
1000 121.51396685082872
0001 121.67971270718232
1000 121.8454585635359
0001 122.0112044198895
0101 122.34269613259669
0001 122.67418784530386
1000 122.83993370165746
1100 123.17142541436463
1001 123.50291712707183
0001 123.834408839779
0010 124.0001546961326
0110 124.33164640883979
0010 124.66313812154696
0001 124.82888397790055
0010 125.32612154696132
0100 125.65761325966851
1000 125.98910497237569
2002 126.15485082872928
3003 128.80678453038672
