TITLE Cinderella Romance
BPM   174.0
NOTES
0100 1.2993103448275862
0001 1.4717241379310346
0100 1.6441379310344828
0010 1.816551724137931
0100 1.9889655172413794
0010 2.1613793103448278
1000 2.3337931034482757
0010 2.506206896551724
0100 2.6786206896551725
0001 2.851034482758621
0010 3.0234482758620693
0001 3.1958620689655173
1000 3.3682758620689657
0010 3.540689655172414
0110 3.713103448275862
0101 3.8855172413793104
0101 4.057931034482759
0001 4.230344827586207
0100 4.402758620689656
0001 4.575172413793104
0010 4.7475862068965515
0001 4.92
1000 5.092413793103448
0100 5.264827586206897
1000 5.437241379310345
0100 5.552183908045977
0001 5.66712643678161
1000 5.782068965517242
0100 5.897011494252874
0001 6.0119540229885065
1000 6.126896551724139
0100 6.241839080459771
0001 6.356781609195402
1000 6.471724137931035
0100 6.586666666666667
0001 6.701609195402299
1000 6.816551724137931
0010 6.98896551724138
1000 7.075172413793104
0010 7.161379310344828
0100 7.247586206896552
0010 7.333793103448277
1000 7.420000000000001
0010 7.506206896551724
0100 7.6786206896551725
0001 7.851034482758621
0010 8.02344827586207
1001 8.195862068965518
0100 8.368275862068966
0001 8.45448275862069
0100 8.540689655172415
0010 8.626896551724139
0100 8.713103448275863
0001 8.799310344827587
0100 8.885517241379311
0001 9.05793103448276
1000 9.230344827586208
0100 9.402758620689657
0110 9.575172413793103
0001 9.747586206896552
0010 9.833793103448276
0001 9.92
0100 10.006206896551724
0001 10.092413793103448
1000 10.178620689655173
0001 10.264827586206897
0100 10.437241379310345
0010 10.609655172413794
1000 10.782068965517242
0100 10.95448275862069
0010 11.040689655172415
0001 11.126896551724139
0010 11.213103448275863
0001 11.299310344827587
0100 11.385517241379311
0001 11.471724137931036
1000 11.55793103448276
0010 11.644137931034484
1000 11.730344827586208
0100 11.816551724137932
1000 11.902758620689657
0100 11.98896551724138
0010 12.075172413793105
0001 12.161379310344829
0010 12.247586206896552
0001 12.333793103448278
1010 12.59241379310345
1000 12.851034482758623
0100 12.937241379310347
0100 13.109655172413795
1000 13.19586206896552
0001 13.368275862068968
1000 13.454482758620692
0010 13.540689655172416
0100 13.626896551724139
0001 13.713103448275863
0110 13.971724137931036
0001 14.230344827586208
0100 14.316551724137932
0100 14.48896551724138
0001 14.575172413793105
1000 14.747586206896553
0001 14.833793103448278
0100 14.920000000000002
0001 15.006206896551726
0100 15.092413793103448
0101 15.351034482758621
1000 15.609655172413794
0100 15.695862068965518
0010 15.868275862068966
0100 15.95448275862069
0010 16.12689655172414
0001 16.213103448275863
1000 16.29931034482759
0100 16.38551724137931
0010 16.471724137931037
0001 16.55793103448276
1000 16.644137931034486
0010 16.730344827586208
1000 16.816551724137934
0100 16.902758620689657
0010 16.988965517241382
0001 17.075172413793105
1000 17.16137931034483
0010 17.247586206896553
0100 17.33379310344828
0001 17.42
0010 17.506206896551728
0001 17.59241379310345
1000 17.678620689655176
0010 17.7648275862069
0100 17.851034482758624
0010 17.937241379310347
0100 18.023448275862073
0001 18.109655172413795
0010 18.19586206896552
0100 18.282068965517244
1000 18.36827586206897
0010 18.454482758620692
0100 18.540689655172418
0001 18.62689655172414
0010 18.713103448275866
0001 18.79931034482759
1000 18.885517241379315
0010 18.971724137931037
1000 19.057931034482763
0001 19.144137931034486
0100 19.230344827586208
0010 19.31655172413793
1000 19.402758620689657
0001 19.48896551724138
0100 19.575172413793105
0001 19.661379310344827
0010 19.747586206896553
0100 19.833793103448276
1000 19.92
0010 20.006206896551724
0100 20.09241379310345
0001 20.178620689655173
0100 20.2648275862069
0010 20.35103448275862
1000 20.437241379310347
0001 20.52344827586207
1000 20.609655172413795
0010 20.695862068965518
1000 20.782068965517244
0010 20.868275862068966
0100 20.954482758620692
0001 21.040689655172415
0100 21.12689655172414
0010 21.213103448275863
1000 21.29931034482759
0001 21.38551724137931
0010 21.471724137931037
0001 21.55793103448276
0100 21.644137931034486
0010 21.730344827586208
1000 21.816551724137934
0001 21.902758620689657
0100 21.988965517241382
0010 22.075172413793105
1000 22.16137931034483
0100 22.247586206896553
0010 22.33379310344828
0001 22.42
0100 22.506206896551728
0010 22.59241379310345
1000 22.678620689655176
0001 22.7648275862069
3003 23.282068965517244
1000 23.36827586206897
0001 23.540689655172418
0100 23.713103448275866
0001 23.885517241379315
0010 24.057931034482763
0100 24.23034482758621
1000 24.40275862068966
0010 24.57517241379311
0100 24.747586206896557
0001 24.944630541871927
0010 25.141674876847297
0001 25.338719211822664
0100 25.535763546798034
0010 25.732807881773404
1010 25.929852216748774
0101 26.12689655172414
0001 26.29931034482759
0100 26.471724137931037
0010 26.644137931034486
1000 26.816551724137934
0011 27.16137931034483
0110 27.33379310344828
0101 27.678620689655176
0110 28.023448275862073
1000 28.36827586206897
1010 28.540689655172418
0101 28.885517241379315
0001 29.057931034482763
0100 29.23034482758621
0010 29.40275862068966
1000 29.57517241379311
0110 29.920000000000005
0101 30.092413793103454
0011 30.437241379310347
1010 30.782068965517244
0101 30.954482758620692
0101 31.12689655172414
1010 31.29931034482759
0100 31.471724137931037
0001 31.644137931034486
1000 31.816551724137934
0001 31.988965517241382
0010 32.16137931034483
0001 32.33379310344828
1010 32.678620689655176
1100 32.85103448275862
0110 33.115402298850576
0001 33.4832183908046
0100 33.667126436781615
0010 33.75908045977012
0100 33.85103448275863
0010 33.94298850574713
1000 34.034942528735634
0010 34.126896551724144
0100 34.21885057471265
0010 34.31080459770115
0200 34.40275862068966
0010 34.74758620689656
0001 34.92
0001 35.2648275862069
0310 35.609655172413795
0120 35.78206896551725
1030 36.29931034482759
2010 36.47172413793104
0100 36.644137931034486
0001 36.81655172413794
3100 36.98896551724138
0020 37.161379310344834
1000 37.50620689655173
0130 37.678620689655176
2001 37.85103448275863
0100 38.02344827586207
0100 38.36827586206897
3002 38.540689655172415
1000 38.90850574712644
0010 39.09241379310345
0100 39.27632183908046
1000 39.552183908045976
0013 39.73609195402299
0100 39.8280459770115
0001 39.92
0100 40.2648275862069
0110 40.43724137931034
1001 40.78206896551724
2000 41.12689655172414
0010 41.29931034482759
0100 41.81655172413793
0100 41.98896551724138
0010 42.33379310344828
3100 42.678620689655176
0010 42.87566502463054
0100 43.072709359605916
0010 43.26975369458128
0001 43.46679802955666
1000 43.66384236453202
0010 43.86088669950739
0100 44.05793103448276
0010 44.25497536945813
1000 44.4520197044335
0001 44.64906403940887
0110 44.846108374384244
1010 45.04315270935961
0101 45.24019704433498
0011 45.43724137931035
0100 45.609655172413795
0010 45.78206896551725
0100 45.95448275862069
1000 46.126896551724144
0010 46.29931034482759
0110 46.644137931034486
1000 47.013596059113304
1010 47.21064039408868
0001 47.407684729064044
0010 47.60472906403942
0001 47.801773399014785
1000 47.99881773399015
0001 48.195862068965525
0100 48.31080459770116
0001 48.42574712643679
0100 48.54068965517242
0001 48.655632183908054
0100 48.770574712643686
0001 48.88551724137932
0100 49.00045977011495
0100 49.11540229885058
0100 49.230344827586215
0100 49.34528735632185
0100 49.46022988505748
1000 49.57517241379311
0010 49.77221674876848
1000 49.96926108374385
0100 50.16630541871922
0010 50.36334975369459
0001 50.56039408866996
0010 50.757438423645326
0001 50.95448275862069
0100 51.12689655172414
0010 51.29931034482759
0100 51.471724137931034
0001 51.644137931034486
1000 51.81655172413793
0001 51.98896551724138
0220 52.16137931034483
1001 52.33379310344828
1010 52.530837438423646
0101 52.72788177339902
0110 52.924926108374386
1010 53.12197044334976
1100 53.319014778325126
0101 53.51605911330049
0210 53.71310344827587
0301 54.05793103448276
0011 54.23034482758621
0101 54.575172413793105
0010 54.74758620689656
1000 54.92
0100 55.092413793103454
0010 55.2648275862069
1001 55.43724137931035
0001 55.609655172413795
0100 55.78206896551725
0010 55.95448275862069
0100 56.126896551724144
0001 56.29931034482759
1000 56.47172413793104
0100 56.644137931034486
0010 56.81655172413794
0100 56.98896551724138
1000 57.161379310344834
0010 57.33379310344828
1000 57.50620689655173
0001 57.678620689655176
0330 57.85103448275863
1001 58.08091954022989
2002 58.54068965517242
3003 58.770574712643686
0100 59.00045977011495
0101 59.230344827586215
1001 59.690114942528744
1010 60.14988505747127
0101 60.609655172413795
0110 60.95448275862069
0010 61.29931034482759
1000 61.471724137931034
0001 61.644137931034486
0100 61.81655172413793
0010 61.98896551724138
1000 62.16137931034483
0001 62.33379310344828
0100 62.506206896551724
0010 62.678620689655176
1000 62.85103448275862
0010 63.02344827586207
0202 63.19586206896552
1010 63.36827586206897
0101 63.598160919540234
0110 63.8280459770115
1001 64.05793103448276
0110 64.28781609195403
1010 64.51770114942529
1002 64.74758620689656
1003 64.94463054187193
1001 65.14167487684729
0110 65.53576354679804
1010 65.92985221674877
0001 66.12689655172414
1000 66.32394088669952
0010 66.52098522167488
0100 66.71802955665025
0101 66.91507389162562
0110 67.30916256157636
1010 67.50620689655173
0001 67.85103448275862
0110 68.02344827586208
1010 68.36827586206897
2020 68.71310344827587
0030 68.88551724137932
0001 69.08256157635469
0020 69.27960591133005
3031 69.6736945812808
0110 69.87073891625617
0100 70.06778325123153
1100 70.2648275862069
1010 70.6096551724138
0101 70.9544827586207
1001 71.29931034482759
1010 71.47172413793105
2200 71.64413793103449
3300 72.03822660098523
1010 72.2352709359606
0110 72.43231527093597
0110 72.62935960591135
0011 72.8264039408867
1100 73.02344827586208
0110 73.36827586206897
0102 73.54068965517243
1000 73.71310344827587
0023 73.88551724137932
0230 74.05793103448276
2300 74.23034482758622
3020 74.40275862068967
1100 74.63264367816093
0033 75.09241379310346
1100 75.32229885057473
0033 75.78206896551725
1100 75.97911330049263
0100 76.17615763546799
1001 76.37320197044336
1001 76.57024630541873
1010 76.76729064039411
1100 76.96433497536947
0010 77.16137931034483
0001 77.3584236453202
0100 77.55546798029556
0010 77.75251231527093
1000 77.94955665024631
0010 78.14660098522168
0100 78.34364532019704
0001 78.54068965517241
0010 78.71310344827586
1001 78.8855172413793
0110 79.05793103448276
0010 79.23034482758621
1100 79.40275862068965
0011 79.5751724137931
0100 79.74758620689656
1000 79.92
0010 80.00620689655173
0100 80.09241379310345
0010 80.17862068965518
0100 80.26482758620689
0001 80.35103448275862
1000 80.43724137931035
0001 80.52344827586207
0100 80.6096551724138
0010 80.69586206896552
1000 80.78206896551724
0010 80.86827586206897
0100 80.95448275862068
0010 81.04068965517241
0100 81.12689655172414
0010 81.21310344827586
0100 81.29931034482759
1000 81.39126436781609
0010 81.4832183908046
0100 81.57517241379311
0001 81.66712643678161
1000 81.75908045977012
0001 81.85103448275862
0110 82.03494252873564
1010 82.21885057471265
1010 82.67862068965518
1010 82.90850574712644
0101 83.1383908045977
0001 83.36827586206897
1000 83.59816091954023
0010 83.8280459770115
0100 84.05793103448276
0010 84.25497536945814
1000 84.4520197044335
0001 84.64906403940887
0100 84.84610837438424
0010 85.04315270935962
1010 85.24019704433498
0110 85.43724137931035
0001 85.63428571428572
1000 85.83133004926108
0010 86.02837438423646
0100 86.22541871921183
0010 86.4224630541872
1100 86.61950738916256
0110 86.81655172413794
0100 86.98896551724138
1000 87.16137931034483
0010 87.33379310344829
0100 87.50620689655173
0001 87.67862068965518
0101 87.85103448275862
0010 88.02344827586208
0110 88.19586206896552
1000 88.36827586206897
0101 88.54068965517241
1000 88.71310344827587
1100 88.88551724137932
0010 89.05793103448276
0001 89.23034482758621
0100 89.40275862068967
0010 89.57517241379311
1000 89.74758620689656
0010 89.92
0100 90.09241379310346
0001 90.2648275862069
0010 90.43724137931035
1100 90.6096551724138
0011 90.78206896551725
1100 90.9544827586207
1000 91.12689655172414
0001 91.29931034482759
0010 91.47172413793105
0001 91.64413793103449
1000 91.81655172413794
0110 91.98896551724138
1001 92.16137931034484
0110 92.33379310344829
0001 92.50620689655173
1000 92.67862068965518
0100 92.85103448275864
0010 93.02344827586208
0001 93.19586206896552
0100 93.36827586206897
0010 93.54068965517243
1000 93.71310344827587
0100 93.7993103448276
0010 93.88551724137932
0001 93.97172413793105
1000 94.05793103448276
0100 94.14413793103449
0010 94.23034482758622
0001 94.31655172413794
0010 94.40275862068967
0100 94.4889655172414
1000 94.57517241379311
0001 94.66137931034484
0010 94.74758620689656
0100 94.83379310344829
1000 94.92000000000002
0001 95.00620689655173
0100 95.09241379310346
0010 95.17862068965519
1000 95.2648275862069
0100 95.35103448275864
1000 95.43724137931035
0001 95.52344827586208
1000 95.60965517241381
0010 95.69586206896552
1000 95.78206896551725
0100 95.86827586206898
0010 95.9544827586207
0001 96.04068965517243
0100 96.12689655172414
0010 96.21310344827587
1000 96.2993103448276
0001 96.38551724137932
0100 96.47172413793105
0001 96.55793103448278
1000 96.64413793103449
0100 96.73034482758622
0010 96.81655172413794
0001 96.90275862068967
0100 96.9889655172414
0010 97.07517241379311
1000 97.16137931034484
0010 97.24758620689657
0100 97.33379310344829
0010 97.42000000000002
0100 97.50620689655173
1010 97.67862068965519
0110 97.85103448275864
1100 98.02344827586208
0011 98.19586206896552
1010 98.54068965517243
0110 98.71310344827587
1010 98.88551724137932
0010 99.23034482758622
0100 99.31655172413795
0010 99.40275862068967
0100 99.4889655172414
0001 99.57517241379311
0010 99.66137931034484
0100 99.74758620689657
1000 99.83379310344829
0010 99.92000000000002
1000 100.00620689655175
0010 100.09241379310346
1000 100.17862068965519
0001 100.2648275862069
0100 100.35103448275864
0010 100.43724137931036
1000 100.52344827586208
0010 100.6096551724138
0100 100.69586206896552
0001 100.78206896551724
0010 100.86827586206897
0001 100.95448275862068
1000 101.04068965517241
0010 101.12689655172414
0100 101.21310344827586
0001 101.29931034482759
0010 101.38551724137932
0001 101.47172413793103
1000 101.55793103448276
0010 101.64413793103448
0100 101.73034482758621
0001 101.81655172413794
1000 101.90275862068965
0010 101.98896551724138
0100 102.07517241379311
0001 102.16137931034483
0010 102.24758620689656
0001 102.33379310344827
0100 102.42
0010 102.50620689655173
1000 102.59241379310345
0001 102.67862068965518
0010 102.7648275862069
0001 102.85103448275862
0010 102.93724137931035
0001 103.02344827586207
0100 103.1096551724138
0001 103.19586206896552
0100 103.28206896551724
0010 103.36827586206897
1000 103.95940886699508
0110 104.15645320197045
1010 104.55054187192118
0100 104.74758620689656
0010 104.83379310344829
1000 104.92
0010 105.00620689655173
0100 105.09241379310345
0010 105.17862068965518
1000 105.2648275862069
0010 105.35103448275862
1000 105.43724137931035
0100 105.52344827586208
0010 105.6096551724138
0100 105.69586206896552
1000 105.78206896551724
0010 105.86827586206897
0100 105.9544827586207
0001 106.04068965517241
0010 106.12689655172414
0001 106.21310344827587
1000 106.29931034482759
0100 106.38551724137932
1000 106.47172413793103
0010 106.55793103448276
0100 106.64413793103449
0001 106.73034482758621
1000 106.81655172413794
0100 106.90275862068967
1000 106.98896551724138
0001 107.07517241379311
1000 107.16137931034483
0010 107.24758620689656
0100 107.33379310344829
0001 107.42
1000 107.50620689655173
0010 107.59241379310346
0100 107.67862068965518
0001 107.7648275862069
1000 107.85103448275862
0010 107.93724137931035
0100 108.02344827586208
0001 108.1096551724138
0100 108.19586206896552
0010 108.28206896551725
1000 108.36827586206897
1100 108.54068965517241
0110 108.71310344827587
1001 108.88551724137932
0011 109.05793103448276
1010 109.23034482758621
0100 109.40275862068967
1010 109.57517241379311
0110 109.74758620689656
1010 109.92
