TITLE Love Is War
BPM   87.5
NOTES
1000 3.1314285714285712
0001 3.302857142857143
1000 3.4742857142857138
0010 4.16
0100 4.502857142857143
0001 4.845714285714286
0010 5.017142857142858
0100 5.36
1000 5.531428571428572
0010 5.8742857142857146
0100 6.217142857142858
0010 6.5600000000000005
1000 6.902857142857143
0010 7.245714285714286
0100 7.588571428571428
0001 7.759999999999999
0001 8.102857142857141
0010 8.274285714285712
0100 8.617142857142856
0010 8.788571428571426
0001 8.959999999999999
0100 9.645714285714284
0001 10.331428571428571
0100 10.502857142857142
0010 10.845714285714285
0100 11.017142857142856
0010 11.36
1001 11.702857142857143
1010 12.388571428571428
0101 13.074285714285715
0001 13.76
0100 13.845714285714287
0010 13.931428571428572
1000 14.445714285714287
0100 14.617142857142857
0010 14.702857142857143
0100 14.788571428571428
0010 14.96
0001 15.131428571428572
0010 15.302857142857142
0100 15.474285714285713
1000 15.817142857142855
0010 15.988571428571426
0100 16.159999999999997
0010 16.331428571428567
1000 16.502857142857142
0001 16.845714285714283
0100 17.017142857142854
0001 17.188571428571425
1000 17.36
0010 17.445714285714285
1000 17.53142857142857
0001 17.70285714285714
0100 17.874285714285712
0010 18.045714285714283
1000 18.217142857142854
0001 18.56
0010 18.73142857142857
0100 18.90285714285714
0010 19.074285714285715
0100 19.245714285714286
1000 19.588571428571427
0100 19.759999999999998
1000 19.93142857142857
0001 20.10285714285714
0010 20.18857142857143
0001 20.274285714285714
0100 20.445714285714285
0001 20.617142857142856
0100 20.788571428571426
0010 20.959999999999997
1000 21.302857142857142
0010 21.474285714285713
0100 21.645714285714284
0001 21.817142857142855
0010 21.98857142857143
0001 22.33142857142857
0010 22.502857142857142
0100 22.674285714285713
1000 22.845714285714287
0010 22.931428571428572
1000 23.017142857142858
0100 23.18857142857143
0010 23.36
0001 23.53142857142857
0010 23.70285714285714
0001 24.045714285714286
0100 24.217142857142857
0001 24.388571428571428
0010 24.560000000000002
0011 24.731428571428573
0002 24.902857142857144
1003 25.245714285714286
1010 25.417142857142856
0010 25.588571428571427
0100 25.674285714285716
0010 25.76
1000 25.931428571428572
0001 26.102857142857143
0100 26.274285714285714
0010 26.445714285714285
1000 26.61714285714286
0010 26.78857142857143
1100 26.96
0010 27.13142857142857
1000 27.302857142857142
0110 27.474285714285717
0100 27.81714285714286
0010 27.98857142857143
1000 28.16
0001 28.331428571428575
1000 28.41714285714286
0001 28.502857142857145
0010 28.674285714285716
0001 28.845714285714287
0100 29.017142857142858
0010 29.18857142857143
1000 29.36
0010 29.53142857142857
0100 29.70285714285714
0001 29.874285714285712
1000 30.045714285714283
0110 30.217142857142857
0001 30.56
1000 30.73142857142857
0010 30.90285714285714
0100 31.074285714285715
0001 31.16
0100 31.245714285714286
0010 31.417142857142856
1000 31.588571428571427
0100 31.759999999999998
1000 31.93142857142857
0100 32.10285714285714
1000 32.27428571428571
0101 32.44571428571428
0100 32.61714285714285
0010 32.78857142857142
0110 32.959999999999994
0010 33.302857142857135
0100 33.47428571428571
0010 33.645714285714284
0100 33.817142857142855
0001 33.90285714285714
0100 33.988571428571426
0001 34.16
1000 34.33142857142857
0010 34.50285714285714
0100 34.67428571428571
0010 34.84571428571428
1000 35.01714285714286
0001 35.18857142857143
0010 35.36
0100 35.53142857142857
1000 35.70285714285714
0010 35.87428571428571
0100 36.04571428571428
0001 36.21714285714286
0020 36.38857142857143
0030 36.73142857142857
0021 37.074285714285715
0002 37.245714285714286
0033 37.417142857142856
0100 37.76
0001 37.93142857142857
0100 38.10285714285714
0010 38.27428571428571
1000 38.44571428571428
2000 38.61714285714285
3000 38.78857142857143
1000 39.13142857142857
0210 39.817142857142855
0020 39.988571428571426
0330 40.16
1000 40.502857142857145
0001 40.674285714285716
0100 40.84571428571429
0010 41.01714285714286
0100 41.18857142857143
0200 41.36
0300 41.53142857142858
0100 41.87428571428572
1002 42.56
2000 42.73142857142857
3003 42.902857142857144
0001 43.245714285714286
1000 43.417142857142856
0010 43.58857142857143
0100 43.76
0010 43.93142857142857
0020 44.10285714285714
0030 44.27428571428571
0010 44.61714285714286
0102 45.30285714285714
0200 45.47428571428571
0303 45.645714285714284
0001 45.988571428571426
0010 46.16
0100 46.33142857142857
0010 46.50285714285714
2100 46.67428571428571
3000 47.01714285714286
1001 47.36
0001 48.04571428571428
0100 48.73142857142857
0010 48.902857142857144
1000 49.245714285714286
0010 49.417142857142856
0100 49.760000000000005
0010 50.10285714285715
1000 50.44571428571429
0110 50.78857142857143
1000 51.13142857142857
0010 51.47428571428571
0100 51.645714285714284
0001 51.988571428571426
0100 52.16
0001 52.50285714285714
0100 52.84571428571429
0010 53.18857142857143
1010 53.53142857142857
0100 53.87428571428571
0001 54.21714285714286
0100 54.38857142857143
0010 54.56
1000 54.902857142857144
0001 55.074285714285715
0010 55.41714285714286
0100 55.588571428571434
1000 55.931428571428576
0001 56.27428571428572
0100 56.61714285714286
0001 56.96
0010 57.13142857142857
0100 57.30285714285714
1000 57.645714285714284
0001 58.331428571428575
0100 58.674285714285716
0101 59.01714285714286
0001 59.36
1000 59.70285714285714
0001 59.87428571428571
0010 60.04571428571428
0100 60.21714285714285
0010 60.388571428571424
0001 60.731428571428566
1000 61.074285714285715
0100 61.417142857142856
1010 61.76
1000 62.10285714285714
0001 62.44571428571429
0100 62.61714285714286
0010 62.96
0100 63.13142857142857
0001 63.47428571428571
1000 63.817142857142855
0001 63.98857142857143
1000 64.33142857142857
0100 64.50285714285714
0010 64.67428571428572
0001 64.8457142857143
0100 65.18857142857142
0010 65.36
0100 65.70285714285714
0010 65.8742857142857
1000 66.04571428571428
0010 66.21714285714285
0100 66.55999999999999
0001 66.73142857142857
1000 67.07428571428571
0001 67.24571428571427
0010 67.41714285714285
0100 67.58857142857143
1000 67.93142857142857
0001 68.10285714285715
0010 68.27428571428571
0100 68.44571428571429
1000 68.61714285714285
0010 69.13142857142857
0100 69.30285714285714
0001 69.64571428571428
1000 69.98857142857143
0001 70.33142857142857
0100 70.67428571428572
0010 70.8457142857143
0100 71.01714285714286
0001 71.18857142857144
0010 71.36
0100 71.53142857142858
1000 71.70285714285714
0001 72.04571428571428
1000 72.21714285714286
0010 72.38857142857142
0100 72.56
0001 72.73142857142857
0010 72.90285714285714
0100 73.07428571428572
1000 73.41714285714286
0001 73.58857142857144
0100 73.76
0001 73.93142857142858
1000 74.10285714285715
0001 74.27428571428572
0010 74.44571428571429
0001 74.78857142857143
1000 74.96000000000001
0010 75.13142857142857
0100 75.30285714285715
0001 75.47428571428573
0100 75.64571428571429
0010 75.81714285714287
0100 76.16
0001 76.33142857142857
1000 76.50285714285714
0010 76.67428571428572
1000 76.84571428571428
0001 77.36
0100 77.53142857142856
0010 77.8742857142857
0100 78.04571428571428
0010 78.21714285714286
1000 78.56
0010 78.73142857142857
1000 78.90285714285714
0001 79.07428571428572
0100 79.41714285714286
0010 79.58857142857143
0100 79.93142857142857
0010 80.10285714285715
1000 80.27428571428571
0010 80.44571428571429
0100 80.50285714285714
0010 80.56
0100 80.61714285714285
0010 80.78857142857143
0100 80.96
0001 81.13142857142857
0100 81.30285714285715
0001 81.64571428571429
1000 81.98857142857143
0100 82.16000000000001
0010 82.33142857142857
0001 82.67428571428572
0010 82.8457142857143
0100 83.01714285714286
1000 83.18857142857144
0100 83.24571428571429
1000 83.30285714285715
0100 83.36
1000 83.53142857142858
0001 83.70285714285716
0010 83.87428571428572
0100 84.0457142857143
0010 84.38857142857142
0100 84.73142857142857
1000 84.90285714285714
0100 85.07428571428571
1000 85.41714285714285
0001 85.58857142857143
0100 85.75999999999999
0001 85.93142857142857
0100 85.98857142857142
0001 86.04571428571428
0100 86.10285714285713
0010 86.27428571428571
0100 86.44571428571429
0010 86.61714285714285
1000 86.78857142857143
0001 87.13142857142857
0100 87.30285714285715
0001 87.47428571428571
0100 87.64571428571429
0010 87.81714285714285
1000 88.16
0010 88.33142857142857
0100 88.50285714285714
0001 88.67428571428572
1000 88.73142857142857
0001 88.78857142857143
1000 88.84571428571428
0010 89.01714285714286
0100 89.18857142857142
0010 89.36
1000 89.53142857142858
0100 89.87428571428572
1000 90.21714285714286
0001 90.56
1000 90.73142857142858
0100 90.90285714285714
1000 91.07428571428572
0200 91.24571428571429
1000 92.27428571428572
0020 92.61714285714285
1001 93.30285714285714
0330 93.64571428571428
0001 93.98857142857142
0100 94.16
0010 94.24571428571429
1000 94.33142857142856
0010 94.50285714285714
1000 94.67428571428572
0100 94.84571428571428
0010 95.01714285714286
0001 95.36
1000 95.53142857142858
0100 95.70285714285714
1000 95.87428571428572
0100 96.04571428571428
0010 96.21714285714286
0001 96.38857142857142
1000 96.73142857142857
0001 96.90285714285714
0100 96.98857142857143
0010 97.07428571428571
0100 97.24571428571429
0001 97.41714285714285
0100 97.58857142857143
0010 97.76
1000 98.10285714285715
0010 98.27428571428572
0100 98.44571428571429
0001 98.61714285714287
0100 98.78857142857143
0010 98.96000000000001
1000 99.13142857142857
0001 99.47428571428571
0100 99.64571428571429
0010 99.73142857142858
1000 99.81714285714285
0001 99.98857142857143
0100 100.16000000000001
0010 100.33142857142857
1000 100.50285714285715
0110 100.84571428571428
0100 101.01714285714286
0001 101.18857142857142
0010 101.36
0011 101.53142857142856
0010 101.70285714285714
0100 101.8742857142857
1100 102.21714285714285
0100 102.38857142857142
1000 102.55999999999999
0010 102.73142857142857
1001 102.90285714285714
1000 103.07428571428571
0010 103.24571428571429
0101 103.58857142857143
0001 103.76
1000 103.93142857142857
0010 104.10285714285715
1010 104.27428571428571
2000 104.44571428571429
3001 104.78857142857143
0011 104.96
0001 105.13142857142857
0010 105.21714285714286
0100 105.30285714285714
1000 105.47428571428571
0010 105.64571428571428
0100 105.81714285714285
0010 105.98857142857143
1000 106.33142857142857
0010 106.50285714285715
1000 106.67428571428572
0010 106.8457142857143
0100 107.01714285714286
0010 107.18857142857144
1000 107.36
0001 107.70285714285714
0010 107.87428571428572
0100 107.96000000000001
1000 108.04571428571428
0010 108.21714285714286
0100 108.38857142857144
0010 108.56
1000 108.73142857142858
0001 109.07428571428572
1000 109.2457142857143
0001 109.41714285714286
0010 109.58857142857144
0100 109.76
0010 109.93142857142858
0001 110.10285714285715
0100 110.44571428571429
0010 110.61714285714287
1000 110.70285714285716
0001 110.78857142857143
0100 110.96000000000001
0001 111.13142857142857
0100 111.30285714285715
0010 111.47428571428573
1001 111.81714285714285
0001 111.98857142857143
0100 112.16
0010 112.33142857142857
1010 112.50285714285714
1000 112.67428571428572
0010 112.84571428571428
0110 113.18857142857142
0100 113.36
0001 113.53142857142856
0010 113.70285714285714
1100 113.8742857142857
0100 114.04571428571428
0010 114.21714285714286
0011 114.56
0001 114.73142857142858
0100 114.90285714285714
0001 115.07428571428572
1010 115.24571428571429
0100 115.41714285714286
0001 115.58857142857143
0100 115.76
1002 115.93142857142857
0003 116.96000000000001
