TITLE The Disappearance Of Hatsune Miku
BPM   245.0
NOTES
0001 9.475918367346939
0010 9.557551020408162
0001 9.639183673469388
0100 9.720816326530612
0010 9.802448979591837
0100 9.88408163265306
0001 9.965714285714286
1000 10.04734693877551
0010 10.128979591836735
0100 10.210612244897959
0001 10.292244897959183
1000 10.373877551020408
0010 10.455510204081632
0100 10.537142857142856
0001 10.618775510204081
1000 10.700408163265305
0010 10.78204081632653
1000 10.863673469387754
0001 10.94530612244898
0100 11.026938775510203
0010 11.108571428571429
1000 11.190204081632652
0001 11.271836734693876
0100 11.353469387755101
0010 11.435102040816325
1000 11.516734693877549
0010 11.598367346938774
0100 11.679999999999998
0001 11.761632653061223
0010 11.843265306122447
0001 11.924897959183673
0010 12.006530612244896
0100 12.088163265306122
1000 12.169795918367345
0010 12.25142857142857
0100 12.333061224489795
0001 12.41469387755102
1000 12.496326530612244
0010 12.57795918367347
0100 12.659591836734693
0010 12.741224489795918
1000 12.822857142857142
0010 12.904489795918368
0100 12.986122448979591
0001 13.067755102040817
0100 13.14938775510204
0010 13.231020408163264
1000 13.31265306122449
0100 13.394285714285713
0010 13.475918367346937
0100 13.557551020408162
0010 13.639183673469386
0001 13.720816326530612
0100 13.802448979591835
0010 13.88408163265306
0100 13.965714285714284
0001 14.04734693877551
1000 14.128979591836734
0010 14.210612244897957
0100 14.292244897959183
0001 14.373877551020408
0100 14.455510204081632
0001 14.537142857142857
1000 14.618775510204081
0100 14.700408163265307
1000 14.78204081632653
0001 14.863673469387756
0100 14.94530612244898
0001 15.026938775510205
1000 15.108571428571429
0100 15.190204081632652
0010 15.271836734693878
0001 15.353469387755101
1000 15.435102040816325
0100 15.51673469387755
0010 15.598367346938774
0100 15.68
0010 15.761632653061223
0001 15.843265306122447
0100 15.924897959183674
0001 16.006530612244898
1000 16.08816326530612
0010 16.169795918367345
0100 16.25142857142857
0010 16.333061224489796
1000 16.41469387755102
0001 16.496326530612244
0100 16.57795918367347
0010 16.659591836734695
1000 16.74122448979592
0001 16.822857142857142
0100 16.90448979591837
0001 16.986122448979593
0100 17.067755102040817
0010 17.14938775510204
1000 17.231020408163264
0001 17.312653061224488
1000 17.39428571428571
0001 17.475918367346935
0010 17.557551020408162
0001 17.639183673469386
1000 17.72081632653061
0100 17.802448979591833
0010 17.88408163265306
0100 17.965714285714284
1000 18.047346938775508
0001 18.128979591836732
0100 18.210612244897955
0010 18.292244897959183
1000 18.373877551020406
0100 18.45551020408163
0010 18.537142857142857
0100 18.61877551020408
0010 18.700408163265305
0001 18.78204081632653
0100 18.863673469387756
0010 18.94530612244898
1000 19.026938775510203
0010 19.108571428571427
0100 19.19020408163265
0001 19.271836734693878
1000 19.3534693877551
0010 19.435102040816325
0100 19.516734693877552
0010 19.598367346938776
1000 19.68
0100 19.761632653061223
0010 19.84326530612245
0001 19.924897959183674
0100 20.006530612244898
0010 20.08816326530612
1000 20.169795918367345
0001 20.25142857142857
0100 20.333061224489793
0010 20.414693877551016
0100 20.496326530612244
0001 20.577959183673467
1000 20.65959183673469
0010 20.741224489795915
1000 20.822857142857142
0001 20.904489795918366
0100 20.98612244897959
0010 21.067755102040813
1000 21.149387755102037
0100 21.231020408163264
0010 21.312653061224488
0001 21.39428571428571
1000 21.47591836734694
0001 21.557551020408162
0100 21.639183673469386
0001 21.72081632653061
1000 21.802448979591837
0010 21.88408163265306
0100 21.965714285714284
0001 22.047346938775508
0010 22.128979591836732
0100 22.21061224489796
0010 22.292244897959183
0001 22.373877551020406
0010 22.455510204081634
0100 22.537142857142857
1000 22.61877551020408
0010 22.700408163265305
0100 22.782040816326532
0001 22.863673469387756
1000 22.94530612244898
0010 23.026938775510203
0100 23.108571428571427
0010 23.19020408163265
1000 23.271836734693874
0010 23.353469387755098
0100 23.435102040816325
0001 23.51673469387755
1000 23.598367346938772
0001 23.679999999999996
1000 23.761632653061223
0010 23.843265306122447
0100 23.92489795918367
0001 24.006530612244894
0010 24.088163265306118
0001 24.169795918367345
1000 24.25142857142857
0001 24.333061224489793
1000 24.41469387755102
0010 24.496326530612244
1000 24.577959183673467
0100 24.65959183673469
0010 24.74122448979592
0001 24.822857142857142
0100 24.904489795918366
0001 24.965714285714284
0100 25.026938775510203
0001 25.08816326530612
0100 25.14938775510204
0101 25.394285714285715
0110 25.639183673469386
0010 25.88408163265306
1000 26.006530612244898
1000 26.251428571428573
0001 26.37387755102041
1000 26.61877551020408
0100 26.74122448979592
0010 26.863673469387756
0001 26.986122448979593
0010 27.108571428571427
0100 27.231020408163264
1000 27.3534693877551
0010 27.475918367346935
0100 27.598367346938772
0001 27.72081632653061
1000 27.843265306122447
0100 27.965714285714284
0100 28.21061224489796
0010 28.333061224489796
0001 28.455510204081634
0200 28.577959183673467
0310 28.822857142857142
1000 28.94530612244898
0100 29.006530612244898
0010 29.067755102040817
0011 29.31265306122449
1100 29.557551020408162
1000 29.802448979591837
0100 29.924897959183674
0010 30.047346938775508
0010 30.292244897959183
0001 30.414693877551016
0100 30.537142857142854
0001 30.65959183673469
0010 30.78204081632653
0001 30.904489795918366
1000 31.026938775510203
0001 31.271836734693878
1000 31.394285714285715
0010 31.51673469387755
0100 31.639183673469386
0010 31.76163265306122
1000 31.884081632653057
0100 32.12897959183673
0010 32.25142857142857
0001 32.31265306122449
0010 32.373877551020406
0100 32.435102040816325
1000 32.496326530612244
0100 32.55755102040816
0010 32.61877551020408
0001 32.68
0010 32.74122448979592
0100 32.80244897959183
1000 32.86367346938775
0100 32.98612244897959
1100 33.23102040816327
1010 33.47591836734694
0110 33.72081632653062
1010 33.965714285714284
1010 34.21061224489796
1000 34.333061224489796
0001 34.57795918367347
1001 34.7004081632653
1010 34.945306122448976
0110 35.19020408163265
0101 35.435102040816325
1010 35.68
0011 35.924897959183674
0011 36.16979591836735
0010 36.292244897959186
0010 36.53714285714286
0110 36.6595918367347
1000 36.78204081632653
1100 36.904489795918366
1001 37.14938775510204
0101 37.394285714285715
1010 37.63918367346938
1001 37.88408163265306
1001 38.12897959183673
0100 38.25142857142857
0010 38.496326530612244
1001 38.61877551020408
1010 38.863673469387756
0110 39.10857142857143
0101 39.353469387755105
1100 39.59836734693878
0011 39.84326530612245
0011 40.08816326530612
1000 40.21061224489796
0001 40.455510204081634
1000 40.577959183673464
0010 40.7004081632653
0110 40.82285714285714
0001 40.945306122448976
1000 41.06775510204081
0001 41.19020408163265
1000 41.31265306122449
0001 41.435102040816325
1000 41.55755102040816
0001 41.67999999999999
1000 41.80244897959184
0100 41.924897959183674
1000 42.04734693877551
0100 42.16979591836735
1000 42.292244897959186
0100 42.414693877551024
1000 42.53714285714286
0100 42.65959183673469
1000 42.78204081632653
0010 42.904489795918366
1000 43.0269387755102
0010 43.14938775510204
1000 43.27183673469388
0010 43.394285714285715
1000 43.516734693877545
0010 43.63918367346938
1000 43.76163265306122
0001 43.88408163265306
0100 44.006530612244894
0010 44.12897959183673
0100 44.25142857142857
0001 44.373877551020406
1000 44.496326530612244
0010 44.618775510204074
0100 44.74122448979592
0001 44.863673469387756
0100 44.98612244897959
0001 45.10857142857143
0010 45.23102040816327
0100 45.353469387755105
0010 45.47591836734694
0100 45.59836734693877
1000 45.72081632653061
0010 45.84326530612245
1000 45.965714285714284
0010 46.08816326530612
0100 46.21061224489796
0001 46.333061224489796
0100 46.45551020408163
0001 46.577959183673464
0100 46.7004081632653
0010 46.82285714285714
1000 46.945306122448976
0010 47.06775510204081
0100 47.19020408163265
0001 47.31265306122449
0010 47.435102040816325
0100 47.557551020408155
0010 47.68
0010 47.80244897959184
0010 47.924897959183674
0001 48.04734693877551
0100 48.16979591836735
0100 48.292244897959186
0100 48.414693877551024
1100 48.904489795918366
0100 49.14938775510204
0010 49.27183673469388
0001 49.39428571428571
1100 49.63918367346939
0101 49.884081632653064
0100 50.12897959183674
0010 50.251428571428576
0100 50.373877551020406
0001 50.496326530612244
0100 50.61877551020408
0001 50.74122448979592
0100 50.863673469387756
0001 50.98612244897959
1000 51.10857142857143
0010 51.23102040816327
0100 51.353469387755105
0010 51.475918367346935
0100 51.59836734693877
0010 51.72081632653061
0100 51.84326530612245
0010 51.965714285714284
1000 52.08816326530612
0100 52.21061224489796
1000 52.33306122448979
0001 52.45551020408163
1000 52.57795918367347
0001 52.70040816326531
1000 52.822857142857146
0001 52.94530612244898
0100 53.06775510204082
0010 53.19020408163266
1000 53.31265306122449
0001 53.435102040816325
0100 53.55755102040816
0010 53.68
1000 53.80244897959184
0001 53.924897959183674
1001 54.04734693877551
2000 54.292244897959186
3002 54.41469387755102
0302 54.537142857142854
2003 54.7004081632653
3002 54.86367346938775
0320 55.0269387755102
2030 55.19020408163265
3000 55.3534693877551
0101 55.51673469387755
0101 55.68
0101 55.84326530612245
1000 56.0065306122449
0100 56.08816326530612
1000 56.16979591836735
0010 56.25142857142857
0100 56.333061224489796
0001 56.414693877551024
0010 56.496326530612244
0100 56.57795918367347
1000 56.65959183673469
0010 56.74122448979592
0100 56.82285714285714
0010 56.904489795918366
1000 56.98612244897959
0100 57.06775510204081
0010 57.14938775510204
0001 57.23102040816327
1000 57.31265306122449
0100 57.394285714285715
0010 57.475918367346935
0001 57.55755102040816
0100 57.63918367346938
0010 57.72081632653061
1000 57.80244897959183
0001 57.88408163265306
0100 57.965714285714284
0010 58.047346938775505
0100 58.12897959183673
0001 58.21061224489795
0010 58.29224489795918
0100 58.373877551020406
0010 58.455510204081634
0001 58.53714285714286
1000 58.61877551020408
0001 58.70040816326531
1000 58.78204081632653
0001 58.863673469387756
0100 58.94530612244898
0010 59.0269387755102
1000 59.10857142857143
0100 59.19020408163265
1000 59.27183673469388
0010 59.353469387755105
1000 59.435102040816325
0001 59.51673469387755
0100 59.59836734693877
0001 59.68
1000 59.76163265306122
0001 59.84326530612245
0100 59.924897959183674
0010 60.006530612244894
1000 60.08816326530612
0001 60.16979591836735
0100 60.25142857142857
0010 60.333061224489796
1000 60.41469387755102
0100 60.496326530612244
0010 60.577959183673464
0001 60.65959183673469
0010 60.74122448979591
0001 60.82285714285714
1000 60.904489795918366
0100 60.986122448979586
0010 61.06775510204081
0100 61.14938775510203
0010 61.23102040816326
0001 61.31265306122449
0100 61.394285714285715
0010 61.47591836734694
1000 61.55755102040816
0010 61.63918367346939
0100 61.72081632653061
0001 61.80244897959184
1000 61.884081632653064
0010 61.965714285714284
0100 62.04734693877551
0001 62.12897959183673
0100 62.21061224489796
0010 62.292244897959186
0100 62.373877551020406
0010 62.455510204081634
1000 62.537142857142854
0001 62.61877551020408
0010 62.7004081632653
0100 62.78204081632653
1000 62.863673469387756
0100 62.945306122448976
0010 63.0269387755102
0100 63.10857142857143
1000 63.19020408163265
0001 63.27183673469388
1000 63.3534693877551
0001 63.435102040816325
0100 63.516734693877545
0001 63.59836734693877
1000 63.67999999999999
0100 63.76163265306122
1000 63.84326530612244
0010 63.924897959183674
0100 64.0065306122449
0001 64.08816326530612
0010 64.16979591836736
0001 64.25142857142858
0010 64.3330612244898
0001 64.41469387755102
1000 64.49632653061225
0100 64.57795918367347
0010 64.65959183673469
0001 64.74122448979593
1000 64.82285714285715
0100 64.90448979591837
0010 64.98612244897959
0100 65.06775510204082
1000 65.14938775510204
0001 65.23102040816326
0100 65.3126530612245
0001 65.39428571428572
1000 65.47591836734695
0010 65.55755102040817
1000 65.63918367346939
0010 65.72081632653062
0100 65.80244897959184
0001 65.88408163265306
0010 65.96571428571428
0100 66.04734693877552
1000 66.12897959183674
0010 66.21061224489796
0100 66.2922448979592
0010 66.37387755102041
1000 66.45551020408165
0001 66.53714285714287
0010 66.61877551020409
0100 66.70040816326532
0010 66.78204081632654
0001 66.86367346938776
1000 66.94530612244898
0010 67.02693877551022
0100 67.10857142857144
0010 67.19020408163266
1000 67.27183673469388
0100 67.3534693877551
0010 67.43510204081633
0100 67.51673469387755
1000 67.59836734693877
0001 67.68
1000 67.76163265306123
0100 67.84326530612245
0010 67.92489795918367
0100 68.0065306122449
1000 68.08816326530612
0001 68.16979591836734
0100 68.25142857142858
0010 68.3330612244898
1000 68.41469387755103
0100 68.49632653061225
0010 68.57795918367347
0001 68.6595918367347
0100 68.74122448979593
0010 68.82285714285715
1000 68.90448979591837
0010 68.9861224489796
0100 69.06775510204082
0001 69.14938775510204
1000 69.23102040816327
0010 69.3126530612245
1000 69.39428571428573
0001 69.47591836734695
0100 69.55755102040817
0010 69.6391836734694
1000 69.72081632653062
0001 69.80244897959184
0100 69.88408163265306
0010 69.9657142857143
1000 70.04734693877552
0001 70.12897959183674
1000 70.21061224489796
0010 70.29224489795918
0100 70.37387755102041
0001 70.45551020408163
0100 70.53714285714285
0010 70.61877551020409
0100 70.70040816326531
0001 70.78204081632653
0100 70.86367346938775
0001 70.94530612244898
0010 71.0269387755102
0100 71.10857142857142
0010 71.19020408163266
0001 71.27183673469388
1000 71.35346938775511
0010 71.43510204081633
0100 71.51673469387755
0010 71.59836734693879
1000 71.68
0100 71.76163265306123
0010 71.84326530612245
0001 71.92489795918368
1000 72.0065306122449
0010 72.08816326530612
0100 72.16979591836736
0001 72.25142857142858
0100 72.33306122448981
0010 72.41469387755103
1000 72.49632653061225
0100 72.57795918367349
1000 72.6595918367347
0001 72.74122448979593
0100 72.82285714285715
0010 72.90448979591838
0100 72.9861224489796
0010 73.06775510204082
1000 73.14938775510204
0001 73.23102040816326
0100 73.3126530612245
0001 73.39428571428572
1000 73.47591836734694
0100 73.55755102040817
1000 73.63918367346939
0010 73.72081632653061
0100 73.80244897959183
0001 73.88408163265306
0010 73.96571428571428
0100 74.0473469387755
1000 74.12897959183674
0010 74.21061224489796
1000 74.2922448979592
0010 74.37387755102041
0100 74.45551020408163
0001 74.53714285714287
0010 74.61877551020409
0001 74.70040816326531
1000 74.78204081632653
0010 74.86367346938776
0100 74.94530612244898
0010 75.0269387755102
1000 75.10857142857144
0010 75.19020408163266
0100 75.27183673469389
0001 75.35346938775511
0100 75.43510204081633
0010 75.51673469387757
1000 75.59836734693879
0001 75.68
0010 75.76163265306123
0100 75.84326530612246
1000 75.92489795918368
0100 76.0065306122449
1000 76.08816326530612
0010 76.16979591836734
0100 76.25142857142858
0001 76.3330612244898
1000 76.41469387755102
0100 76.49632653061225
0010 76.57795918367347
0001 76.65959183673469
0100 76.74122448979591
0001 76.82285714285715
0010 76.90448979591837
0100 76.98612244897959
1000 77.06775510204082
0100 77.14938775510204
1000 77.23102040816327
0010 77.3126530612245
0100 77.39428571428572
0001 77.47591836734695
1000 77.55755102040817
0010 77.63918367346939
0100 77.72081632653061
0001 77.80244897959184
0010 77.88408163265306
0100 77.96571428571428
1000 78.04734693877552
0010 78.12897959183674
0100 78.21061224489797
0001 78.2922448979592
0010 78.37387755102041
0100 78.45551020408165
1000 78.53714285714287
0100 78.61877551020409
0010 78.70040816326531
0001 78.78204081632654
0100 78.86367346938776
0010 78.94530612244898
1000 79.0269387755102
0001 79.10857142857142
0010 79.19020408163266
0100 79.27183673469388
1000 79.3534693877551
0010 79.43510204081633
0100 79.51673469387755
0001 79.59836734693877
1000 79.67999999999999
0100 79.76163265306123
0010 79.84326530612245
0100 79.92489795918367
0010 80.0065306122449
0001 80.08816326530612
1000 80.16979591836736
0100 80.25142857142858
0010 80.3330612244898
0001 80.41469387755103
0100 80.49632653061225
0010 80.57795918367347
1000 80.65959183673469
0100 80.74122448979593
0010 80.82285714285715
0100 80.90448979591837
0010 80.9861224489796
0100 81.06775510204082
1000 81.14938775510205
0100 81.23102040816327
1000 81.3126530612245
0010 81.39428571428573
0100 81.47591836734695
0010 81.55755102040817
1000 81.63918367346939
0100 81.72081632653062
0010 81.80244897959184
0100 81.88408163265306
1000 81.96571428571428
0001 82.0473469387755
0100 82.12897959183674
0010 82.21061224489796
1000 82.29224489795918
0010 82.37387755102041
0100 82.45551020408163
0010 82.53714285714285
0100 82.61877551020407
0001 82.70040816326531
1000 82.78204081632653
0010 82.86367346938775
0100 82.94530612244898
0001 83.0269387755102
1000 83.10857142857144
0001 83.19020408163266
0010 83.27183673469388
0100 83.35346938775511
1000 83.43510204081633
0010 83.51673469387755
0100 83.59836734693877
0001 83.68
0010 83.76163265306123
0100 83.84326530612245
1000 83.92489795918368
0010 84.0065306122449
0100 84.08816326530614
0010 84.16979591836736
0100 84.25142857142858
0001 84.33306122448981
1000 84.41469387755103
0001 84.49632653061225
0100 84.57795918367347
0010 84.6595918367347
1000 84.74122448979593
0100 84.82285714285715
0010 84.90448979591837
0100 84.98612244897959
1000 85.06775510204082
0010 85.14938775510204
0100 85.23102040816326
0010 85.3126530612245
1000 85.39428571428572
0100 85.47591836734694
0010 85.55755102040816
0001 85.63918367346939
0100 85.72081632653061
0010 85.80244897959183
1000 85.88408163265306
0100 85.96571428571428
1000 86.04734693877552
0010 86.12897959183674
1000 86.21061224489796
0100 86.2922448979592
0010 86.37387755102041
0001 86.45551020408163
0010 86.53714285714285
0100 86.61877551020409
1000 86.70040816326531
0001 86.78204081632653
0100 86.86367346938776
0010 86.94530612244898
1000 87.02693877551022
0100 87.10857142857144
0010 87.19020408163266
0001 87.27183673469389
0010 87.35346938775511
0001 87.43510204081633
1000 87.51673469387755
0100 87.59836734693879
1000 87.68
0100 87.76163265306123
0010 87.84326530612245
0001 87.96571428571428
0010 88.08816326530612
0100 88.21061224489796
1001 88.3330612244898
0010 88.45551020408163
0100 88.57795918367347
0010 88.70040816326531
1000 88.82285714285715
0001 88.94530612244898
0100 89.06775510204082
0001 89.19020408163266
0110 89.3126530612245
1000 89.43510204081633
0001 89.55755102040817
0010 89.68
0001 89.80244897959184
1000 89.92489795918368
0001 90.04734693877552
0100 90.16979591836736
1010 90.2922448979592
0010 90.41469387755103
1000 90.53714285714287
0100 90.6595918367347
1000 90.78204081632653
0010 90.90448979591837
0200 91.0269387755102
0301 91.27183673469388
0010 91.51673469387755
0100 91.63918367346939
0010 91.76163265306123
0001 91.88408163265306
0010 92.0065306122449
0100 92.12897959183674
0011 92.25142857142858
0001 92.37387755102041
0101 92.49632653061225
0100 92.74122448979593
0010 92.86367346938776
0100 92.9861224489796
0001 93.10857142857144
1001 93.23102040816327
1000 93.35346938775511
1100 93.47591836734695
0100 93.72081632653061
0010 93.84326530612245
0001 93.96571428571428
1000 94.08816326530612
0010 94.21061224489796
0100 94.3330612244898
0001 94.45551020408163
0010 94.57795918367347
0100 94.70040816326531
1000 94.82285714285715
0010 94.94530612244898
0100 95.06775510204082
0001 95.19020408163266
0010 95.25142857142858
0100 95.3126530612245
1000 95.37387755102041
0001 95.43510204081633
0010 95.49632653061225
0100 95.55755102040817
1000 95.61877551020409
0001 95.68
0010 95.80244897959184
0100 95.92489795918368
1000 95.9861224489796
0100 96.04734693877552
0010 96.16979591836736
0100 96.2922448979592
1000 96.41469387755103
0001 96.47591836734695
1000 96.53714285714287
0010 96.6595918367347
1000 96.78204081632654
0001 96.90448979591838
0100 96.9657142857143
0001 97.02693877551022
1000 97.14938775510205
0001 97.27183673469389
0010 97.39428571428573
0100 97.45551020408165
0010 97.51673469387757
0001 97.63918367346939
1000 97.76163265306123
0010 97.88408163265306
1000 97.94530612244898
0010 98.0065306122449
0100 98.12897959183674
0010 98.25142857142858
0100 98.37387755102041
0010 98.43510204081633
0100 98.49632653061225
0010 98.61877551020409
1000 98.74122448979593
0010 98.86367346938776
0100 98.92489795918368
0010 98.9861224489796
1000 99.10857142857144
0001 99.23102040816327
0100 99.35346938775511
0001 99.41469387755103
0100 99.47591836734695
0001 99.59836734693879
0100 99.6595918367347
0010 99.72081632653062
1000 99.84326530612246
0010 99.90448979591838
0100 99.9657142857143
0001 100.08816326530614
0100 100.14938775510205
0010 100.21061224489797
1000 100.33306122448981
0010 100.39428571428573
0100 100.45551020408165
0001 100.57795918367347
1000 100.63918367346939
0010 100.70040816326531
1000 100.82285714285715
0001 100.88408163265306
0100 100.94530612244898
0001 101.06775510204082
1000 101.12897959183674
0010 101.19020408163266
1000 101.3126530612245
0001 101.37387755102041
0100 101.43510204081633
0001 101.55755102040817
0100 101.61877551020409
0001 101.68
0100 101.74122448979593
0001 101.80244897959184
0100 101.86367346938776
0010 101.92489795918368
1000 101.9861224489796
0010 102.04734693877552
1000 102.10857142857144
0010 102.16979591836736
1000 102.23102040816327
0001 102.2922448979592
0100 102.35346938775511
0001 102.41469387755103
0100 102.47591836734695
0001 102.53714285714287
0100 102.59836734693879
0001 102.6595918367347
0010 102.72081632653062
0100 102.78204081632654
1000 102.84326530612246
0001 102.90448979591838
0010 102.9657142857143
0100 103.02693877551022
1000 103.08816326530614
0100 103.14938775510205
0010 103.21061224489797
0001 103.27183673469389
0010 103.33306122448981
0100 103.39428571428573
1000 103.45551020408165
0010 103.51673469387755
0100 103.92489795918368
0001 104.08816326530612
0100 104.3330612244898
0001 104.41469387755102
1000 104.57795918367347
0010 104.74122448979593
0100 104.82285714285715
0010 104.9861224489796
1000 106.12897959183674
0001 106.2922448979592
1000 106.37387755102041
0001 106.45551020408163
0100 106.53714285714285
0010 106.61877551020409
0100 106.86367346938776
0001 106.94530612244898
0100 107.10857142857142
0010 107.3126530612245
1000 107.39428571428572
0010 107.55755102040817
