TITLE Ievan Polkka
BPM   119.0
NOTES
1000 1.7684033613445378
0010 2.020504201680672
1000 2.2726050420168065
0100 2.524705882352941
1000 2.7768067226890754
0010 3.02890756302521
1000 3.2810084033613443
0001 3.5331092436974787
0100 3.785210084033613
0010 4.037310924369748
0100 4.289411764705882
0001 4.5415126050420165
0100 4.793613445378151
0010 5.045714285714285
0100 5.29781512605042
0001 5.549915966386554
0010 5.802016806722689
0100 6.054117647058823
0010 6.306218487394958
0001 6.558319327731092
0010 6.8104201680672265
0100 7.062521008403361
0010 7.314621848739495
0001 7.56672268907563
1000 7.818823529411764
0100 8.0709243697479
1000 8.323025210084033
0010 8.575126050420169
1000 8.827226890756302
0001 9.079327731092436
1000 9.331428571428571
0100 9.583529411764706
1001 9.83563025210084
1000 10.087731092436973
0001 10.339831932773109
0100 10.591932773109242
0001 10.844033613445378
0010 11.096134453781511
0001 11.348235294117647
0100 11.600336134453782
1010 11.852436974789915
1000 12.104537815126049
0010 12.356638655462184
0100 12.608739495798318
0010 12.860840336134453
1000 13.112941176470587
0010 13.365042016806722
0100 13.617142857142857
0010 13.743193277310924
0100 13.869243697478991
0001 14.121344537815125
0100 14.37344537815126
0010 14.625546218487393
0100 14.877647058823529
0001 15.129747899159662
0100 15.381848739495798
0010 15.633949579831933
0101 15.886050420168067
1000 16.138151260504202
0100 16.390252100840335
0010 16.64235294117647
0110 16.894453781512606
1000 17.701176470588237
0010 17.83563025210084
1000 18.10453781512605
0010 18.373445378151263
0100 18.776806722689077
0001 18.91126050420168
0010 19.03731092436975
0001 19.163361344537815
0010 19.289411764705882
0001 19.41546218487395
1000 19.667563025210086
0010 19.793613445378153
0100 19.91966386554622
0001 20.171764705882353
0100 20.42386554621849
0001 20.675966386554624
1000 20.928067226890757
0010 21.18016806722689
1000 21.432268907563024
0001 21.68436974789916
0010 21.81042016806723
0100 21.936470588235295
0010 22.18857142857143
0001 22.440672268907566
1000 22.818823529411766
0001 22.944873949579833
1000 23.196974789915966
0001 23.323025210084033
0100 23.57512605042017
0001 23.701176470588237
0100 23.827226890756304
0010 23.95327731092437
1000 24.079327731092437
0010 24.205378151260504
1000 24.33142857142857
0010 24.45747899159664
1000 24.583529411764708
0010 24.709579831932775
0100 24.96168067226891
0001 25.213781512605042
1000 25.465882352941176
0001 25.717983193277313
0100 25.84403361344538
0001 25.970084033613446
0100 26.22218487394958
0010 26.474285714285717
1000 26.72638655462185
0010 26.978487394957984
0100 27.230588235294118
0001 27.356638655462184
0010 27.60873949579832
0001 27.734789915966388
0010 27.860840336134455
0100 27.98689075630252
1000 28.11294117647059
0100 28.238991596638655
1000 28.365042016806722
0100 28.491092436974792
1000 28.61714285714286
0100 28.743193277310926
1000 28.869243697478993
0100 28.99529411764706
0010 29.247394957983193
0100 29.37344537815126
1000 29.87764705882353
0010 30.003697478991597
0100 30.25579831932773
0010 30.507899159663868
1000 30.76
0001 31.012100840336135
0100 31.26420168067227
0010 31.516302521008402
1000 31.76840336134454
0010 31.894453781512606
1000 32.02050420168067
0001 32.146554621848736
1000 32.27260504201681
0001 32.39865546218487
1000 32.52470588235294
0001 32.776806722689074
0110 33.02890756302521
0100 33.297815126050416
0010 33.43226890756302
0001 33.835630252100835
0100 33.97008403361344
0001 34.238991596638655
0200 34.507899159663864
0310 34.91126050420168
0100 35.04571428571428
0010 35.17176470588235
1000 35.297815126050416
0020 35.54991596638655
0130 35.80201680672268
0010 35.928067226890754
1000 36.054117647058824
0100 36.30621848739496
0010 36.55831932773109
0100 36.810420168067225
1000 37.06252100840336
0010 37.18857142857143
0100 37.31462184873949
0020 37.566722689075625
1030 37.94487394957983
0100 38.07092436974789
1000 38.32302521008403
0200 38.57512605042017
0310 38.95327731092436
0100 39.079327731092434
0010 39.33142857142857
0200 39.45747899159664
1300 39.70957983193277
0010 39.835630252100835
1000 39.961680672268905
0010 40.087731092436975
0100 40.21378151260504
0010 40.33983193277311
0100 40.46588235294117
0010 40.59193277310924
0100 40.844033613445376
0001 41.09613445378151
1000 41.34823529411764
0010 41.47428571428571
2000 41.60033613445378
3001 41.85243697478991
0010 41.97848739495798
0100 42.104537815126044
0010 42.356638655462184
0001 42.60873949579832
0100 42.86084033613445
0020 43.112941176470585
0130 43.36504201680672
0010 43.49109243697479
2000 43.61714285714285
3001 43.869243697478986
0010 43.995294117647056
0001 44.121344537815126
1000 44.24739495798319
0001 44.37344537815126
1000 44.49949579831932
0001 44.62554621848739
1000 44.75159663865546
0001 44.87764705882353
1000 45.00369747899159
0002 45.12974789915966
1003 45.381848739495794
0001 45.507899159663864
0020 45.63394957983193
0030 45.88605042016806
0100 46.01210084033613
1000 46.138151260504195
0001 46.390252100840335
0100 46.64235294117647
0001 46.8944537815126
1000 47.146554621848736
0001 47.39865546218487
0010 47.52470588235294
0200 47.650756302521
1300 47.90285714285714
0010 48.02890756302521
0100 48.15495798319328
0001 48.28100840336134
0100 48.40705882352941
0001 48.533109243697474
0100 48.659159663865545
0001 48.78521008403361
0100 48.91126050420168
0001 49.03731092436974
0020 49.16336134453781
0031 49.415462184873945
1000 49.541512605042016
0010 49.66756302521008
0100 50.04571428571428
0010 50.171764705882346
0100 50.42386554621849
0020 50.67596638655462
1030 51.05411764705882
0001 51.18016806722689
0100 51.30621848739496
0020 51.43226890756302
1030 51.684369747899154
0001 51.93647058823529
0100 52.06252100840336
0010 52.18857142857143
1000 52.44067226890756
0001 52.692773109243696
0100 52.94487394957983
0010 53.19697478991596
0100 53.32302521008403
0001 53.449075630252096
0020 53.70117647058823
0030 53.95327731092436
0001 54.079327731092434
1000 54.2053781512605
0001 54.45747899159664
2000 54.70957983193277
3001 55.08773109243697
0100 55.21378151260504
0001 55.46588235294117
0200 55.59193277310924
0310 55.844033613445376
0100 55.97008403361344
0010 56.09613445378151
0100 56.22218487394958
0001 56.34823529411764
0100 56.47428571428571
0001 56.60033613445378
0100 56.72638655462185
0001 56.85243697478991
0100 56.97848739495798
0001 57.104537815126044
0200 57.230588235294114
0310 57.48268907563025
1000 57.60873949579832
0020 57.73478991596638
1030 57.986890756302515
0010 58.112941176470585
0100 58.23899159663865
0010 58.49109243697479
1000 58.74319327731092
0100 58.995294117647056
0020 59.24739495798319
0130 59.49949579831932
1000 59.62554621848739
0002 59.75159663865546
1003 60.00369747899159
0010 60.12974789915966
0100 60.25579831932773
0010 60.381848739495794
0100 60.507899159663864
0010 60.63394957983193
0100 60.76
0010 60.88605042016806
0100 61.01210084033613
0010 61.138151260504195
2000 61.264201680672265
3001 61.5163025210084
0100 61.64235294117647
0002 61.76840336134453
0003 62.020504201680666
1000 62.146554621848736
0010 62.2726050420168
1000 62.52470588235294
0010 62.776806722689074
1000 63.02890756302521
0100 63.28100840336134
1000 63.533109243697474
0100 63.659159663865545
0020 63.78521008403361
0031 64.03731092436975
0100 64.16336134453782
0001 64.28941176470589
1000 64.41546218487395
0001 64.54151260504202
1000 64.66756302521009
0001 64.79361344537816
1000 65.04571428571428
1001 65.29781512605042
0100 66.10453781512605
0001 66.23899159663866
0001 66.50789915966386
0001 66.77680672268907
0001 67.18016806722689
1000 67.31462184873949
0100 67.44067226890756
0010 67.56672268907563
0001 67.69277310924369
0100 67.81882352941176
0010 68.0709243697479
1000 68.19697478991596
0010 68.32302521008403
0100 68.57512605042017
0001 68.8272268907563
0010 69.07932773109243
0100 69.33142857142857
0010 69.58352941176472
0100 69.83563025210084
1000 70.08773109243698
0010 70.21378151260504
0100 70.33983193277311
0001 70.59193277310925
0100 70.84403361344538
0001 71.22218487394959
0010 71.34823529411766
0001 71.6003361344538
1000 71.72638655462185
0001 71.978487394958
1000 72.10453781512606
0001 72.23058823529412
0100 72.35663865546219
0010 72.48268907563026
0100 72.60873949579833
0001 72.7347899159664
0010 72.86084033613446
0100 72.98689075630253
0010 73.1129411764706
0100 73.36504201680673
1000 73.61714285714287
0001 73.86924369747899
0100 74.12134453781513
0001 74.24739495798319
0010 74.37344537815126
0100 74.6255462184874
1000 74.87764705882353
0010 75.12974789915967
0100 75.3818487394958
0001 75.63394957983193
0010 75.75999999999999
0001 76.01210084033613
1000 76.1381512605042
0010 76.26420168067226
0100 76.39025210084033
0010 76.64235294117647
0100 76.8944537815126
0001 77.14655462184874
1000 77.39865546218488
0001 77.65075630252102
1000 77.77680672268907
0100 78.02890756302521
0010 78.15495798319328
0001 78.28100840336134
1000 78.40705882352941
0100 78.65915966386555
0010 78.91126050420168
0100 79.16336134453782
1000 79.41546218487396
0100 79.6675630252101
0010 79.91966386554623
0001 80.17176470588237
0101 80.4238655462185
0100 80.67596638655463
0110 80.92806722689076
0010 81.1801680672269
1010 81.43226890756303
1010 81.68436974789917
1000 81.9364705882353
0010 82.06252100840337
1000 82.18857142857144
0010 82.31462184873949
1000 82.44067226890756
0100 82.6927731092437
0010 82.94487394957983
0001 83.32302521008404
0100 83.4490756302521
0010 83.57512605042017
1000 83.70117647058824
0001 83.8272268907563
0100 83.95327731092436
0010 84.2053781512605
1000 84.33142857142856
0010 84.45747899159663
0100 84.70957983193277
0001 84.9616806722689
0100 85.21378151260504
0010 85.46588235294118
1000 85.71798319327732
0010 85.97008403361345
0100 86.22218487394959
0001 86.34823529411764
0010 86.47428571428571
0100 86.72638655462185
1000 86.97848739495798
0010 87.35663865546219
1000 87.48268907563026
0100 87.7347899159664
0010 87.86084033613446
0001 88.1129411764706
0100 88.23899159663867
0010 88.36504201680673
1000 88.4910924369748
0100 88.61714285714287
0010 88.74319327731094
0001 88.869243697479
1000 88.99529411764706
0010 89.12134453781513
0100 89.2473949579832
0010 89.49949579831933
0100 89.75159663865547
0001 90.0036974789916
0100 90.25579831932774
0010 90.3818487394958
1000 90.50789915966386
0001 90.76
0100 91.01210084033613
0010 91.26420168067227
1000 91.5163025210084
0010 91.76840336134454
0100 91.8944537815126
0010 92.14655462184874
1000 92.2726050420168
0001 92.39865546218486
0100 92.52470588235293
0010 92.650756302521
1000 92.77680672268907
0001 92.90285714285714
0100 93.0289075630252
0010 93.15495798319327
1000 93.28100840336134
0001 93.40705882352941
0100 93.53310924369748
0010 93.78521008403362
1000 93.91126050420168
0100 94.41546218487395
0010 94.54151260504202
0001 94.79361344537816
0001 95.04571428571428
0100 95.29781512605042
0010 95.54991596638656
1000 95.8020168067227
0001 96.05411764705883
1000 96.30621848739497
0001 96.43226890756303
0100 96.5583193277311
0010 96.68436974789917
1000 96.81042016806724
0001 96.93647058823531
0100 97.06252100840337
0010 97.3146218487395
1010 97.56672268907563
0010 97.83563025210084
1000 97.97008403361345
0100 98.37344537815126
0010 98.50789915966386
1000 98.77680672268907
0002 99.04571428571428
0103 99.4490756302521
0010 99.5835294117647
0100 99.70957983193277
0001 99.83563025210084
0200 100.08773109243697
0310 100.33983193277311
1000 100.46588235294116
0010 100.59193277310924
0100 100.84403361344538
0001 101.0961344537815
0100 101.34823529411764
0010 101.60033613445378
0100 101.72638655462185
0001 101.85243697478992
2000 102.10453781512605
3000 102.35663865546219
0100 102.48268907563025
0010 102.60873949579832
0001 102.86084033613446
0200 103.11294117647058
0310 103.4910924369748
1000 103.61714285714287
0100 103.869243697479
0020 103.99529411764706
0031 104.2473949579832
0100 104.37344537815127
0001 104.49949579831933
0010 104.6255462184874
0001 104.75159663865547
0100 104.87764705882354
0010 105.00369747899161
1000 105.12974789915967
0010 105.38184873949581
0100 105.63394957983193
0001 105.88605042016808
0100 106.01210084033613
0020 106.1381512605042
1030 106.39025210084034
0010 106.5163025210084
0100 106.64235294117647
0010 106.89445378151261
1000 107.14655462184874
0001 107.39865546218488
0100 107.650756302521
0010 107.90285714285714
0100 108.0289075630252
0002 108.15495798319327
1003 108.40705882352941
0010 108.53310924369747
0100 108.65915966386554
0001 108.78521008403361
0100 108.91126050420168
0010 109.03731092436975
0100 109.1633613445378
0001 109.28941176470587
0010 109.41546218487395
0001 109.54151260504202
2000 109.66756302521009
3001 109.91966386554623
0010 110.04571428571428
0200 110.17176470588235
0300 110.4238655462185
