TITLE Kichin To Chicken
BPM   161.0
NOTES
1000 1.1853416149068323
0001 1.2785093167701862
1000 1.5580124223602483
0001 1.6511801242236024
1000 1.9306832298136645
0100 2.1170186335403725
1000 2.3033540372670807
0010 2.489689440993789
1000 2.6760248447204966
0100 2.862360248447205
1000 3.048695652173913
0001 3.421366459627329
0010 3.607701863354037
0001 3.794037267080745
0100 3.980372670807453
0001 4.166708074534162
0010 4.35304347826087
0001 4.539378881987578
0100 4.912049689440994
0001 5.0983850931677015
0100 5.28472049689441
1000 5.471055900621118
0100 5.657391304347826
0010 5.843726708074534
0100 6.030062111801242
0010 6.4027329192546585
0100 6.682236024844721
0010 6.775403726708075
0100 7.14807453416149
0001 7.241242236024845
0100 7.334409937888199
0001 7.427577639751553
0100 7.520745341614907
0010 7.893416149068323
1000 8.079751552795031
0010 8.26608695652174
0100 8.452422360248447
0001 8.638757763975155
0100 8.825093167701862
0001 9.384099378881986
0010 9.570434782608695
0100 9.756770186335402
1000 9.94310559006211
0002 10.129440993788819
0013 10.502111801242235
0100 10.688447204968943
0010 10.874782608695652
0001 11.06111801242236
1000 11.247453416149067
0010 11.433788819875776
1000 11.620124223602485
0001 11.806459627329192
0100 12.365465838509316
0010 12.551801242236024
0100 12.738136645962731
0001 12.92447204968944
0010 13.110807453416149
0100 13.297142857142855
0010 13.483478260869564
0100 13.669813664596273
1000 13.85614906832298
0100 14.228819875776395
0010 14.601490683229812
0001 14.78782608695652
1000 14.974161490683228
0100 15.160496894409937
1000 15.346832298136645
0001 15.44
1000 15.71950310559006
0001 15.812670807453415
1000 16.092173913043478
0010 16.185341614906832
1000 16.464844720496895
0010 16.55801242236025
0100 16.837515527950313
0001 17.02385093167702
0100 17.21018633540373
0001 17.39652173913044
1000 17.582857142857144
0100 17.769192546583852
0010 17.95552795031056
0001 18.14186335403727
0100 18.328198757763975
0010 18.700869565217392
1000 19.073540372670806
0001 19.16670807453416
0100 19.259875776397514
0010 19.35304347826087
1000 19.446211180124223
0100 19.81888198757764
0010 20.00521739130435
0100 20.191552795031058
0010 20.377888198757763
0001 20.56422360248447
0100 20.75055900621118
1001 20.93689440993789
0010 21.309565217391306
1000 21.495900621118015
0100 21.682236024844723
0010 21.868571428571432
0001 21.961739130434783
0010 22.054906832298137
0100 22.241242236024846
1000 22.427577639751554
0001 22.613913043478263
1000 22.800248447204968
0010 22.986583850931677
0100 23.172919254658385
0001 23.359254658385094
0100 23.5455900621118
0010 23.731925465838508
0101 23.918260869565216
1000 24.290931677018634
0010 24.477267080745342
0100 24.66360248447205
0010 24.849937888198756
0100 25.036273291925465
0001 25.12944099378882
0010 25.222608695652173
0100 25.315776397515528
1000 25.408944099378882
0010 25.59527950310559
0100 25.7816149068323
0001 25.967950310559008
0100 26.154285714285717
0010 26.340621118012425
1000 26.52695652173913
0010 26.71329192546584
0100 27.27229813664596
0001 27.45863354037267
0100 27.64496894409938
0010 27.831304347826087
2000 28.017639751552792
3001 28.39031055900621
0100 28.57664596273292
0001 28.762981366459627
0010 28.949316770186336
0001 29.135652173913044
1000 29.32198757763975
0010 29.508322981366458
1000 29.694658385093167
0100 30.253664596273293
0010 30.62633540372671
0001 30.81267080745342
0100 30.999006211180124
0010 31.185341614906832
1000 31.37167701863354
0001 31.55801242236025
0100 31.744347826086955
0010 32.11701863354037
1000 32.489689440993786
0010 32.8623602484472
0100 33.048695652173905
0001 33.23503105590062
1000 33.32819875776397
0001 33.60770186335404
1000 33.70086956521739
0010 33.980372670807455
0100 34.073540372670806
0010 34.35304347826087
0100 34.44621118012422
0001 34.72571428571428
0100 34.91204968944099
0001 35.0983850931677
0100 35.28472049689441
0001 35.47105590062112
0010 35.657391304347826
0100 35.84372670807453
1000 36.030062111801236
0001 36.216397515527945
0100 36.58906832298136
0010 36.96173913043478
0110 37.334409937888196
0202 37.707080745341614
0010 38.07975155279503
1000 38.45242236024845
0010 38.63875776397516
1000 38.825093167701866
0010 39.01142857142857
1000 39.197763975155276
0010 39.57043478260869
1000 39.7567701863354
1000 40.12944099378882
0010 40.31577639751552
0010 40.50211180124223
1000 40.68844720496894
1000 41.061118012422355
0010 41.247453416149064
1000 41.43378881987577
0010 41.62012422360248
1000 41.99279503105589
0010 42.17913043478261
0010 42.551801242236024
1000 42.73813664596273
0303 43.29714285714286
2200 43.66981366459627
0010 44.042484472049686
0001 44.415155279503104
0010 44.60149068322981
0001 44.787826086956514
0010 44.97416149068322
0001 45.16049689440993
0010 45.34683229813664
0001 45.53316770186335
0010 45.71950310559006
0001 46.092173913043474
0010 46.27850931677018
0010 46.464844720496885
0001 46.6511801242236
0001 47.02385093167702
0010 47.396521739130435
0010 47.76919254658385
0001 48.14186335403726
0001 48.51453416149068
0010 48.8872049689441
0001 49.073540372670806
3300 49.632546583850925
1000 50.00521739130434
0100 50.37788819875776
1100 50.56422360248447
1001 50.93689440993788
0001 51.123229813664594
1000 51.49590062111801
0010 51.86857142857143
0100 52.05490683229814
0001 52.241242236024846
0010 52.42757763975155
0001 52.613913043478256
1010 52.98658385093167
0100 53.35925465838509
0110 53.5455900621118
0011 53.91826086956521
0001 54.10459627329192
0101 54.477267080745335
0100 54.663602484472044
0001 55.22260869565217
1000 55.31577639751552
0001 55.40894409937887
1000 55.59527950310559
1100 55.781614906832296
0001 56.15428571428571
1000 56.34062111801242
0100 56.52695652173913
0010 56.71329192546584
0001 57.08596273291925
0101 57.27229813664596
0100 57.45863354037267
0001 57.644968944099375
0100 57.831304347826084
0010 58.01763975155279
0100 58.203975155279494
0010 58.3903105590062
2000 58.57664596273291
3100 58.94931677018633
0010 59.04248447204968
0100 59.13565217391304
0010 59.22881987577639
0200 59.321987577639746
0310 59.69465838509316
0001 59.787826086956514
0010 59.880993788819865
0001 59.97416149068322
0020 60.06732919254658
0031 60.44
1000 60.53316770186335
0001 60.626335403726706
1000 60.71950310559006
0002 60.812670807453415
0103 61.18534161490683
0001 61.27850931677018
0100 61.371677018633534
0010 61.46484472049689
1000 61.55801242236024
0100 61.74434782608695
1000 62.11701863354037
0001 62.21018633540372
0100 62.30335403726708
0001 62.489689440993786
1000 62.862360248447196
0001 62.955527950310554
0010 63.048695652173905
0001 63.60770186335403
0100 63.70086956521738
0010 63.79403726708074
1000 64.16670807453416
0100 64.25987577639751
0010 64.35304347826086
0100 64.53937888198757
1000 64.72571428571428
0100 64.91204968944099
0010 65.09838509316769
0001 65.28472049689441
0010 65.47105590062111
1100 65.65739130434783
0010 66.03006211180124
1000 66.21639751552794
0001 66.40273291925466
0100 66.58906832298136
0020 66.77540372670808
0130 67.1480745341615
0001 67.3344099378882
1000 67.5207453416149
0001 67.7070807453416
1000 67.89341614906832
0010 68.07975155279502
0100 68.26608695652173
0010 68.45242236024843
1010 68.63875776397515
1000 69.01142857142857
0001 69.19776397515527
0100 69.38409937888198
0010 69.57043478260869
1000 69.7567701863354
0001 70.12944099378882
0100 70.31577639751552
0010 70.50211180124224
1000 70.87478260869565
0001 71.24745341614907
1000 71.43378881987577
0010 71.62012422360249
0100 71.80645962732919
0010 71.99279503105589
1000 72.08596273291924
0010 72.36546583850931
0100 72.45863354037266
0010 72.73813664596273
1000 72.83130434782608
0010 73.11080745341614
0100 73.2039751552795
0001 73.48347826086956
1000 73.66981366459626
0100 73.85614906832298
0100 74.04248447204968
0010 74.2288198757764
0001 74.4151552795031
1000 74.60149068322981
0100 74.78782608695651
0010 74.97416149068323
0001 75.34683229813665
1000 75.71950310559006
0101 76.09217391304348
1000 76.46484472049688
0001 76.65118012422359
0100 76.8375155279503
0100 77.023850931677
0010 77.21018633540372
1000 77.39652173913042
0001 77.58285714285714
0010 77.76919254658384
0100 77.95552795031055
1000 78.14186335403726
0001 78.23503105590062
0100 78.32819875776397
0010 78.51453416149067
1000 78.60770186335404
1000 78.79403726708074
0010 79.0735403726708
1000 79.16670807453416
0010 79.25987577639751
1000 79.35304347826086
0020 79.44621118012422
0130 79.81888198757764
0010 80.00521739130434
1000 80.19155279503106
0001 80.37788819875776
0100 80.56422360248447
0010 80.75055900621118
2020 80.93689440993788
3030 81.21639751552794
0100 81.3095652173913
0001 81.495900621118
1000 81.68223602484471
0010 81.86857142857141
0100 82.05490683229813
0001 82.24124223602483
0202 82.42757763975155
0303 82.70708074534161
0010 82.80024844720496
0001 82.98658385093167
1000 83.17291925465838
0100 83.35925465838508
0010 83.5455900621118
0001 83.7319254658385
0220 83.91826086956522
0330 84.19776397515528
1000 84.29093167701863
0001 84.66360248447205
0010 84.7567701863354
0100 84.84993788819875
0010 84.94310559006212
0100 85.03627329192547
0010 85.12944099378882
0100 85.22260869565217
0010 85.31577639751552
0200 85.40894409937887
0300 87.45863354037266
