TITLE Triangle Girl's Heart
BPM   198.1
NOTES
1000 0.6457546693589097
1000 0.797193336698637
0010 0.9486320040383645
0100 1.100070671378092
0001 1.4029480060575468
0100 1.5543866733972742
0010 1.7058253407370016
0100 2.008702675416456
0010 2.1601413427561837
1000 2.311580010095911
0020 2.4630186774356386
0130 2.7658960121150935
0100 3.0687733467945484
0100 3.2202120141342756
0010 3.3716506814740033
1000 3.5230893488137305
0001 3.825966683493185
1000 3.9774053508329126
0001 4.12884401817264
0100 4.431721352852095
0010 4.583160020191822
1000 4.734598687531549
0200 4.886037354871277
1300 5.232182880219225
0010 5.4052556428931995
0010 5.578328405567174
0001 5.751401168241148
0100 5.924473930915123
0010 6.248985360928824
1000 6.400424028268551
0010 6.551862695608279
0100 6.854740030287734
0010 7.006178697627461
0100 7.157617364967188
0002 7.309056032306915
1003 7.6552015576548635
0100 7.828274320328838
0100 8.00134708300281
0010 8.174419845676786
1000 8.347492608350759
1000 8.672004038364461
0001 8.823442705704188
0010 8.974881373043916
0101 9.126320040383643
1001 9.580636042402826
1010 10.034952044422008
1000 10.337829379101462
0001 10.48926804644119
0100 10.640706713780919
0001 10.792145381120646
0100 11.0950227158001
0001 11.246461383139827
1000 11.397900050479555
0001 11.700777385159011
0100 11.852216052498738
0001 12.003654719838465
0200 12.155093387178193
0010 12.457970721857647
0301 12.760848056537101
0100 12.912286723876829
0010 13.063725391216558
0100 13.215164058556285
0010 13.51804139323574
0100 13.669480060575466
0010 13.820918727915194
1000 14.12379606259465
0010 14.275234729934377
0001 14.426673397274104
0020 14.57811206461383
1000 14.880989399293284
0130 15.183866733972739
0001 15.335305401312468
1000 15.486744068652195
0001 15.638182735991922
0010 15.941060070671377
0001 16.092498738011106
0100 16.24393740535083
0001 16.546814740030285
0100 16.698253407370014
1000 16.84969207470974
0200 17.00113074204947
0010 17.304008076728923
0301 17.606885411408378
1000 17.758324078748107
0100 17.909762746087832
0010 18.06120141342756
0001 18.36407874810702
0100 18.515517415446745
0010 18.666956082786474
1000 18.969833417465928
0100 19.121272084805653
0010 19.272710752145382
0001 19.424149419485108
0010 19.575588086824837
0100 19.727026754164562
0010 19.87846542150429
0001 20.029904088844017
1000 20.181342756183746
0001 20.33278142352347
0200 20.4842200908632
1300 20.787097425542655
0100 20.93853609288238
0020 21.08997476022211
1030 21.392852094901563
0001 21.54429076224129
0100 21.695729429581018
0101 21.847168096920747
0101 22.1500454316002
1000 22.452922766279656
0010 22.604361433619385
1000 22.75580010095911
0002 22.90723876829884
0013 23.058677435638565
0100 23.23175019831254
0020 23.404822960986515
0031 23.75096848633446
1000 23.924041249008436
0010 24.09711401168241
1010 24.270186774356386
1010 24.57306410903584
0010 24.875941443715295
0100 25.027380111055024
0001 25.17881877839475
2000 25.33025744573448
3100 25.633134780413933
0010 25.784573447753658
2000 25.936012115093387
3100 26.23888944977284
0001 26.390328117112567
0010 26.541766784452296
0011 26.693205451792025
0011 26.99608278647148
0001 27.298960121150934
0100 27.450398788490663
0010 27.60183745583039
2000 27.753276123170117
3100 28.05615345784957
0001 28.207592125189297
0200 28.359030792529026
1300 28.66190812720848
0010 28.813346794548206
0100 28.964785461887935
0010 29.11622412922766
1000 29.26766279656739
0100 29.343382130237252
1000 29.419101463907115
0100 29.494820797576978
1000 29.570540131246844
0001 29.72197879858657
0100 29.8734174659263
0010 30.024856133266024
0110 30.176294800605753
1000 30.32773346794548
0001 30.47917213528521
1001 30.630610802624936
1000 30.782049469964665
1010 30.93348813730439
0010 31.08492680464412
0100 31.236365471983845
0110 31.387804139323574
0001 31.5392428066633
1000 31.69068147400303
0010 31.842120141342754
0100 31.917839475012617
0010 31.993558808682483
0100 32.069278142352346
0010 32.14499747602221
1000 32.59931347804139
0010 32.75075214538112
0200 33.205068147400304
0010 33.507945482079755
0310 33.81082281675921
1000 33.96226148409894
0001 34.113700151438664
0010 34.2651388187784
0001 34.41657748611812
0100 34.56801615345785
0010 35.02233215547703
1000 35.173770822816756
0200 35.62808682483594
1000 35.93096415951539
1300 36.23384149419485
0010 36.38528016153458
0100 36.53671882887431
0001 36.68815749621404
0010 36.839596163553765
0200 36.99103483089349
1000 37.29391216557295
1000 37.89966683493186
1300 38.505421504290766
0010 38.65686017163049
0100 39.111176173649675
0010 39.414053508329125
1000 39.86836951034831
0001 40.17124684502776
0010 40.32268551236749
0100 40.47412417970722
1000 40.62556284704694
0010 40.9284401817264
1000 41.23131751640585
0100 41.38275618374558
0010 41.83707218576476
0001 42.291388187783944
0100 42.44282685512368
1010 42.89714285714286
0001 43.20002019182231
0100 43.50289752650177
0010 43.654336193841495
1000 43.80577486118122
0010 43.95721352852095
0100 44.10865219586068
0010 44.2600908632004
1000 44.71440686521959
0001 44.86584553255931
1100 45.320161534578496
0001 45.62303886925795
0100 45.925916203937405
0001 46.07735487127713
0010 46.228793538616856
0100 46.38023220595659
0010 46.531670873296314
0001 46.68310954063604
1000 46.9859868753155
0010 47.13742554265522
1000 47.288864209994955
0001 47.59174154467441
0010 47.74318021201414
0001 47.894618879353864
0100 48.04605754669359
0001 48.19749621403332
0100 48.34893488137305
0020 48.50037354871277
1030 48.80325088339223
0100 49.10612821807168
1000 49.560444220090865
0001 49.863321554770316
0100 50.01476022211005
0010 50.166198889449774
0100 50.3176375567895
0010 50.62051489146896
1000 50.92339222614841
0100 51.074830893488134
2000 51.52914689550732
3001 51.9834628975265
0200 52.134901564866226
0300 52.58921756688541
2020 52.740656234225135
3030 53.04353356890459
2002 53.19497223624432
3003 53.497849570923776
0210 53.64928823826351
0002 53.95216557294296
0303 54.55792024230187
0001 54.709358909641594
1000 54.86079757698133
0001 55.01223624432105
0202 55.16367491166078
0303 55.466552246340235
1020 55.61799091367996
0100 56.072306915699144
0030 56.22374558303887
0100 56.375184250378595
0010 57.13237758707723
0100 57.28381625441696
0010 57.43525492175669
1000 57.58669358909641
0010 57.88957092377587
0010 58.19244825845532
0010 58.49532559313478
1000 58.79820292781423
0010 59.55539626451287
1000 59.706834931852605
0001 59.85827359919233
0200 60.009712266532055
0320 61.22122160524987
0130 61.52409893992933
0001 61.67553760726906
0100 61.82697627460878
0001 61.97841494194851
0100 62.12985360928824
0010 62.281292276627966
2000 62.43273094396769
3001 62.73560827864715
0010 62.887046945986874
0001 63.0384856133266
0010 63.189924280666325
0001 63.34136294800606
0100 63.49280161534578
0010 63.64424028268551
0030 64.55287228672388
0110 64.85574962140335
0010 65.1586269560828
0100 65.31006562342252
0010 65.46150429076225
1000 65.61294295810198
0001 65.7643816254417
1000 65.91582029278143
0010 66.21869762746088
0100 66.37013629480062
0002 66.67301362948007
0003 66.97589096415952
1100 67.27876829883898
1000 67.58164563351843
0001 67.73308430085815
0100 67.88452296819789
0010 68.18740030287734
0100 68.33883897021707
0100 68.64171630489652
0001 68.79315497223625
2000 69.0960323069157
0020 69.39890964159515
0001 69.70178697627462
3000 70.45898031297325
0200 70.61041898031297
1000 70.91329631499244
0030 71.51905098435134
0301 71.82192831903079
0100 71.97336698637052
0010 72.12480565371025
0100 72.4276829883897
0010 72.57912165572942
1000 72.73056032306917
0100 72.8819989904089
0010 73.18487632508835
0001 73.33631499242809
0200 73.4877536597678
0010 73.79063099444726
0301 74.09350832912672
0101 74.5478243311459
0001 74.85070166582535
0100 75.00214033316507
0010 75.1535790005048
1000 75.30501766784454
0100 75.45645633518426
0010 75.60789500252399
0100 75.91077233720344
0010 76.06221100454317
0002 76.36508833922262
0003 76.66796567390207
1100 76.97084300858154
0100 77.27372034326099
1000 77.42515901060071
0010 77.57659767794044
0100 77.72803634528017
0010 77.87947501261989
1000 78.03091367995962
0001 78.33379101463908
0010 78.48522968197881
0001 78.78810701665826
0220 79.09098435133771
0001 79.39386168601717
0330 79.99961635537608
2002 80.30249369005553
0010 80.60537102473499
0003 80.90824835941444
3000 81.2111256940939
0001 81.36256436143363
1000 81.51400302877335
0010 81.66544169611308
0100 81.81688036345281
0010 82.11975769813226
1000 82.27119636547198
0010 82.42263503281171
1000 82.57407370015144
0100 82.8769510348309
1000 83.02838970217063
0020 83.17982836951035
0100 83.4827057041898
1030 83.78558303886928
0001 84.23989904088846
1000 84.39133770822818
0001 84.54277637556791
1000 84.69421504290763
0010 84.9970923775871
0100 85.14853104492681
0010 85.29996971226655
1000 85.602847046946
0001 85.75428571428573
1000 85.90572438162545
0010 86.05716304896518
0100 86.13288238263505
0010 86.20860171630491
1000 86.36004038364463
0010 86.51147905098436
0100 86.6629177183241
0010 86.81435638566381
0100 86.96579505300355
0010 87.11723372034326
1000 87.42011105502273
0010 87.57154972236245
1000 87.72298838970218
0001 88.02586572438163
0100 88.17730439172136
0001 88.32874305906108
0100 88.48018172640082
0010 88.55590106007068
0100 88.63162039374055
0001 88.78305906108027
1000 88.93449772842
0010 89.08593639575973
1000 89.23737506309945
0010 89.38881373043918
1000 89.5402523977789
0001 89.84312973245837
0010 89.99456839979808
0001 90.14600706713782
0100 90.44888440181727
0010 90.600323069157
0100 90.75176173649672
0001 90.90320040383645
1000 90.97891973750632
0001 91.05463907117618
0100 91.2060777385159
0001 91.35751640585563
0010 91.50895507319537
0001 91.66039374053508
0010 91.81183240787482
0001 91.96327107521454
1000 92.266148409894
0001 92.41758707723372
1000 92.56902574457345
0010 92.8719030792529
1000 93.02334174659264
0001 93.17478041393235
0100 93.32621908127209
0010 93.47765774861182
0100 93.62909641595154
0001 93.78053508329127
1000 93.931973750631
0010 94.08341241797072
1000 94.23485108531045
0010 94.38628975265017
0100 94.68916708732965
0001 94.84060575466937
0100 94.9920444220091
0120 95.14348308934883
1000 95.44636042402828
0100 95.74923775870774
1000 96.05211509338719
0130 96.35499242806665
0010 96.50643109540637
1000 96.6578697627461
0100 96.80930843008582
1000 97.11218576476529
0001 97.263624432105
0100 97.41506309944474
0010 97.56650176678447
0100 97.71794043412419
0001 97.86937910146392
0100 98.02081776880364
0010 98.17225643614337
1000 98.3236951034831
0001 98.47513377082282
1000 98.62657243816255
0010 98.77801110550229
0100 98.929449772842
0010 99.08088844018174
1000 99.23232710752146
0010 99.53520444220092
0100 99.68664310954064
0001 99.83808177688037
0010 100.14095911155982
0100 100.29239777889956
1000 100.44383644623927
0100 100.595275113579
0010 100.74671378091874
0001 100.89815244825846
0100 101.04959111559819
0010 101.20102978293792
1000 101.35246845027764
0010 101.50390711761737
0100 101.65534578495709
0010 101.80678445229682
1000 101.95822311963656
0010 102.10966178697628
0100 102.26110045431601
0010 102.41253912165574
1000 102.56397778899546
0001 102.71541645633519
0010 102.86685512367491
0100 103.01829379101464
1000 103.16973245835437
0010 103.3211711256941
0100 103.47260979303383
0001 103.62404846037356
1000 103.77548712771328
0100 103.92692579505301
0010 104.07836446239273
0001 104.38124179707219
0010 104.53268046441191
0100 104.68411913175164
1000 104.9869964664311
0010 105.13843513377083
0100 105.28987380111055
0010 105.44131246845029
1000 105.59275113579002
0001 105.74418980312974
1000 105.89562847046948
0100 106.04706713780921
1000 106.19850580514893
0010 106.34994447248866
0100 106.50138313982838
0010 106.80426047450784
0100 106.95569914184756
0001 107.1071378091873
1000 107.41001514386674
0100 107.56145381120648
1000 107.7128924785462
0010 107.86433114588593
0100 108.01576981322566
0001 108.16720848056538
0010 108.31864714790511
0100 108.47008581524484
