TITLE Take It Easy!
BPM   221.35
NOTES
1000 2.259575333182742
0001 2.5306392590919358
0200 2.711348543031398
0300 4.157022814547098
0010 4.428086740456291
1000 4.699150666365485
0002 4.879859950304947
0003 6.3255342218206465
0100 6.59659814772984
0010 6.867662073639034
2000 7.048371357578496
3000 8.494045629094195
0100 8.986889130747274
0020 9.184026531408506
1030 10.572202394398012
0100 10.662557036367744
0100 10.843266320307206
1000 11.1143302462164
0010 11.204684888186131
0120 11.475748814095326
0030 11.746812740004518
0200 11.92752202394398
0301 12.288940591822906
2010 12.5600045177321
3000 13.011777727580755
1000 13.28284165348995
0001 13.37319629545968
0102 13.644260221368874
0003 13.915324147278067
0020 14.09603343121753
0031 14.457451999096454
2100 14.728515925005649
3010 14.999579850914841
0100 15.089934492884574
0010 15.180289134854304
1000 15.270643776824034
0001 15.451353060763498
0100 15.541707702733229
0020 15.812771628642423
0130 16.083835554551616
1000 16.264544838491076
0001 16.535608764400273
0100 16.625963406370005
2000 16.897027332279198
3010 17.16809125818839
0100 17.348800542127854
0100 17.619864468037047
0001 17.710219110006776
0020 17.981283035915972
0130 18.252346961825165
0010 18.433056245764625
1000 18.70412017167382
0100 18.794474813643554
0002 19.065538739552746
0013 19.33660266546194
0100 19.42695730743167
0010 19.517311949401403
0001 19.60766659137113
1000 19.788375875310596
0100 19.878730517280324
0220 20.14979444318952
0300 20.285326406144115
0031 20.420858369098713
0100 20.601567653038174
0010 20.87263157894737
0100 20.962986220917102
0202 21.234050146826295
0003 21.36958210978089
0310 21.505114072735488
0010 21.685823356674952
0100 21.956887282584145
0010 22.047241924553873
2020 22.31830585046307
3000 22.453837813417664
0100 22.68793847670288
0001 22.983644577694726
0100 23.082213278025343
0011 23.37791937901719
1100 23.673625480009036
1000 23.94468940591823
0001 24.03504404788796
1000 24.125398689857693
0001 24.215753331827422
1000 24.306107973797154
0001 24.396462615766886
1000 24.486817257736618
0001 24.57717189970635
1000 24.66752654167608
0001 24.75788118364581
1000 24.848235825615543
0001 24.93859046758527
0100 25.028945109555004
0010 25.119299751524736
0100 25.209654393494468
0010 25.3000090354642
0100 25.39036367743393
0010 25.48071831940366
0100 25.571072961373392
0101 25.751782245312853
0100 25.936419991946654
1001 26.124986201274787
0100 26.360693962934956
0001 26.54926017226309
0200 26.643543276927158
0310 26.92639259091936
1000 27.197456516828552
0010 27.378165800768016
2000 27.64922972667721
3010 27.920293652586402
0100 28.010648294556134
0001 28.191357578495598
0100 28.55277614637452
0001 28.733485430313983
0200 28.823840072283716
0320 29.09490399819291
1030 29.3659679241021
0010 29.546677208041565
0100 29.817741133950758
0100 30.08880505985995
0101 30.450223627738875
0001 30.721287553648068
1000 30.992351479557264
0100 31.173060763496725
0020 31.263415405466457
0031 31.53447933137565
0100 31.715188615315114
0020 31.98625254122431
1030 32.2573164671335
0100 32.34767110910323
0010 32.544808509764465
0001 32.84051461075631
1000 32.939083311086925
0100 33.234789412078776
0010 33.61263609667947
0001 33.88370002258866
0100 33.974054664558395
0010 34.24511859046759
1000 34.425827874407055
0100 34.51618251637678
1000 34.60653715834651
0010 34.696891800316244
0100 34.787246442285976
0100 35.058310368195166
0001 35.23901965213463
0010 35.32937429410436
0002 35.60043822001355
1003 35.87150214592275
0010 36.052211429862204
0200 36.3232753557714
0301 36.5943392816806
1000 36.68469392365033
0010 36.86540320758979
0100 36.955757849559525
0010 37.226821775468714
1000 37.40753105940818
0020 37.49788570137791
0230 37.76894962728711
0301 38.0400135531963
1000 38.22072283713576
0100 38.491786763044956
0100 38.76285068895415
1000 39.03391461486334
0001 39.124269256833074
0011 39.39533318274226
0010 39.57604246668173
0200 39.66639710865146
1300 39.93746103456065
0001 40.208524960469845
0100 40.3892342444093
0020 40.6602981703185
1030 40.931362096227694
0100 41.021716738197426
0010 41.21885413885866
0100 41.5145602398505
1000 41.61312894018112
0001 41.90883504117297
0100 42.28668172577367
0010 42.55774565168286
1000 42.64810029365259
0001 42.919164219561786
0100 43.00951886153152
0010 43.09987350350125
1000 43.190228145470975
0100 43.28058278744071
0010 43.37093742941044
0001 43.46129207138017
0100 43.73235599728936
0010 44.00341992319856
1000 44.18412920713802
0100 44.274483849107746
0011 44.45519313304721
0100 44.7262570589564
0010 44.81661170092613
1000 45.08767562683533
0001 45.26838491077479
0010 45.358739552744524
0001 45.53944883668399
0010 45.62980347865372
0100 45.90086740456291
1000 46.171931330472106
0010 46.4429952563813
1001 46.623704540320766
0100 46.894768466229955
0001 46.98512310819969
0100 47.25618703410888
0001 47.52725096001807
1100 47.79831488592727
1000 48.06937881183646
0001 48.340442737745654
1000 48.52115202168512
0100 48.61150666365484
0011 48.79221594759431
1000 49.0632798735035
0100 49.15363451547323
1000 49.424698441382425
0001 49.69576236729162
0110 49.876471651231086
0001 50.147535577140275
1000 50.23789021911001
0001 50.5089541450192
1000 50.7800180709284
0110 50.96072735486786
1000 51.23179128077705
0001 51.322145922746785
1000 51.59320984865598
0001 51.86427377456517
0010 51.9546284165349
0100 52.044983058504634
1000 52.135337700474366
0010 52.406401626383555
0100 52.67746555229275
0001 52.858174836232216
1000 52.94852947820194
0101 53.129238762141405
0010 53.400302688050594
1000 53.490657330020326
0010 53.76172125592952
1000 53.94243053986899
0100 54.03278518183872
1000 54.21349446577818
0100 54.303849107747915
1000 54.574913033657104
0001 54.8459769595663
0010 55.1170408854755
0110 55.29775016941496
1000 55.56881409532415
0010 55.65916873729388
0100 55.93023266320308
0001 56.20129658911227
0110 56.472360515021464
0001 56.74342444093065
0100 57.01448836683985
0010 57.19519765077931
1000 57.28555229274904
1100 57.4662615766885
0100 57.73732550259769
0010 57.827680144567424
0001 58.09874407047662
1000 58.369807996385816
1010 58.58665913711317
0001 58.9119358482042
1000 59.454063700022594
1100 59.67091484074995
0010 59.99619155184098
0100 60.538319403659365
0001 60.80938332956856
0100 60.89973797153829
0001 60.99009261350802
0100 61.08044725547775
0001 61.17080189744748
0100 61.261156539417215
0001 61.35151118138695
0100 61.44186582335668
0001 61.53222046532641
0100 61.622575107296136
0001 61.71292974926587
0100 61.8032843912356
0010 61.89363903320533
1000 61.983993675175064
0010 62.07434831714479
1000 62.16470295911452
0010 62.25505760108425
1000 62.345412243053985
0110 62.43576688502372
0110 62.61647616896318
0110 62.797185452902646
0110 62.97789473684211
1000 63.2489586627513
0010 63.520022588660495
0100 63.79108651456969
0010 63.971795798509156
1000 64.24285972441834
0001 64.51392365032754
0100 64.60427829229727
0010 64.87534221820646
1000 65.05605150214592
0010 65.32711542805511
0100 65.41747007002485
0001 65.68853399593404
0100 65.95959792184323
0010 66.14030720578269
1000 66.41137113169188
0010 66.68243505760108
0100 66.77278969957081
0001 67.04385362548001
0010 67.22456290941948
0100 67.49562683532866
1000 67.5859814772984
0001 67.8570454032076
0100 68.12810932911678
0010 68.30881861305625
1000 68.57988253896544
0001 68.85094646487462
0100 68.94130110684436
0010 69.21236503275355
0100 69.39307431669302
0010 69.6641382426022
0100 69.75449288457195
0001 70.02555681048113
1000 70.29662073639032
0001 70.47733002032979
0100 70.74839394623898
0010 71.01945787214817
0100 71.1098125141179
0010 71.20016715608763
0100 71.29052179805737
0010 71.3808764400271
1000 71.6637257540193
0100 71.75800885868337
0010 71.85229196334743
0001 71.9465750680115
1000 72.04085817267557
0100 72.13514127733963
0011 72.2294243820037
0001 72.46513214366388
0010 72.55941524832795
0100 72.65369835299201
1000 72.74798145765608
0001 72.84226456232015
0010 72.93654766698421
1100 73.03083077164828
0100 73.26653853330845
0010 73.36082163797252
0001 73.45510474263659
1000 73.54938784730065
0100 73.64367095196472
0010 73.73795405662878
1001 73.83223716129285
0010 74.06794492295302
0001 74.16222802761709
1000 74.25651113228116
0100 74.35079423694522
0010 74.44507734160929
0001 74.53936044627336
1100 74.63364355093742
0010 74.83078095159865
0010 74.92934965192927
0001 75.02791835225989
0010 75.1264870525905
0001 75.32362445325174
0200 75.42219315358234
0010 75.7178992545742
0030 75.9889631804834
0010 76.16967246442286
0300 76.2600271063926
0130 76.44073639033206
0002 76.53109103230179
1000 76.80215495821098
3003 77.34428281002937
0010 77.52499209396882
2000 77.61534673593856
0100 77.88641066184775
0300 78.15747458775694
0100 78.3381838716964
3000 78.42853851366614
0310 78.6092477976056
0002 78.69960243957533
1000 78.97066636548452
1003 79.24173029139371
0110 79.51279421730291
1000 79.69350350124236
0020 79.7838581432121
1000 80.05492206912129
3000 80.32598599503048
1000 80.50669527896994
0030 80.59704992093968
3001 80.77775920487915
0200 80.86811384684887
0001 81.13917777275807
0303 81.68130562457647
0100 81.86201490851593
0020 81.95236955048566
0100 82.22343347639485
0300 82.49449740230403
0100 82.6752066862435
0030 82.76556132821324
0301 82.94627061215269
1000 83.03662525412243
0001 83.30768918003162
1000 83.39804382200134
0001 83.48839846397108
1000 83.5787531059408
0001 83.66910774791054
1000 83.75946238988027
0001 83.84981703185001
0100 84.1208809577592
0001 84.3919448836684
0100 84.57265416760787
0010 84.66300880957759
1010 84.84371809351705
0100 85.11478201942626
0010 85.20513666139598
1001 85.47620058730517
0001 85.65690987124464
0100 85.74726451321436
0010 85.92797379715383
0100 86.01832843912356
0001 86.28939236503275
0100 86.56045629094194
0001 86.83152021685113
1010 87.0122295007906
0100 87.2832934266998
0001 87.37364806866952
0101 87.64471199457871
0101 87.9157759204879
1100 88.1868398463971
0010 88.4579037723063
0001 88.72896769821548
1000 88.90967698215495
0010 89.00003162412467
0110 89.18074090806414
1000 89.45180483397334
0100 89.54215947594307
0010 89.81322340185227
0001 90.10892950284412
1010 90.30606690350535
0100 90.60177300449719
1001 90.89747910548904
0100 91.22275581658008
0001 91.65645809803478
1100 91.98173480912581
0010 92.252798735035
0100 92.34315337700474
0010 92.43350801897446
0001 92.5238626609442
1000 92.79492658685339
0010 93.0659905127626
0100 93.24669979670206
0010 93.33705443867179
1000 93.51776372261125
0100 93.78882764852045
0010 93.87918229049018
0011 94.15024621639937
0010 94.33095550033883
0100 94.42131014230856
0010 94.60201942624802
0001 94.69237406821776
1000 94.96343799412695
0010 95.23450192003614
0100 95.50556584594533
0001 95.68627512988479
1000 95.957339055794
0010 96.04769369776372
1010 96.31875762367291
1010 96.5898215495821
0110 96.8608854754913
0100 97.13194940140049
0001 97.40301332730968
1000 97.58372261124914
0010 97.67407725321887
0100 97.85478653715833
0001 98.12585046306754
0010 98.21620510503726
0011 98.48726903094646
0001 98.78297513193831
1100 98.98011253259955
0001 99.27581863359138
1100 99.57152473458324
1000 99.86723083557509
0010 100.26150563689755
1000 100.36007433722816
0010 100.55721173788939
1000 100.65578043822
0010 100.74613508018973
0100 100.83648972215947
0001 100.9268443641292
0100 101.01719900609893
0010 101.10755364806866
0100 101.1979082900384
0001 101.46897221594759
1000 101.64968149988705
0010 101.92074542579626
0100 102.01110006776598
0010 102.19180935170544
1000 102.28216399367518
0001 102.46287327761465
0100 102.55322791958437
0001 102.6435825615541
0100 102.73393720352384
0010 102.82429184549356
1000 103.00500112943303
0010 103.09535577140275
1000 103.18571041337249
0010 103.27606505534222
0100 103.36641969731195
0001 103.5471289812514
0100 103.63748362322114
0010 103.72783826519087
1000 103.81819290716061
0001 103.99890219110006
1000 104.0892568330698
0100 104.17961147503952
1000 104.26996611700926
0001 104.36032075897899
0010 104.45067540094873
0100 104.54103004291845
1000 104.63138468488819
0001 104.72173932685791
1000 104.81209396882764
0001 104.90244861079738
0100 104.9928032527671
0010 105.17351253670657
1000 105.26386717867629
0001 105.35422182064603
0100 105.44457646261576
0010 105.5349311045855
0010 105.71564038852495
0010 105.89634967246441
1000 105.98670431443415
0001 106.07705895640387
0010 106.1674135983736
0100 106.25776824034334
1000 106.34812288231306
0010 106.4384775242828
0100 106.52883216625253
0010 106.61918680822227
1000 106.70954145019199
0010 106.79989609216173
0100 106.89025073413146
0001 106.98060537610118
1000 107.07096001807092
0001 107.16131466004066
0100 107.25166930201038
0010 107.34202394398012
1000 107.43237858594985
0010 107.52273322791959
0100 107.61308786988931
0001 107.70344251185905
1000 107.88415179579852
0010 107.97450643776824
1000 108.06486107973797
0001 108.1552157217077
0100 108.24557036367743
0001 108.33592500564716
1000 108.4262796476169
0010 108.51663428958662
1000 108.60698893155636
0010 108.69734357352608
0100 108.78769821549582
0001 108.87805285746555
0010 108.96840749943527
0001 109.05876214140501
0100 109.14911678337474
0001 109.23947142534448
1000 109.3298260673142
0100 109.42018070928393
0010 109.51053535125367
0001 109.60088999322339
0001 109.78159927716285
1000 109.8719539191326
1000 110.05266320307206
0010 110.14301784504178
0010 110.32372712898125
0100 110.41408177095099
0100 110.59479105489045
0001 110.68514569686018
0001 110.86585498079964
1000 110.95620962276938
1000 111.13691890670884
0100 111.22727354867857
0101 111.49833747458776
0101 111.76940140049695
2002 112.04046532640615
3003 112.58259317822453
