TITLE Hello Planet
BPM   150.0
NOTES
1000 1.04
0100 1.1733333333333333
0010 1.3066666666666666
0001 1.44
1000 1.7066666666666666
0010 1.8400000000000003
0100 2.106666666666667
0001 2.2399999999999998
0010 2.5066666666666664
0001 2.64
0100 2.706666666666667
0010 2.8400000000000003
0100 3.04
0010 3.24
1000 3.44
0010 3.5066666666666664
0100 3.64
0001 3.8400000000000003
1000 4.039999999999999
0001 4.24
0010 4.34
0100 4.440000000000001
1000 4.540000000000001
0001 4.640000000000001
0100 4.84
0010 4.940000000000001
1000 5.040000000000001
0100 5.34
0010 5.640000000000001
0100 5.74
0010 5.84
0100 6.040000000000001
1000 6.140000000000001
0100 6.24
0010 6.4399999999999995
0001 6.540000000000001
0010 6.640000000000001
0001 7.4399999999999995
0001 7.639999999999999
0001 7.84
0001 8.04
1000 8.139999999999999
0100 8.24
0100 8.44
0100 8.639999999999999
0100 8.84
1000 8.94
0010 9.040000000000001
0010 9.24
0010 9.440000000000001
0010 9.64
1000 9.74
0001 9.840000000000002
0001 10.040000000000001
0001 10.24
0001 10.440000000000001
0100 10.540000000000001
0010 10.64
0010 10.84
0010 11.040000000000001
0010 11.24
1000 11.34
0100 11.440000000000001
0100 11.64
0100 11.840000000000002
0100 12.040000000000001
0010 12.14
0001 12.24
0001 12.44
0001 12.64
0001 12.84
1000 12.94
0010 13.040000000000001
1000 13.24
0010 13.34
0100 13.44
0001 13.64
0010 13.74
0001 13.84
0001 14.04
0001 14.24
0001 14.44
0100 14.54
0010 14.64
0010 14.84
0010 15.040000000000001
0010 15.24
1000 15.34
0100 15.44
0100 15.639999999999999
0100 15.839999999999998
0100 16.040000000000003
0010 16.14
0001 16.240000000000002
0001 16.44
0001 16.64
0001 16.84
0010 16.94
0100 17.040000000000003
0100 17.240000000000002
0100 17.44
0100 17.640000000000004
0010 17.740000000000002
0001 17.840000000000003
0001 18.040000000000003
0001 18.240000000000002
0001 18.44
0100 18.540000000000003
0010 18.640000000000004
0010 18.840000000000003
0010 19.040000000000003
0010 19.240000000000006
1000 19.340000000000003
0100 19.440000000000005
1000 19.640000000000004
0100 19.740000000000006
0010 19.840000000000003
0001 20.040000000000003
1000 20.140000000000004
0020 20.240000000000002
1000 20.44
0100 20.64
0130 20.840000000000003
0201 21.040000000000003
0010 21.240000000000002
0001 21.44
0301 21.64
1002 21.840000000000003
0010 22.040000000000003
1000 22.240000000000002
1003 22.440000000000005
2010 22.640000000000004
0001 22.840000000000003
0010 23.040000000000003
3010 23.240000000000002
0200 23.340000000000003
0010 23.44
0030 23.94
0310 24.040000000000003
2000 24.14
0001 24.240000000000002
0003 24.740000000000002
3001 24.84
0020 24.94
0100 25.040000000000003
0300 25.540000000000003
0130 25.640000000000004
2000 25.740000000000002
0001 25.840000000000003
0003 26.340000000000003
3001 26.44
0010 26.540000000000003
0100 26.640000000000004
0010 26.840000000000003
0001 27.040000000000003
1000 27.240000000000006
0010 27.340000000000003
1000 27.440000000000005
0010 27.640000000000004
0100 27.840000000000003
0010 28.040000000000003
1000 28.140000000000004
0010 28.240000000000002
0100 28.44
0001 28.64
0010 28.840000000000003
0100 28.94
0010 29.040000000000003
0001 29.240000000000002
0100 29.44
0001 29.64
1000 29.740000000000002
0001 29.840000000000003
0100 30.040000000000003
0010 30.240000000000002
1000 30.440000000000005
0100 30.540000000000003
1000 30.640000000000004
0100 30.840000000000003
0020 31.040000000000003
0031 31.340000000000003
0100 31.44
1010 31.84
0100 32.239999999999995
0011 32.64
0001 33.04
1000 33.339999999999996
0010 33.44
0100 33.74
0001 33.839999999999996
1000 34.04
0010 34.14
0100 34.24
0010 34.44
0010 34.64
1000 34.94
0100 35.04
0010 35.34
0001 35.44
0100 35.64
0001 35.74
0010 35.84
0001 36.04
0001 36.24
0100 36.54
0010 36.64
0100 36.940000000000005
0001 37.04
1000 37.24
0100 37.34
0010 37.440000000000005
0001 37.64
0001 37.84
0010 38.14
0100 38.24
1000 38.440000000000005
0010 38.64
1000 38.940000000000005
0001 39.040000000000006
0010 39.24
0100 39.44
0010 39.739999999999995
0001 39.839999999999996
0010 40.14
0100 40.239999999999995
1000 40.44
0010 40.64
0100 40.94
0010 41.04
1000 41.339999999999996
0001 41.44
0100 41.74
0010 41.839999999999996
1000 42.04
0010 42.24
1000 42.44
0001 42.64
0100 43.24
0010 43.34
0100 43.44
0010 43.64
1000 43.84
0001 43.94
1000 44.04
0001 44.14
1000 44.24
0001 44.64
0010 44.74
0100 44.84
1000 44.940000000000005
0100 45.04
0010 45.14
0001 45.24
0010 45.34
0001 45.440000000000005
0010 45.54
0001 45.64
0010 45.74
0100 45.84
0010 46.040000000000006
0001 46.14
0010 46.24
0100 46.440000000000005
1000 46.64
0010 46.84
0100 47.040000000000006
0010 47.24
1000 47.64
0001 47.739999999999995
1000 47.839999999999996
0010 48.04
0100 48.239999999999995
0001 48.44
0010 48.64
0100 48.839999999999996
0010 49.04
0110 49.44
1000 49.839999999999996
0101 50.24
1000 50.64
0010 51.04
1000 51.24
0001 51.34
1000 51.44
1000 51.74
1000 52.04
0001 52.24
0010 52.440000000000005
0001 52.64
0100 52.84
0010 53.04
1000 53.24
0001 53.440000000000005
0100 53.64
0010 54.040000000000006
1000 54.24
0001 54.440000000000005
0100 54.64
0001 54.84
1000 55.040000000000006
0100 55.24
0010 55.44
1001 55.97333333333333
0110 56.50666666666667
1010 57.04
0011 57.44
0001 57.64
0100 57.74
0001 57.839999999999996
0110 58.14
0110 58.44
0101 58.64
1000 58.84
0010 58.94
1000 59.04
0100 59.24
0010 59.44
0100 59.64
1000 59.84
0001 60.04
0010 60.24
0100 60.440000000000005
1000 60.64
0001 60.84
0100 61.04
0001 61.24
0010 61.440000000000005
0100 61.64
0010 61.84
1100 62.24
1000 62.64
0011 63.040000000000006
0001 63.44
1001 63.84
0100 64.03999999999999
0001 64.14
0100 64.24
0010 64.44
1000 64.53999999999999
0100 64.84
0010 65.04
0001 65.24000000000001
0010 65.44000000000001
0001 65.64
1000 65.84
0010 66.04
1000 66.24000000000001
0100 66.44000000000001
0100 66.84
1000 67.04
0010 67.24
1000 67.44
0010 67.64
0100 67.84
0001 68.04
0010 68.24
0001 68.44
0100 68.53999999999999
0001 68.64
0010 68.83999999999999
0100 68.94
1000 69.03999999999999
0100 69.24
0010 69.44
0001 69.53999999999999
0100 69.64
0001 69.74
0010 69.84
0200 70.24000000000001
0020 70.64
0300 70.84
1030 71.04
0001 71.14
1000 71.24000000000001
0001 71.30666666666667
1000 71.37333333333333
0001 71.44
0010 71.53999999999999
0001 71.64
0100 71.74
0001 71.84
0010 71.94
0100 72.14
1000 72.24
0100 72.34
0010 72.44
0100 72.53999999999999
0010 72.64
0100 72.74
0010 72.94
0001 73.04
1000 73.14
0010 73.24000000000001
1000 73.34
0010 73.44000000000001
1000 73.54
0001 73.74000000000001
0100 73.84
0010 73.94000000000001
0100 74.04
0001 74.14
0100 74.24000000000001
0010 74.34
1000 74.54
0010 74.64
0100 74.74
0001 74.84
0100 74.94
0010 75.04
0100 75.14
0010 75.34
1000 75.44
0001 75.54
0100 75.64
0010 75.74
1000 75.84
0010 75.94
0100 76.14
0001 76.24000000000001
1000 76.34
0010 76.44000000000001
0100 76.54
0010 76.64000000000001
0100 76.74000000000001
0010 76.94000000000001
1000 77.04
0100 77.14000000000001
0010 77.24000000000001
0100 77.34
1000 77.44000000000001
0100 77.54
1000 77.64000000000001
0100 77.74000000000001
0010 77.84
0110 78.24000000000001
0011 78.44
1001 78.84
1100 79.04
0101 79.44
1000 79.64
0100 79.74
1000 79.84
0100 79.94
1000 80.03999999999999
0010 80.24
0110 80.44
0010 80.64
1010 80.84
0010 81.04
1000 81.24000000000001
0010 81.34
1000 81.44000000000001
0100 81.64
1000 81.84
0010 82.04
0100 82.44000000000001
0001 82.64
1000 82.84
0010 82.94
1000 83.04
0001 83.24
0010 83.44
0100 83.64
1000 83.84
0100 84.04
0010 84.24000000000001
0200 84.44000000000001
1300 84.64000000000001
0020 84.84
0130 85.04
0002 85.24000000000001
0013 85.44000000000001
0200 85.64000000000001
2300 85.84
0001 86.04
0100 86.24000000000001
0001 86.44
3001 86.64
0010 86.74000000000001
0100 86.84
1000 86.94
0100 87.04
0010 87.14
0001 87.24000000000001
0010 87.34
0011 87.44
0100 87.64
0001 87.84
0010 88.03999999999999
0100 88.14
0010 88.24
0001 88.44
0100 88.64
0010 88.84
1000 88.94
0010 89.04
0100 89.24000000000001
0010 89.44000000000001
0100 89.64
0001 89.74000000000001
0100 89.84
0001 90.04
1000 90.14
0001 90.24000000000001
1000 90.44000000000001
0100 90.54
1000 90.64
0010 90.84
1000 91.04
0010 91.24
0100 91.44
0010 91.64
0100 91.84
0101 92.04
1000 92.44000000000001
0001 92.64000000000001
1100 92.84
1000 93.24000000000001
0100 93.34
0010 93.44000000000001
0100 93.54
0010 93.64000000000001
0100 93.74000000000001
0010 93.84
0001 94.04
1000 94.14
0100 94.24000000000001
0010 94.44
0001 94.54
0100 94.64
0010 94.84
1000 94.94
0001 95.04
1000 95.24000000000001
0010 95.34
0100 95.44
0010 95.64
0100 95.74
0001 95.84
1000 96.03999999999999
0001 96.14
0100 96.24
1000 96.44
0010 96.53999999999999
0100 96.64
0001 96.74
0100 96.84
0010 96.94
1000 97.04
0100 97.24000000000001
0010 97.44000000000001
0001 97.64
0100 97.84
0001 98.04
0100 98.24000000000001
1010 98.44000000000001
1000 98.84
0001 99.04
0011 99.24
1000 99.64
0100 99.74
0010 99.84
0001 99.94
1000 100.04
0100 100.14
0010 100.24000000000001
0100 100.44000000000001
0010 100.64000000000001
0001 100.84
1000 100.94000000000001
0001 101.04
0100 101.24000000000001
0010 101.44000000000001
1000 101.64000000000001
0100 101.74000000000001
1000 101.84
0100 102.04
0010 102.24000000000001
0001 102.44
0100 102.54
0001 102.64
1000 102.84
0100 102.94
1000 103.04
0010 103.24000000000001
0100 103.34
0010 103.44
1000 103.64
0010 103.84
0100 104.03999999999999
0001 104.24
1000 104.44
0010 104.64
0110 104.84
1000 105.24000000000001
0001 105.44000000000001
1001 105.64
1000 106.04
0001 106.14
0100 106.24000000000001
0001 106.34
0100 106.44000000000001
0001 106.54
0100 106.64
0010 106.84
0100 106.94
0001 107.04
0001 107.24
0010 107.34
0100 107.44
0100 107.64
1000 107.74
0010 107.84
0010 108.04
0100 108.14
0001 108.24000000000001
0001 108.44000000000001
0010 108.54
0100 108.64000000000001
0100 108.84
1000 108.94000000000001
0001 109.04
0001 109.24000000000001
0100 109.34
0010 109.44000000000001
0100 109.54
0001 109.64000000000001
1000 109.74000000000001
0010 109.84
0100 110.04
0001 110.24000000000001
0010 110.44
0100 110.64
0010 110.84
0100 111.04
1100 111.24000000000001
0010 111.64
0100 111.84
0110 112.03999999999999
0100 112.44
0010 112.53999999999999
1000 112.64
0100 112.74
0010 112.84
0001 112.94
1000 113.04
0001 113.24000000000001
0001 113.44000000000001
0200 113.64
0310 114.04
1000 114.24000000000001
0002 114.44000000000001
0103 114.84
0010 115.04
0200 115.24
0301 115.64
1000 115.84
0200 116.04
0310 116.44000000000001
0002 116.64000000000001
0003 117.64000000000001
