TITLE Triple Baka
BPM   180.0
NOTES
0010 1.4866666666666666
0100 1.57
0001 1.6533333333333333
1000 1.82
0001 1.9866666666666666
0010 2.153333333333333
0100 2.2366666666666664
1000 2.32
0001 2.4866666666666664
1000 2.653333333333333
0010 2.82
0100 2.903333333333333
0001 2.9866666666666664
1000 3.153333333333333
0001 3.32
0010 3.4866666666666664
0100 3.57
1000 3.653333333333333
0001 3.82
1000 3.986666666666667
1000 4.153333333333333
0001 4.236666666666667
0100 4.32
0010 4.486666666666667
0100 4.57
0010 4.653333333333333
0100 4.82
0001 4.903333333333333
0010 4.986666666666666
0100 5.153333333333333
1000 5.236666666666666
0100 5.32
1000 5.486666666666666
0100 5.57
0010 5.653333333333333
0100 5.736666666666666
0010 5.82
0001 5.903333333333333
0100 5.986666666666666
0110 6.153333333333333
1010 6.32
0001 6.486666666666666
0010 6.575555555555555
0100 6.664444444444444
1000 6.753333333333333
0020 6.8422222222222215
1000 7.108888888888888
0100 7.82
0230 8.153333333333334
0001 8.486666666666666
0320 8.653333333333334
2030 9.153333333333332
3020 9.534285714285714
0100 9.915238095238095
1000 10.486666666666666
0030 10.82
2000 10.986666666666666
3200 11.153333333333332
0320 11.32
0032 11.486666666666666
0010 11.57
0203 11.653333333333332
0010 11.736666666666666
0302 11.82
0003 11.903333333333334
0110 11.986666666666666
2000 12.153333333333334
0100 12.486666666666666
0001 13.153333333333332
3200 13.486666666666666
0010 13.819999999999999
0302 13.986666666666666
0023 14.486666666666666
0230 14.867619047619048
1000 15.058095238095238
0001 15.82
0300 16.153333333333332
0020 16.32
0032 16.486666666666668
0203 16.653333333333332
0320 16.82
1000 16.903333333333332
0130 16.986666666666668
0010 17.07
0200 17.153333333333332
0300 17.236666666666665
1010 17.32
0010 17.653333333333332
0010 17.82
1000 17.986666666666665
0010 18.153333333333332
0100 18.32
0001 18.486666666666665
0010 18.653333333333332
0002 18.819999999999997
1003 19.153333333333332
0010 19.319999999999997
1000 19.486666666666665
0001 19.653333333333332
0110 20.04222222222222
0100 20.486666666666668
1000 21.153333333333332
0033 21.32
0010 21.653333333333332
0001 21.82
1000 21.986666666666665
0110 22.153333333333332
0110 22.32
0010 22.486666666666665
0100 22.569999999999997
0001 22.653333333333332
0200 22.819999999999997
0310 23.153333333333332
0110 23.486666666666665
1010 23.82
0101 24.153333333333332
1001 24.486666666666668
0100 24.653333333333332
0010 24.82
0001 24.986666666666668
0100 25.153333333333332
0010 25.32
1000 25.486666666666665
0010 25.653333333333332
0100 25.82
0001 25.986666666666665
1000 26.153333333333332
0010 26.32
1000 26.486666666666665
0100 26.653333333333332
0010 26.819999999999997
0001 26.903333333333332
0010 26.986666666666665
0001 27.069999999999997
0010 27.153333333333332
0100 27.236666666666665
0010 27.319999999999997
0100 27.403333333333332
0010 27.486666666666665
0001 27.569999999999997
0010 27.653333333333332
0100 27.736666666666665
0020 27.82
0100 27.986666666666668
0030 28.153333333333332
1000 28.32
0100 28.486666666666668
0010 28.653333333333332
0100 28.82
0010 28.986666666666668
0001 29.153333333333332
0010 29.32
0100 29.486666666666665
0010 29.653333333333332
0001 29.82
0100 29.986666666666665
0010 30.153333333333332
1000 30.32
0110 30.653333333333332
0001 30.986666666666665
2200 31.153333333333332
0001 31.82
3300 31.986666666666665
0010 32.32
0001 32.486666666666665
0010 32.653333333333336
1100 32.82
1100 32.986666666666665
0100 33.15333333333333
1000 33.236666666666665
0001 33.31999999999999
0002 33.486666666666665
0103 33.81999999999999
0010 34.15333333333333
0100 34.31999999999999
0010 34.486666666666665
0100 34.65333333333333
0001 34.82
0010 34.986666666666665
0001 35.15333333333333
1000 35.32
0010 35.486666666666665
0200 35.65333333333333
0300 35.986666666666665
0010 36.32
1000 36.486666666666665
0001 36.653333333333336
1000 36.82
0100 36.986666666666665
0010 37.15333333333333
0001 37.31999999999999
1000 37.486666666666665
0010 37.81999999999999
0110 37.986666666666665
1010 38.31999999999999
1010 38.486666666666665
0001 38.65333333333333
0010 38.736666666666665
0100 38.82
1000 38.986666666666665
0100 39.15333333333333
1000 39.32
0010 39.486666666666665
1000 39.65333333333333
0100 39.82
0010 39.986666666666665
0001 40.153333333333336
0100 40.32
0001 40.486666666666665
1000 40.653333333333336
1002 40.986666666666665
1000 41.15333333333333
0020 41.37555555555555
1030 41.81999999999999
0001 42.042222222222215
0100 42.26444444444444
0001 42.486666666666665
1000 42.65333333333333
0010 42.82
0100 42.986666666666665
0001 43.15333333333333
0100 43.32
0120 43.65333333333333
0030 43.82
0210 43.986666666666665
0301 44.153333333333336
0100 44.32
0001 44.486666666666665
0010 44.653333333333336
0100 44.82
1000 44.986666666666665
0100 45.15333333333333
1000 45.31999999999999
0010 45.486666666666665
0100 45.65333333333333
0010 45.81999999999999
1000 45.986666666666665
0101 46.31999999999999
0101 46.65333333333333
0010 46.82
1000 46.986666666666665
0100 47.15333333333333
1000 47.32
0100 47.486666666666665
0010 47.65333333333333
0001 47.82
1000 47.986666666666665
0010 48.07
0100 48.153333333333336
0100 48.32
0001 48.403333333333336
0010 48.486666666666665
0011 48.653333333333336
0101 48.986666666666665
0101 49.15333333333333
1000 50.65333333333333
0020 50.82
0130 51.32
0010 51.486666666666665
1000 51.65333333333333
0001 51.82
1000 51.986666666666665
0200 52.153333333333336
0302 52.486666666666665
0203 52.82
0310 53.15333333333333
0001 53.31999999999999
0002 53.486666666666665
0003 53.81999999999999
0010 54.06999999999999
0200 54.15333333333333
0300 54.736666666666665
0011 54.82
0100 55.15333333333333
1100 55.486666666666665
0010 55.82
0100 55.903333333333336
0010 55.986666666666665
1000 56.07
0100 56.153333333333336
1000 56.486666666666665
0010 56.653333333333336
0101 56.82
0011 57.15333333333333
0200 57.486666666666665
0310 57.986666666666665
0200 58.15333333333333
1000 58.31999999999999
0010 58.486666666666665
1000 58.65333333333333
0301 58.82
1000 58.986666666666665
0001 59.15333333333333
0010 59.32
0100 59.486666666666665
1100 59.65333333333333
0110 59.82
0100 59.986666666666665
1000 60.07
0100 60.153333333333336
0001 60.32
1100 60.486666666666665
0001 60.653333333333336
1100 60.82
0001 60.986666666666665
0100 61.31999999999999
0002 61.486666666666665
0003 61.81999999999999
1000 61.986666666666665
0100 62.15333333333333
0010 62.31999999999999
0001 62.486666666666665
0100 62.65333333333333
0020 62.82
2030 63.15333333333333
3020 63.486666666666665
0130 63.82
0001 63.98666666666667
0020 64.15333333333332
0030 64.48666666666666
0001 64.73666666666666
0200 64.82
0300 65.40333333333332
0011 65.48666666666665
0001 65.82
1010 66.15333333333332
0100 66.48666666666665
0010 66.65333333333332
1000 66.81999999999998
0100 66.90333333333332
1000 66.98666666666665
0010 67.06999999999998
0100 67.15333333333332
0100 67.31999999999998
0101 67.48666666666665
1000 67.82
0110 68.15333333333332
0100 68.65333333333332
0002 68.82
1000 68.98666666666666
0010 69.15333333333332
1000 69.32
0103 69.48666666666665
0010 69.65333333333332
1000 69.82
0100 69.98666666666665
0010 70.15333333333332
0011 70.32
0011 70.48666666666665
0100 70.65333333333332
1000 70.73666666666665
0100 70.81999999999998
0010 70.98666666666665
0001 71.06999999999998
0010 71.15333333333332
0100 71.31999999999998
0010 71.40333333333332
0100 71.48666666666665
1000 71.65333333333332
0001 71.73666666666665
1000 71.82
0010 71.98666666666666
0100 72.32
0010 72.40333333333332
0100 72.48666666666666
0001 72.65333333333332
1000 72.82
0100 72.98666666666666
0010 73.15333333333332
0010 73.32
0100 73.40333333333332
2000 73.48666666666665
0010 73.82
0001 73.98666666666665
0010 74.32
0001 74.48666666666665
3000 74.65333333333332
2010 74.81999999999998
3001 75.15333333333332
2100 75.31999999999998
3001 75.65333333333332
2100 75.82
3000 75.98666666666666
2010 76.15333333333332
0100 76.48666666666666
0010 76.65333333333332
0100 76.98666666666666
0010 77.15333333333332
3000 77.32
2000 77.48666666666665
3001 77.65333333333332
2001 77.82
3001 77.98666666666665
2001 78.15333333333332
3001 78.32
1100 78.48666666666665
1010 78.65333333333332
1002 78.81999999999998
0010 79.15333333333332
1000 79.31999999999998
0010 79.65333333333332
1000 79.82
0003 79.98666666666666
0102 80.15333333333332
0103 80.48666666666666
0012 80.65333333333332
0103 80.98666666666666
0012 81.15333333333332
0003 81.34380952380951
0102 81.5342857142857
1000 81.91523809523808
1000 82.29619047619046
0003 82.48666666666665
1002 82.67714285714284
1003 82.86761904761903
0102 83.05809523809522
0103 83.24857142857141
0012 83.4390476190476
0013 83.62952380952379
0101 83.82
1001 83.98666666666666
0100 84.32
0010 84.40333333333332
1000 84.48666666666666
0100 84.65333333333332
0110 84.82
1000 84.98666666666666
0110 85.15333333333332
1000 85.32
0001 85.65333333333332
1000 85.73666666666665
0100 85.82
0010 85.98666666666665
1100 86.15333333333332
0010 86.32
1100 86.48666666666665
0010 86.65333333333332
0110 86.81999999999998
