TITLE Heartless Aircraft Carriers
BPM   148.0
NOTES
0011 12.960972972972973
0010 13.163675675675677
0100 13.265027027027028
1000 13.366378378378378
1000 13.569081081081082
0010 13.670432432432433
0010 13.873135135135135
0100 13.974486486486487
0001 14.177189189189189
1000 14.379891891891893
0100 14.481243243243243
0010 14.683945945945945
0001 14.785297297297298
0100 14.886648648648649
0010 14.988
0010 15.190702702702703
1000 15.292054054054054
1000 15.494756756756756
0100 15.596108108108108
0010 15.79881081081081
0001 16.001513513513512
1000 16.102864864864866
0001 16.204216216216217
0100 16.40691891891892
0010 16.50827027027027
1000 16.609621621621624
1000 16.812324324324326
0100 16.913675675675677
0100 17.11637837837838
0010 17.21772972972973
0001 17.420432432432435
0100 17.623135135135136
0010 17.724486486486487
1000 17.92718918918919
0100 18.02854054054054
1000 18.12989189189189
0001 18.231243243243245
0001 18.433945945945947
0100 18.535297297297298
0100 18.738
0010 18.83935135135135
1000 19.042054054054056
0100 19.244756756756757
1000 19.34610810810811
0010 19.44745945945946
0100 19.65016216216216
0001 19.751513513513512
0010 19.852864864864866
0010 20.055567567567568
0100 20.15691891891892
0100 20.35962162162162
1000 20.46097297297297
0001 20.663675675675677
0100 20.86637837837838
0001 20.96772972972973
1000 21.17043243243243
0100 21.271783783783782
0010 21.373135135135133
0001 21.474486486486487
0001 21.67718918918919
1000 21.77854054054054
1000 21.98124324324324
0010 22.082594594594593
0100 22.285297297297298
0001 22.488
0010 22.58935135135135
0100 22.690702702702705
1000 22.893405405405407
0001 22.994756756756757
0100 23.096108108108112
0100 23.298810810810814
0010 23.400162162162164
0010 23.602864864864866
1000 23.704216216216217
0100 23.906918918918922
1000 24.109621621621624
0010 24.210972972972975
0100 24.413675675675677
0001 24.515027027027028
0010 24.61637837837838
0100 24.717729729729733
0100 24.920432432432435
1000 25.021783783783786
0001 25.123135135135136
0100 25.325837837837838
0010 25.427189189189193
1000 25.528540540540543
0010 25.629891891891894
0100 25.731243243243245
0001 25.832594594594596
0010 25.933945945945947
0100 26.13664864864865
1000 26.238
1000 26.440702702702705
0001 26.542054054054056
0100 26.643405405405407
0001 26.744756756756757
0010 26.94745945945946
0100 27.048810810810814
0100 27.251513513513515
1000 27.352864864864866
0010 27.454216216216217
1000 27.555567567567568
0001 27.75827027027027
0010 27.85962162162162
0010 28.062324324324326
0100 28.163675675675677
1000 28.265027027027028
0001 28.36637837837838
0100 28.56908108108108
0010 28.670432432432435
0010 28.873135135135136
1000 28.974486486486487
0001 29.075837837837838
1000 29.17718918918919
0100 29.37989189189189
0010 29.48124324324324
0010 29.683945945945947
0001 29.785297297297298
0100 29.88664864864865
0010 29.988
1000 30.1907027027027
0001 30.292054054054056
0001 30.494756756756757
0100 30.59610810810811
0010 30.69745945945946
0100 30.798810810810814
0001 31.001513513513515
0010 31.102864864864866
0010 31.30556756756757
0100 31.406918918918922
1000 31.508270270270273
0100 31.609621621621624
1000 31.812324324324326
0001 31.913675675675677
0001 32.11637837837838
0010 32.21772972972973
0100 32.420432432432435
1000 32.623135135135136
0010 32.72448648648649
0010 32.92718918918919
0100 33.02854054054054
0001 33.129891891891894
1000 33.23124324324325
0010 33.43394594594595
0100 33.5352972972973
0100 33.738
0010 33.839351351351354
1000 33.94070270270271
0001 34.042054054054056
0010 34.24475675675676
0100 34.34610810810811
0100 34.548810810810814
1000 34.65016216216216
0010 34.751513513513515
1000 34.85286486486487
0010 35.05556756756757
0100 35.15691891891892
0100 35.35962162162162
0001 35.460972972972975
0010 35.56232432432433
0001 35.66367567567568
1000 35.86637837837838
0100 35.96772972972973
0100 36.170432432432435
0010 36.27178378378378
0100 36.373135135135136
1000 36.47448648648649
0010 36.67718918918919
0100 36.77854054054054
0100 36.98124324324324
0001 37.082594594594596
1000 37.18394594594595
0001 37.2852972972973
0010 37.488
0001 37.589351351351354
0001 37.792054054054056
1000 37.8934054054054
0010 38.09610810810811
0100 38.298810810810814
0001 38.501513513513515
0100 38.60286486486486
0001 38.70421621621622
1000 38.90691891891892
0100 39.00827027027027
0010 39.10962162162162
0001 39.210972972972975
1000 39.31232432432432
0010 39.515027027027024
0100 39.71772972972973
0001 39.920432432432435
0010 40.02178378378378
0010 40.224486486486484
0100 40.32583783783784
1000 40.42718918918919
0001 40.52854054054054
0100 40.73124324324324
0010 40.832594594594596
0010 41.0352972972973
0100 41.136648648648645
0001 41.238
0010 41.339351351351354
0100 41.542054054054056
1000 41.6434054054054
1000 41.846108108108105
0010 41.94745945945946
1000 42.048810810810814
0001 42.15016216216216
0010 42.35286486486486
0100 42.45421621621622
0100 42.65691891891892
1000 42.758270270270266
0001 42.85962162162162
0100 42.960972972972975
0010 43.16367567567568
1000 43.265027027027024
1000 43.467729729729726
0100 43.56908108108108
0010 43.670432432432435
0001 43.77178378378379
0100 43.97448648648649
0001 44.075837837837845
0001 44.27854054054055
0010 44.379891891891894
0001 44.48124324324325
1000 44.5825945945946
0010 44.785297297297305
0100 44.88664864864865
0100 45.089351351351354
0001 45.19070270270271
1000 45.39340540540541
0100 45.59610810810811
0010 45.697459459459466
0010 45.90016216216217
0100 46.001513513513515
1000 46.10286486486487
0001 46.204216216216224
0100 46.406918918918926
0001 46.50827027027027
0001 46.710972972972975
1000 46.81232432432433
0010 46.913675675675684
1000 47.01502702702703
0100 47.116378378378386
0010 47.21772972972973
0001 47.31908108108109
1000 47.420432432432435
0010 47.623135135135136
0100 47.825837837837845
0001 48.02854054054055
0010 48.129891891891894
0010 48.332594594594596
0100 48.43394594594595
1000 48.63664864864865
0001 48.839351351351354
1000 49.042054054054056
0001 49.24475675675676
0100 49.447459459459466
0010 49.65016216216217
0100 49.85286486486487
0010 50.05556756756757
1000 50.25827027027027
0100 50.35962162162163
0010 50.460972972972975
0100 50.56232432432433
1000 50.66367567567568
0001 50.76502702702703
0100 50.86637837837838
0010 50.96772972972973
1000 51.06908108108109
0001 51.170432432432435
0010 51.27178378378379
0001 51.373135135135136
1000 51.47448648648649
0010 51.57583783783784
0100 51.67718918918919
0001 51.77854054054055
1000 51.879891891891894
1000 52.082594594594596
0002 52.488
0203 52.89340540540541
0010 53.09610810810811
0320 53.501513513513515
1000 53.70421621621622
2030 54.10962162162162
0001 54.31232432432433
3100 54.71772972972973
0010 54.920432432432435
0001 55.02178378378379
2000 55.123135135135136
0001 55.32583783783784
3002 56.74475675675676
1010 58.36637837837838
1010 58.56908108108108
2000 58.974486486486484
3200 59.379891891891894
0010 59.582594594594596
0320 59.988
0001 60.1907027027027
0032 60.596108108108105
1000 60.798810810810814
0103 61.20421621621622
0010 61.40691891891892
1000 61.50827027027027
0002 61.60962162162163
0010 61.81232432432433
0003 63.02854054054055
2100 63.23124324324325
3001 64.04205405405406
0101 64.34610810810811
1100 64.65016216216216
1001 64.85286486486487
0101 65.25827027027027
0101 65.66367567567568
0101 66.06908108108108
1100 66.47448648648648
1100 66.87989189189189
1100 67.28529729729729
1100 67.6907027027027
1000 67.8934054054054
0100 67.99475675675676
0010 68.09610810810811
0001 68.29881081081082
0011 68.50151351351352
0011 68.90691891891892
0011 69.31232432432432
1010 69.71772972972974
1010 70.12313513513514
1010 70.52854054054055
1010 70.93394594594595
1001 71.33935135135135
1000 71.54205405405406
0100 71.74475675675676
0010 71.94745945945947
0011 72.15016216216216
0001 72.35286486486487
1000 72.55556756756756
0010 72.75827027027027
0110 72.96097297297298
0100 73.16367567567569
0001 73.36637837837839
1000 73.5690810810811
1100 73.77178378378379
0100 73.9744864864865
1000 74.17718918918919
0010 74.3798918918919
0100 74.48124324324326
0001 74.5825945945946
1000 74.68394594594595
0001 74.7852972972973
1000 74.88664864864865
0010 74.988
0100 75.08935135135135
0010 75.19070270270271
0100 75.29205405405405
0001 75.3934054054054
0010 75.49475675675676
0100 75.59610810810811
1000 75.69745945945947
0001 75.7988108108108
0100 75.90016216216216
0010 76.00151351351352
1000 76.10286486486487
0001 76.20421621621622
1000 76.40691891891893
0100 76.50827027027027
0010 76.60962162162163
0100 76.71097297297298
1000 76.81232432432434
0002 76.91367567567568
0103 77.11637837837839
0010 77.21772972972974
0100 77.3190810810811
0001 77.42043243243243
0010 77.52178378378379
0100 77.62313513513514
1000 77.7244864864865
0001 77.82583783783784
0100 78.02854054054055
0001 78.23124324324324
1000 78.43394594594595
0100 78.63664864864865
0010 78.83935135135135
0001 79.04205405405405
1000 79.24475675675676
0010 79.34610810810811
0100 79.44745945945947
0001 79.65016216216218
1000 79.85286486486487
0100 80.05556756756758
1000 80.25827027027027
0001 80.46097297297298
0100 80.66367567567568
0010 80.86637837837839
1000 80.96772972972974
0001 81.06908108108108
0010 81.27178378378379
0100 81.47448648648648
1000 81.57583783783784
0001 81.77854054054053
0100 81.87989189189189
0010 82.0825945945946
1000 82.18394594594595
0001 82.38664864864865
1000 82.488
0001 82.58935135135135
0100 82.69070270270271
0010 82.89340540540542
1000 83.09610810810811
0010 83.19745945945947
1000 83.40016216216216
0100 83.50151351351352
0010 83.70421621621622
0001 83.80556756756758
1000 84.00827027027027
0010 84.10962162162163
0100 84.21097297297298
0001 84.31232432432432
1000 84.51502702702703
0001 84.71772972972973
0010 84.92043243243243
0001 85.12313513513513
1000 85.32583783783784
0010 85.52854054054053
0100 85.73124324324324
0001 85.8325945945946
0010 85.93394594594595
0100 86.13664864864866
0010 86.33935135135135
0100 86.54205405405406
1000 86.74475675675676
0010 86.94745945945947
1000 87.15016216216216
0001 87.35286486486487
0010 87.45421621621622
0100 87.55556756756758
1000 87.75827027027029
0010 87.96097297297298
1000 88.06232432432434
0001 88.26502702702703
0010 88.36637837837839
0100 88.5690810810811
1000 88.67043243243245
0100 88.87313513513514
0010 88.9744864864865
0001 89.07583783783785
1000 89.17718918918919
0001 89.3798918918919
0010 89.5825945945946
0100 89.68394594594595
0010 89.88664864864865
0001 89.988
0100 90.19070270270271
0010 90.29205405405406
0010 90.49475675675676
1000 90.59610810810811
0001 90.69745945945947
0100 90.79881081081082
0010 91.00151351351353
0100 91.20421621621622
0010 91.40691891891893
1000 91.60962162162163
0100 91.81232432432434
0010 92.01502702702703
0001 92.21772972972974
1000 92.3190810810811
0001 92.42043243243243
0010 92.62313513513514
0001 92.82583783783784
0100 93.02854054054055
0010 93.23124324324324
1000 93.43394594594595
0001 93.63664864864865
0010 93.83935135135135
0100 93.94070270270271
1000 94.04205405405406
0001 94.24475675675677
0100 94.44745945945947
0010 94.54881081081082
1000 94.75151351351352
0001 94.85286486486487
0010 95.05556756756758
0100 95.15691891891893
1000 95.35962162162163
0001 95.46097297297298
0010 95.56232432432434
0100 95.66367567567568
1000 95.86637837837839
0010 96.06908108108108
1000 96.17043243243243
0100 96.37313513513513
0010 96.47448648648648
0001 96.67718918918919
0100 96.77854054054055
0001 96.98124324324324
0010 97.0825945945946
0100 97.18394594594595
1000 97.2852972972973
0001 97.48800000000001
0100 97.69070270270271
0001 97.89340540540542
0010 98.09610810810811
0100 98.29881081081082
0010 98.50151351351352
0001 98.70421621621622
1000 98.80556756756758
0010 98.90691891891892
0100 99.10962162162163
0001 99.31232432432432
0010 99.51502702702703
0100 99.71772972972973
1000 99.92043243243243
0001 100.12313513513513
0100 100.32583783783784
0010 100.42718918918919
1000 100.52854054054055
0001 100.73124324324326
1000 100.93394594594595
0001 101.13664864864866
0100 101.33935135135135
0010 101.54205405405406
0100 101.74475675675676
0010 101.94745945945947
1000 102.15016216216216
0100 102.25151351351352
0010 102.35286486486487
0001 102.45421621621621
1000 102.55556756756756
0010 102.65691891891892
0100 102.75827027027027
0001 102.85962162162161
1000 102.96097297297297
0010 103.06232432432432
1000 103.16367567567568
0001 103.26502702702703
0010 103.36637837837837
0100 103.46772972972973
1000 103.56908108108108
0001 103.77178378378379
0100 103.90691891891892
0001 104.04205405405406
1000 104.17718918918919
0010 104.31232432432434
1000 104.44745945945947
0001 104.5825945945946
0100 104.71772972972974
0001 104.85286486486487
1000 104.988
0010 105.12313513513514
1000 105.25827027027027
0001 105.39340540540542
0010 105.52854054054055
0001 105.66367567567569
1000 105.79881081081082
0100 105.93394594594596
1000 106.0690810810811
0001 106.20421621621622
0010 106.33935135135137
0001 106.4744864864865
1000 106.60962162162163
0100 106.74475675675677
1000 106.8798918918919
0001 107.01502702702703
0100 107.15016216216216
0001 107.2852972972973
1000 107.42043243243243
0100 107.55556756756758
1000 107.69070270270271
0001 107.82583783783784
0100 107.96097297297298
0001 108.09610810810811
1000 108.23124324324324
0100 108.36637837837839
1000 108.50151351351352
0001 108.63664864864866
0010 108.77178378378379
0001 108.90691891891893
1000 109.04205405405406
0010 109.1771891891892
1000 109.31232432432434
0001 109.44745945945947
0010 109.58259459459461
0001 109.71772972972974
1000 109.85286486486487
0010 109.98800000000001
1000 110.12313513513514
0001 110.25827027027027
0010 110.3934054054054
0100 110.52854054054055
0010 110.66367567567568
0100 110.79881081081082
1000 110.93394594594595
0001 111.06908108108108
0010 111.20421621621622
0100 111.33935135135135
0010 111.47448648648648
0100 111.60962162162163
1000 111.74475675675676
0001 111.8798918918919
0100 112.04205405405406
0010 112.20421621621622
0010 112.36637837837839
1000 112.52854054054055
0001 112.69070270270271
0100 112.85286486486487
0010 113.01502702702703
0010 113.17718918918919
1000 113.33935135135135
0001 113.50151351351352
0100 113.63664864864865
0001 113.77178378378379
1000 113.90691891891892
0010 114.04205405405406
1000 114.17718918918919
0001 114.31232432432432
0010 114.44745945945947
0001 114.5825945945946
1000 114.71772972972973
0100 114.85286486486487
1000 114.988
0001 115.12313513513514
0100 115.27055528255529
0100 115.41797542997544
1000 115.56539557739559
0100 115.71281572481573
0100 115.86023587223588
0010 116.00765601965603
0010 116.15507616707617
1000 116.30249631449632
0010 116.44991646191647
0010 116.59733660933662
0002 116.74475675675676
1003 117.35286486486487
0010 117.42043243243243
1000 117.488
0010 117.55556756756756
0100 117.75827027027027
0001 117.85962162162163
1000 118.06232432432432
0100 118.16367567567568
1001 118.36637837837839
0001 118.5690810810811
0200 118.9744864864865
0320 119.3798918918919
1000 119.5825945945946
2030 119.988
0001 120.19070270270271
3002 120.59610810810811
0010 120.7988108108108
0013 121.20421621621621
0110 121.40691891891892
0110 121.81232432432434
0200 122.21772972972974
2300 122.62313513513514
0001 122.82583783783784
3002 123.23124324324326
0100 123.43394594594596
0203 123.83935135135137
0010 124.04205405405406
0301 124.24475675675677
1000 124.34610810810813
0001 124.44745945945947
0010 124.54881081081082
0100 124.65016216216218
1000 124.75151351351353
0001 124.85286486486487
1001 125.05556756756758
1200 125.46097297297298
0320 125.86637837837839
0001 126.06908108108108
0032 126.4744864864865
0100 126.6771891891892
0203 127.08259459459461
0010 127.2852972972973
0310 127.69070270270271
1010 127.89340540540542
0101 128.29881081081083
0002 128.70421621621622
2003 129.10962162162164
0100 129.31232432432435
3200 129.71772972972974
0010 129.92043243243245
0310 130.32583783783784
0001 130.39340540540542
0010 130.460972972973
0001 130.52854054054055
1000 130.6298918918919
0010 130.8325945945946
0100 131.03529729729732
0001 131.13664864864865
2002 131.33935135135135
3003 137.82583783783784
