TITLE Ice Cream Cake
BPM   172.0
NOTES
1000 5.400976744186046
0010 5.749813953488372
0100 6.098651162790698
0001 6.447488372093023
1000 6.621906976744186
0100 6.796325581395349
1000 6.970744186046511
0010 7.319581395348837
0100 7.494
0001 7.842837209302325
0010 8.19167441860465
0010 8.540511627906977
0100 8.889348837209303
1000 9.063767441860465
0100 9.238186046511629
0010 9.412604651162791
0001 9.587023255813953
0100 9.761441860465116
0010 9.935860465116278
1000 10.110279069767442
0001 10.284697674418604
0100 10.63353488372093
0300 10.655337209302324
0010 10.807953488372092
0030 10.829755813953488
1000 10.982372093023255
3000 11.00417441860465
0100 11.33120930232558
0010 11.505627906976745
0100 11.680046511627907
1000 11.85446511627907
0001 12.203302325581395
0100 12.377720930232558
0001 12.726558139534884
1000 12.900976744186048
0001 13.07539534883721
0010 13.249813953488372
0100 13.598651162790699
1000 13.77306976744186
0002 14.470744186046511
2003 14.645162790697674
3000 14.819581395348838
0200 14.994
0320 15.168418604651162
0032 15.342837209302326
0003 15.517255813953488
2000 15.866093023255814
3020 16.040511627906977
0030 16.21493023255814
0200 16.389348837209305
0301 16.563767441860467
1000 16.73818604651163
0100 16.91260465116279
0010 17.26144186046512
0100 17.43586046511628
1000 17.610279069767444
0001 17.784697674418606
0010 17.959116279069768
0001 18.13353488372093
0100 18.307953488372092
0010 18.482372093023255
1000 18.656790697674417
0010 19.005627906976745
1000 19.35446511627907
1000 19.703302325581394
0010 20.05213953488372
0100 20.226558139534884
0001 20.400976744186046
1000 20.57539534883721
0001 20.74981395348837
0010 20.924232558139536
0100 21.0986511627907
0010 21.27306976744186
0001 21.447488372093026
1000 21.79632558139535
3000 21.818127906976745
0001 21.970744186046513
0003 21.992546511627907
1000 22.145162790697675
3000 22.166965116279073
0001 22.494
1000 22.668418604651162
0010 22.842837209302324
0100 23.01725581395349
0001 23.366093023255814
0100 23.540511627906977
0001 23.8893488372093
1000 24.063767441860463
0100 24.23818604651163
1000 24.41260465116279
0001 24.761441860465116
0100 24.935860465116278
0001 25.633534883720934
1000 25.807953488372096
0001 25.98237209302326
1000 26.15679069767442
0100 26.331209302325583
0010 26.505627906976745
0100 26.680046511627907
1000 26.85446511627907
0001 27.02888372093023
0010 27.203302325581397
0030 27.22510465116279
0100 27.37772093023256
0300 27.399523255813953
1000 27.55213953488372
3000 27.573941860465116
0001 27.726558139534884
2000 28.424232558139536
3002 28.5986511627907
0003 28.77306976744186
0200 28.947488372093023
0320 29.121906976744185
2030 29.29632558139535
3000 29.470744186046513
0002 29.81958139534884
0203 29.994000000000003
0300 30.168418604651166
0020 30.342837209302328
0030 30.51725581395349
1000 30.691674418604652
0002 31.21493023255814
2003 31.389348837209305
3000 31.563767441860467
0200 31.73818604651163
0320 31.91260465116279
0032 32.08702325581395
0003 32.26144186046512
2000 32.610279069767444
3020 32.7846976744186
0030 32.95911627906977
0200 33.13353488372093
0300 33.30795348837209
0010 33.48237209302326
2000 34.00562790697675
3002 34.18004651162791
0003 34.35446511627907
0200 34.52888372093024
0320 34.7033023255814
2030 34.877720930232556
3000 35.05213953488372
0001 35.74981395348837
1000 35.924232558139536
0100 36.098651162790695
0010 36.27306976744186
0100 36.621906976744185
1000 36.97074418604651
0001 37.319581395348834
1000 37.494
0010 37.668418604651166
1000 38.01725581395349
0100 38.366093023255814
1000 39.06376744186046
0001 39.23818604651163
0010 39.41260465116279
0001 39.58702325581395
0010 39.76144186046511
0100 39.93586046511628
1000 40.110279069767444
0001 40.45911627906977
1000 40.633534883720934
0100 40.80795348837209
1000 40.98237209302326
0100 41.15679069767442
1000 41.33120930232558
0010 41.50562790697674
0100 41.85446511627907
0001 42.2033023255814
0010 42.55213953488372
0100 42.90097674418605
1000 43.07539534883721
0100 43.24981395348837
1000 43.598651162790695
0100 43.94748837209302
1000 44.645162790697675
0010 44.81958139534884
1000 44.994
0001 45.168418604651166
1000 45.342837209302324
0010 45.51725581395349
1000 45.69167441860465
0001 46.04051162790698
0010 46.214930232558146
0001 46.389348837209305
0010 46.56376744186047
0001 46.73818604651163
0100 46.912604651162795
0010 47.08702325581396
2000 47.43586046511628
3000 47.610279069767444
0200 47.95911627906977
0300 48.13353488372093
0010 48.48237209302326
0200 49.00562790697675
0300 49.877720930232556
2000 50.22655813953489
3000 50.40097674418605
0020 50.74981395348838
0030 50.924232558139536
0100 51.27306976744187
0020 51.79632558139535
2030 52.319581395348834
3000 52.668418604651166
0002 53.01725581395349
0003 53.191674418604656
0200 53.54051162790698
0300 53.80213953488372
0010 54.06376744186046
2000 54.58702325581396
3000 55.28469767441861
0001 55.80795348837209
1000 56.15679069767442
0100 56.50562790697674
1000 56.85446511627907
0001 57.2033023255814
0100 57.29051162790698
0001 57.37772093023256
1000 57.55213953488372
0010 57.639348837209305
1000 57.72655813953489
0001 57.900976744186046
0100 58.24981395348837
0001 58.5986511627907
1000 58.94748837209303
0010 59.29632558139535
1000 59.64516279069768
0001 59.994
0010 60.08120930232558
0001 60.168418604651166
1000 60.342837209302324
0100 60.43004651162791
1000 60.51725581395349
0001 60.69167441860465
0010 61.04051162790698
0001 61.389348837209305
1000 61.73818604651163
0100 62.08702325581395
1000 62.43586046511628
0001 62.78469767441861
0100 62.87190697674419
0001 62.959116279069775
1000 63.133534883720934
0010 63.22074418604652
1000 63.3079534883721
0001 63.48237209302326
1000 64.1800465116279
0001 64.52888372093024
1000 64.87772093023256
0100 65.05213953488372
0010 65.22655813953489
0100 65.40097674418605
1000 65.5753953488372
0001 65.74981395348837
0010 65.92423255813954
0100 66.09865116279069
1000 66.62190697674419
0001 66.79632558139535
0100 66.97074418604652
0010 67.31958139534885
1000 67.66841860465117
0100 67.84283720930233
1000 68.0172558139535
0001 68.19167441860466
0010 68.36609302325581
0100 68.54051162790698
0010 68.71493023255815
0001 68.8893488372093
1000 69.4126046511628
0010 69.58702325581396
1000 69.76144186046511
0001 70.11027906976744
0010 70.2846976744186
0001 70.45911627906976
0100 70.63353488372093
0010 70.80795348837209
1000 70.98237209302326
0001 71.15679069767442
1000 71.33120930232559
0100 71.50562790697676
1000 71.6800465116279
0010 71.85446511627907
0100 72.02888372093024
0001 72.2033023255814
0001 72.37772093023257
0001 72.55213953488372
0001 72.72655813953489
0100 72.90097674418605
0010 73.0753953488372
1000 73.24981395348837
0100 73.5986511627907
0010 73.77306976744187
0001 73.94748837209302
1000 74.12190697674419
0001 74.29632558139535
0100 74.4707441860465
0001 74.64516279069767
0003 74.68876744186046
1000 74.81958139534883
3000 74.86318604651163
0001 74.994
0003 75.03760465116278
0010 75.16841860465117
0030 75.21202325581395
0001 75.34283720930233
0100 75.5172558139535
0010 75.69167441860466
1000 75.86609302325581
0100 76.04051162790698
1000 76.21493023255815
0100 76.38934883720931
0010 76.56376744186048
0100 76.73818604651163
1000 76.9126046511628
0001 77.08702325581396
0010 77.26144186046511
0001 77.43586046511628
1000 77.78469767441861
0001 77.95911627906978
0100 78.13353488372093
0010 78.30795348837209
1000 78.48237209302326
0100 78.65679069767441
1000 78.83120930232558
0001 79.00562790697674
0100 79.1800465116279
0001 79.35446511627907
0010 79.52888372093024
0100 79.7033023255814
1000 79.87772093023257
0100 80.05213953488372
1000 80.22655813953489
1000 80.40097674418605
1000 80.57539534883722
0010 80.74981395348838
0100 80.92423255813954
0010 81.0986511627907
1000 81.27306976744187
0001 81.44748837209302
0010 81.62190697674419
0100 81.79632558139535
0010 81.97074418604652
0001 82.14516279069768
1000 82.31958139534883
0001 82.66841860465117
0100 83.01725581395348
0010 83.19167441860465
0100 83.36609302325581
0010 83.54051162790698
1000 83.71493023255815
0001 83.88934883720931
0010 84.06376744186048
0100 84.23818604651163
1000 84.4126046511628
0010 84.58702325581396
1000 84.76144186046513
0001 84.93586046511629
0010 85.11027906976744
0001 85.28469767441861
0100 85.45911627906978
0010 85.63353488372093
1000 85.80795348837209
1000 85.98237209302326
1000 86.15679069767442
1000 86.33120930232559
0001 86.50562790697674
1000 86.59283720930232
0001 86.6800465116279
0010 86.85446511627907
0100 86.94167441860465
0010 87.02888372093022
0001 87.20330232558139
0010 87.29051162790698
0001 87.37772093023256
1000 87.55213953488372
0100 87.6393488372093
1000 87.72655813953489
0010 87.90097674418605
0100 87.98818604651163
0010 88.07539534883722
1000 88.24981395348838
0001 88.33702325581396
1000 88.42423255813954
0001 88.5986511627907
0010 88.94748837209303
0100 89.1219069767442
1000 89.29632558139535
0100 89.64516279069768
1000 89.994
0001 90.34283720930233
1000 90.5172558139535
0010 90.69167441860465
1000 91.04051162790698
0100 91.3893488372093
0010 92.08702325581396
0001 92.26144186046513
0100 92.43586046511629
0010 92.61027906976744
1000 92.78469767441861
0100 92.95911627906978
1000 93.13353488372094
0001 93.48237209302326
1000 93.65679069767442
0010 93.83120930232559
1000 94.00562790697674
0010 94.1800465116279
1000 94.35446511627907
0100 94.52888372093024
0010 94.87772093023256
0001 95.22655813953489
0100 95.5753953488372
0010 95.92423255813954
1000 96.0986511627907
0100 96.27306976744187
1000 96.6219069767442
0010 96.97074418604652
1000 97.66841860465117
0100 97.84283720930233
1000 98.0172558139535
0100 98.19167441860465
1000 98.36609302325581
0010 98.54051162790698
1000 98.71493023255815
0001 99.06376744186046
0010 99.23818604651163
0001 99.4126046511628
0010 99.58702325581395
0001 99.76144186046511
0100 99.93586046511628
0010 100.11027906976744
2000 100.45911627906978
3000 100.63353488372094
0200 100.98237209302326
0300 101.15679069767442
0010 101.50562790697676
0200 102.02888372093024
0300 102.90097674418605
2000 103.24981395348837
3000 103.42423255813954
0020 103.77306976744185
0030 103.94748837209302
0100 104.29632558139535
0020 104.81958139534885
2030 105.34283720930233
3000 105.69167441860466
0002 106.04051162790698
0003 106.21493023255815
0200 106.56376744186046
0300 106.82539534883722
0010 107.08702325581396
2000 107.61027906976744
3000 108.30795348837209
0001 108.83120930232559
1000 109.18004651162792
0100 109.52888372093024
1000 109.87772093023257
0001 110.22655813953489
0100 110.31376744186046
0001 110.40097674418605
1000 110.57539534883722
0010 110.6626046511628
1000 110.74981395348837
0001 110.92423255813954
0100 111.27306976744187
0001 111.62190697674419
1000 111.97074418604652
0010 112.31958139534883
1000 112.66841860465117
0001 113.0172558139535
0010 113.10446511627907
0001 113.19167441860466
1000 113.36609302325583
0100 113.4533023255814
1000 113.54051162790698
0001 113.71493023255815
0010 114.06376744186048
0001 114.4126046511628
1000 114.76144186046513
0100 115.11027906976744
1000 115.45911627906978
0001 115.80795348837209
0100 115.89516279069767
0001 115.98237209302326
1000 116.15679069767442
0010 116.244
1000 116.33120930232558
0002 116.50562790697674
0013 116.85446511627907
