TITLE Presentiment Of Storm
BPM   176.0
NOTES
0001 0.020909090909090877
0001 0.36181818181818176
0001 0.7027272727272726
0002 1.0436363636363635
0003 1.2140909090909089
1000 1.3845454545454543
0010 1.469772727272727
1000 1.555
0010 1.6402272727272724
1000 1.7254545454545454
0010 1.8959090909090908
1000 1.9811363636363633
0010 2.0663636363636364
1000 2.1515909090909093
0010 2.236818181818182
0100 2.4072727272727272
0001 2.4925
0100 2.5777272727272726
0001 2.6629545454545456
0100 2.748181818181818
0001 2.9186363636363635
0100 3.0038636363636364
0001 3.089090909090909
0100 3.174318181818182
0001 3.2595454545454543
1000 3.43
0001 3.600454545454545
1000 3.770909090909091
0001 3.8561363636363635
1000 3.941363636363637
0001 4.111818181818181
1000 4.282272727272727
0010 4.452727272727272
0100 4.793636363636363
0001 4.964090909090909
0010 5.134545454545454
0100 5.305
0010 5.475454545454545
0001 5.6459090909090905
0100 5.8163636363636355
0100 6.072045454545454
0001 6.157272727272726
0001 6.327727272727272
1000 6.498181818181817
0010 6.668636363636363
0100 6.839090909090908
0010 7.009545454545454
0100 7.179999999999999
0001 7.52090909090909
1000 7.691363636363635
0001 7.861818181818181
1000 8.032272727272726
0010 8.202727272727273
0100 8.373181818181818
0001 8.543636363636363
0001 8.799318181818181
0100 8.884545454545455
0010 9.055
1000 9.225454545454545
0010 9.39590909090909
1100 9.566363636363636
1000 9.736818181818181
0001 9.907272727272726
0010 10.248181818181818
0100 10.418636363636363
1000 10.589090909090908
1000 10.844772727272726
0001 10.93
0001 11.100454545454545
0010 11.27090909090909
0100 11.526590909090908
1000 11.611818181818181
0010 11.782272727272726
0100 11.952727272727271
0010 12.123181818181816
1000 12.293636363636363
0100 12.464090909090908
1000 12.634545454545453
1000 12.890227272727271
0010 12.975454545454545
0010 13.14590909090909
1000 13.316363636363635
0001 13.572045454545453
1000 13.657272727272726
0010 13.827727272727271
0100 13.998181818181816
0001 14.339090909090908
0100 14.509545454545453
0110 14.679999999999998
0001 14.850454545454543
1000 15.02090909090909
1000 15.191363636363635
0100 15.276590909090906
1000 15.36181818181818
0001 15.532272727272725
0001 15.70272727272727
1000 15.787954545454543
0001 15.873181818181816
0100 16.043636363636363
0100 16.21409090909091
0001 16.29931818181818
0100 16.384545454545453
0010 16.555
0010 16.725454545454546
0100 16.810681818181816
0010 16.89590909090909
1000 17.066363636363636
0001 17.15159090909091
1000 17.23681818181818
0001 17.322045454545453
1000 17.407272727272726
0001 17.4925
1000 17.577727272727273
0001 17.662954545454543
1000 17.748181818181816
0001 18.08909090909091
0010 18.259545454545453
0001 18.43
0100 18.600454545454543
0010 18.941363636363636
1000 19.282272727272726
1100 19.452727272727273
0100 19.793636363636363
0010 19.964090909090906
0101 20.134545454545453
0002 20.475454545454543
0010 20.816363636363636
0100 20.98681818181818
1003 21.839090909090906
0001 22.009545454545453
0100 22.18
0010 22.350454545454543
0100 22.435681818181816
0010 22.52090909090909
1000 22.691363636363633
0001 22.86181818181818
0100 23.032272727272726
0010 23.117499999999996
0100 23.20272727272727
0001 23.543636363636363
0100 23.714090909090906
0010 23.884545454545453
1000 24.054999999999996
0001 24.39590909090909
0010 24.73681818181818
1100 24.907272727272726
1000 25.248181818181816
0010 25.41863636363636
0110 25.589090909090906
0020 25.929999999999996
1000 26.27090909090909
0100 26.441363636363633
1030 27.29363636363636
0001 27.464090909090906
0010 27.54931818181818
0001 27.634545454545453
0010 27.804999999999996
0100 27.975454545454543
1000 28.145909090909086
0100 28.23113636363636
1000 28.316363636363633
0001 28.48681818181818
0100 28.57204545454545
0001 28.657272727272723
1000 28.998181818181816
0001 29.16863636363636
1000 29.339090909090906
0100 29.50954545454545
1000 29.679999999999996
0100 29.850454545454543
0010 30.020909090909086
0100 30.191363636363633
0010 30.36181818181818
0001 30.70272727272727
1000 30.873181818181813
0001 31.04363636363636
0100 31.38454545454545
0001 31.554999999999996
0010 31.72545454545454
0100 32.23681818181818
1000 32.57772727272727
0010 32.74818181818182
0100 32.91863636363636
0010 33.089090909090906
0100 33.25954545454545
0001 33.43
1000 33.60045454545455
0110 33.770909090909086
0100 33.94136363636363
1100 34.11181818181818
1000 34.452727272727266
0001 34.62318181818181
0100 34.79363636363636
0010 34.964090909090906
0100 35.13454545454545
0010 35.305
1000 35.47545454545455
0100 35.645909090909086
0010 35.81636363636363
0001 35.98681818181818
1000 36.32772727272727
0001 36.49818181818181
0100 36.66863636363636
0001 37.17999999999999
1000 37.35045454545454
0010 37.520909090909086
0100 37.69136363636363
0010 38.032272727272726
0100 38.20272727272727
0001 38.54363636363636
1100 38.88454545454545
0010 39.055
1010 39.22545454545454
0110 39.56636363636363
0001 39.73681818181817
0100 39.90727272727272
0001 40.077727272727266
0100 40.24818181818181
1001 40.589090909090906
1000 40.75954545454545
0001 40.93
1000 41.10045454545454
0010 41.270909090909086
0100 41.61181818181818
0100 41.782272727272726
0001 41.952727272727266
1000 42.12318181818181
0010 42.29363636363636
1000 42.634545454545446
0100 42.80499999999999
1000 43.145909090909086
0001 43.31636363636363
0010 43.48681818181818
0100 43.657272727272726
1000 43.827727272727266
0001 43.99818181818181
0100 44.16863636363636
0010 44.339090909090906
1000 44.50954545454545
0001 44.68
1000 44.85045454545455
0010 45.02090909090909
0100 45.19136363636363
0010 45.36181818181818
1000 45.532272727272726
0001 45.70272727272727
0100 46.04363636363636
0001 46.214090909090906
1000 46.38454545454545
0100 46.55499999999999
0010 46.895909090909086
0001 47.06636363636363
0100 47.23681818181818
0001 47.57772727272727
1000 47.74818181818182
0010 48.089090909090906
0100 48.25954545454545
0001 48.60045454545455
1000 48.94136363636363
0001 49.452727272727266
0010 49.62318181818181
0001 49.79363636363636
0100 49.964090909090906
1010 50.13454545454545
0100 50.305
0110 50.47545454545455
0010 50.81636363636363
1000 51.157272727272726
1100 51.49818181818181
0001 52.43568181818181
0100 52.520909090909086
0101 52.86181818181818
1010 53.20272727272727
0010 53.54363636363636
0100 53.88454545454545
1001 54.22545454545454
0001 54.90727272727272
1000 55.16295454545454
0100 55.24818181818181
0010 55.41863636363636
0001 55.589090909090906
1000 55.93
0100 56.10045454545454
0010 56.270909090909086
0001 56.44136363636363
1000 56.61181818181818
0100 56.782272727272726
0010 56.952727272727266
0001 57.12318181818181
1000 57.29363636363636
0010 57.4640909090909
1000 57.634545454545446
0001 57.71977272727272
0001 57.890227272727266
1000 57.97545454545454
0010 58.145909090909086
0100 58.31636363636363
0010 58.48681818181818
1000 58.99818181818181
0010 59.083409090909086
1000 59.25386363636363
0010 59.339090909090906
1000 59.50954545454545
0010 59.67999999999999
0100 59.85045454545454
0001 60.36181818181817
0001 60.702727272727266
1000 60.87318181818181
0001 60.92999999999999
1000 60.98681818181817
0001 61.04363636363636
1000 61.38454545454545
0010 61.72545454545454
1000 62.06636363636363
0001 62.23681818181818
1000 62.577727272727266
0100 62.74818181818181
1000 62.91863636363635
0001 63.0890909090909
1000 63.42999999999999
0010 63.60045454545454
1000 63.77090909090908
0001 64.11181818181818
0100 64.28227272727273
0001 64.45272727272727
1000 64.79363636363635
0100 64.9640909090909
0010 65.305
0001 65.39022727272727
0100 65.47545454545455
0010 65.6459090909091
1000 65.73113636363637
0100 65.81636363636365
0010 65.9868181818182
0001 66.07204545454546
0100 66.15727272727273
0010 66.32772727272727
1000 66.41295454545455
0100 66.49818181818182
1000 66.66863636363637
0010 66.75386363636363
0100 66.83909090909091
0001 67.18
0100 67.35045454545455
0100 67.69136363636363
0001 67.86181818181818
1000 68.20272727272727
0100 68.37318181818182
1000 68.54363636363637
0010 68.71409090909091
0100 68.88454545454545
0001 69.05499999999999
0010 69.22545454545455
0001 69.56636363636365
1000 69.90727272727274
0100 70.07772727272729
1000 70.24818181818182
0100 70.41863636363637
0010 70.58909090909091
0100 70.75954545454546
1000 71.2709090909091
0001 71.35613636363637
0100 71.44136363636365
0001 71.52659090909091
0100 71.61181818181818
0001 71.95272727272727
1000 72.12318181818182
0100 72.20840909090909
1000 72.29363636363637
0001 72.63454545454546
0010 72.97545454545454
0100 73.14590909090909
1000 73.48681818181818
0100 73.65727272727273
0010 73.82772727272727
0001 73.99818181818182
1000 74.3390909090909
0001 74.50954545454545
0100 74.68
0001 75.0209090909091
1000 75.19136363636365
0010 75.3618181818182
1000 75.70272727272727
0010 76.04363636363637
0100 76.21409090909091
0001 76.72545454545455
1000 77.06636363636363
0010 77.40727272727273
0100 77.49249999999999
0110 77.74818181818182
0010 78.08909090909091
1000 78.42999999999999
0001 78.60045454545454
0100 78.77090909090909
0001 78.94136363636363
1000 79.11181818181818
0010 79.28227272727273
1000 79.45272727272727
0001 79.79363636363635
0100 80.13454545454546
0010 80.305
1000 80.6459090909091
0001 80.81636363636365
1000 80.9868181818182
0010 81.15727272727273
0100 81.32772727272727
0010 81.49818181818182
1010 81.66863636363637
1000 82.00954545454546
0001 82.18
1000 82.52090909090909
0100 82.69136363636363
1000 82.77659090909091
0001 82.86181818181818
1000 83.03227272727273
1010 83.20272727272727
0001 83.54363636363637
0100 83.71409090909091
0010 83.88454545454545
1000 84.05499999999999
0100 84.22545454545454
1000 84.56636363636363
0001 84.73681818181818
0100 84.90727272727273
0010 85.07772727272727
0201 85.2481818181818
0010 85.58909090909091
0300 85.75954545454546
2001 85.93
0100 86.2709090909091
3000 86.44136363636365
0021 86.61181818181818
0031 86.95272727272727
0100 87.12318181818182
0010 87.63454545454546
1000 87.805
0010 87.97545454545454
1000 88.06068181818182
0010 88.14590909090909
1000 88.23113636363637
0010 88.31636363636363
0100 88.4015909090909
0001 88.48681818181818
0100 88.57204545454545
0001 88.65727272727273
1000 88.99818181818182
1000 89.16863636363637
0010 89.3390909090909
0100 89.42431818181818
0001 89.50954545454545
0010 89.59477272727273
0100 89.68
1000 89.76522727272727
0001 89.85045454545455
0010 89.93568181818182
0100 90.0209090909091
1010 90.3618181818182
0001 90.70272727272727
1000 91.04363636363637
0001 91.38454545454546
0002 91.555
1003 91.8959090909091
2000 92.06636363636363
3001 92.40727272727273
1003 92.79688311688312
1000 92.9916883116883
1200 93.3812987012987
0300 93.77090909090909
0010 93.96571428571428
0020 94.16051948051948
0130 94.55012987012987
0200 94.74493506493506
0310 95.13454545454546
0020 95.305
0130 95.6459090909091
0100 95.81636363636365
1020 96.15727272727273
0030 96.49818181818182
1000 96.72545454545455
2000 96.95272727272727
3100 97.40727272727273
0310 97.86181818181818
0020 98.03227272727273
0031 98.37318181818182
0001 98.54363636363637
1200 98.88454545454545
0300 99.22545454545454
1000 99.45272727272727
2000 99.67999999999999
3010 100.13454545454545
0130 100.58909090909091
0100 100.75954545454546
0200 100.93
0300 101.2709090909091
