TITLE Kiss Me Aishiteru
BPM   152.0
NOTES
1000 6.303789473684211
0100 6.402473684210527
0010 6.501157894736843
0001 6.599842105263158
1000 6.698526315789474
0010 6.79721052631579
1000 6.895894736842106
0001 6.994578947368422
0100 7.093263157894738
0010 7.1919473684210535
0100 7.290631578947369
0010 7.3893157894736845
1000 7.488
0001 7.586684210526316
0010 7.685368421052632
0100 7.784052631578948
1000 7.882736842105264
0100 7.98142105263158
0010 8.080105263157895
0100 8.17878947368421
1000 8.277473684210527
0001 8.376157894736842
0100 8.474842105263157
0010 8.573526315789474
1000 8.672210526315789
0001 8.770894736842106
0100 8.86957894736842
0001 8.968263157894738
1000 9.066947368421053
0100 9.16563157894737
0010 9.264315789473685
0001 9.363
1000 9.461684210526315
0100 9.56036842105263
1000 9.659052631578946
0001 9.757736842105261
0100 9.856421052631578
0001 9.955105263157893
1000 10.053789473684208
0100 10.152473684210525
0010 10.25115789473684
0001 10.349842105263157
0100 10.448526315789472
0010 10.547210526315789
1000 10.645894736842104
0010 10.74457894736842
0100 10.843263157894736
0001 10.94194736842105
1000 11.040631578947368
0010 11.139315789473683
1000 11.238
0001 11.336684210526315
0010 11.435368421052631
0100 11.534052631578946
1000 11.632736842105263
0100 11.731421052631578
2000 11.830105263157893
3010 12.027473684210525
0002 12.224842105263157
0013 12.422210526315789
1000 12.61957894736842
0010 12.718263157894736
1000 12.816947368421053
0001 12.915631578947368
0100 13.014315789473685
0010 13.113
1000 13.211684210526315
0010 13.310368421052631
0100 13.409052631578946
0001 13.507736842105263
0010 13.606421052631578
0100 13.705105263157895
0010 13.80378947368421
0001 13.902473684210527
1000 14.001157894736842
0100 14.099842105263157
1000 14.198526315789474
0001 14.297210526315789
0100 14.395894736842106
0010 14.49457894736842
0100 14.593263157894738
0010 14.691947368421053
1000 14.79063157894737
0010 14.889315789473685
1000 14.988
0001 15.086684210526316
0010 15.185368421052631
0100 15.284052631578948
1000 15.382736842105263
0100 15.481421052631578
0010 15.580105263157895
0001 15.67878947368421
1000 15.777473684210527
0001 15.876157894736842
0100 15.974842105263159
0001 16.073526315789476
1000 16.17221052631579
0010 16.270894736842106
1000 16.36957894736842
0001 16.468263157894736
0100 16.566947368421054
0010 16.66563157894737
0100 16.764315789473685
0010 16.863
1000 16.961684210526315
0001 17.060368421052633
0010 17.159052631578948
0100 17.257736842105263
1000 17.35642105263158
0100 17.455105263157893
0010 17.55378947368421
0001 17.652473684210527
0100 17.751157894736842
0010 17.849842105263157
1000 17.948526315789472
0001 18.047210526315787
0020 18.145894736842106
0130 18.343263157894736
0002 18.54063157894737
0103 18.738
2200 18.93536842105263
3300 19.13273684210526
2002 19.330105263157893
3003 19.527473684210523
0001 19.724842105263157
0100 19.823526315789472
0001 19.922210526315787
0100 20.119578947368417
0010 20.218263157894736
0100 20.31694736842105
1010 20.514315789473685
1000 20.711684210526315
0001 20.909052631578948
0010 21.10642105263158
0100 21.205105263157893
1000 21.303789473684212
0010 21.501157894736842
0100 21.599842105263157
0001 21.698526315789472
1000 21.79721052631579
0001 21.895894736842106
1000 21.99457894736842
0100 22.093263157894736
0010 22.290631578947366
0001 22.389315789473685
0010 22.488
0001 22.68536842105263
1000 22.784052631578945
0001 22.882736842105263
1000 23.080105263157893
0010 23.17878947368421
1000 23.277473684210527
0001 23.376157894736842
1000 23.474842105263157
0100 23.573526315789472
0010 23.67221052631579
0001 23.86957894736842
0100 23.96826315789474
0001 24.066947368421054
1000 24.264315789473685
0010 24.363
1000 24.461684210526318
0001 24.659052631578948
0010 24.757736842105263
0001 24.856421052631582
0010 24.955105263157897
0100 25.053789473684212
1000 25.152473684210527
0001 25.251157894736842
1000 25.448526315789472
0010 25.54721052631579
1000 25.645894736842106
0001 25.843263157894736
0100 25.94194736842105
0001 26.04063157894737
1000 26.238
0100 26.336684210526315
0010 26.43536842105263
0001 26.534052631578948
0100 26.632736842105263
0001 26.73142105263158
1000 26.830105263157893
0001 27.027473684210523
0010 27.126157894736842
0001 27.224842105263157
1000 27.422210526315787
0100 27.520894736842102
1000 27.61957894736842
0010 27.81694736842105
0100 27.915631578947366
0010 28.014315789473685
1000 28.113
0001 28.211684210526315
0100 28.31036842105263
0001 28.409052631578948
1000 28.60642105263158
0100 28.705105263157897
1000 28.803789473684212
0001 29.001157894736842
0100 29.099842105263157
0001 29.198526315789476
0100 29.395894736842106
0010 29.49457894736842
1000 29.59326315789474
0001 29.691947368421054
0010 29.79063157894737
0100 29.889315789473685
1000 29.988
0001 30.18536842105263
0010 30.284052631578948
0100 30.382736842105263
0010 30.580105263157893
0001 30.67878947368421
1000 30.777473684210527
0010 30.974842105263157
0100 31.073526315789472
0001 31.172210526315787
0100 31.270894736842106
0001 31.36957894736842
1000 31.468263157894736
0010 31.566947368421054
1000 31.79251127819549
0001 31.90529323308271
1000 32.01807518796993
0001 32.243639097744364
0100 32.35642105263158
0100 32.4692030075188
0100 32.58198496240602
0010 32.69476691729324
1000 32.92033082706767
0100 33.03311278195489
0010 33.1458947368421
0001 33.34326315789473
1000 33.54063157894736
0010 33.738
0100 33.836684210526315
0001 33.93536842105263
1000 34.13273684210526
0100 34.231421052631575
0010 34.33010526315789
0001 34.428789473684205
0010 34.52747368421052
0001 34.62615789473684
1000 34.72484210526316
0010 34.92221052631579
1000 35.0208947368421
0010 35.11957894736842
0100 35.316947368421054
0001 35.41563157894737
0100 35.514315789473685
0010 35.711684210526315
1000 35.81036842105263
0100 35.909052631578945
0010 36.00773684210526
0001 36.106421052631575
1000 36.2051052631579
0001 36.30378947368421
0010 36.50115789473684
0100 36.59984210526316
1000 36.69852631578947
0100 36.89589473684211
0010 36.994578947368424
0001 37.09326315789474
0100 37.29063157894737
0010 37.389315789473685
1000 37.488
0001 37.586684210526315
0100 37.68536842105263
0001 37.78405263157895
1000 37.88273684210526
0100 38.08010526315789
1000 38.178789473684205
0100 38.27747368421052
0010 38.47484210526316
0001 38.57352631578947
0010 38.67221052631579
0001 38.86957894736842
1000 38.96826315789473
0010 39.06694736842105
1000 39.16563157894736
0100 39.26431578947368
0010 39.363
0001 39.461684210526315
1000 39.659052631578945
0010 39.75773684210526
0100 39.856421052631575
0001 40.05378947368421
0100 40.15247368421053
0010 40.25115789473684
1000 40.44852631578947
0100 40.54721052631579
1000 40.6458947368421
0001 40.74457894736842
0100 40.84326315789473
0010 40.941947368421054
1000 41.04063157894737
0001 41.238
0010 41.336684210526315
0001 41.43536842105263
1000 41.63273684210527
0010 41.73142105263158
1000 41.8301052631579
0010 42.02747368421053
0100 42.12615789473684
0001 42.22484210526316
0010 42.32352631578947
0100 42.42221052631579
1000 42.52089473684211
0001 42.619578947368424
1000 42.816947368421054
0100 42.91563157894737
0010 43.014315789473685
0100 43.21168421052632
1000 43.31036842105264
0001 43.40905263157895
0100 43.60642105263158
0010 43.7051052631579
1000 43.80378947368421
0001 43.90247368421053
1000 44.00115789473684
0001 44.099842105263164
2000 44.19852631578947
3000 44.42409022556391
0033 44.76243609022556
0100 44.988
0001 45.10078195488722
1000 45.326345864661654
0100 45.43912781954887
1000 45.55190977443609
1002 45.77747368421053
0013 46.17221052631579
2000 46.369578947368424
3020 46.764315789473685
0032 47.159052631578945
0003 47.55378947368421
2000 47.75115789473684
3020 48.14589473684211
2030 48.54063157894737
3002 48.93536842105263
0013 49.33010526315789
2000 49.52747368421053
3010 49.92221052631579
0001 50.11957894736842
0100 50.31694736842105
0010 50.514315789473685
1030 50.909052631578945
3010 51.30378947368421
1030 51.69852631578947
3001 52.09326315789474
0010 52.29063157894737
0002 52.68536842105264
2003 53.0801052631579
3010 53.67221052631579
0100 53.86957894736842
0020 54.264315789473685
2030 54.659052631578945
3000 55.053789473684205
1001 55.25115789473684
1001 55.44852631578947
1000 55.6458947368421
0100 55.84326315789474
0120 56.238
0031 56.63273684210526
1001 56.8301052631579
1010 57.02747368421053
0010 57.22484210526316
0100 57.619578947368424
0101 57.816947368421054
0001 58.014315789473685
2001 58.211684210526315
3100 58.606421052631575
0010 58.803789473684205
0100 59.00115789473684
1000 59.19852631578947
0001 59.3958947368421
0100 59.59326315789473
0010 59.79063157894736
2000 59.988
3100 60.18536842105263
0002 60.38273684210526
0103 60.5801052631579
1000 60.67878947368421
0001 60.87615789473684
0100 60.97484210526316
0001 61.07352631578947
1000 61.17221052631579
0100 61.2708947368421
1000 61.36957894736842
2200 61.566947368421054
0011 61.961684210526315
3300 62.15905263157895
1000 62.35642105263158
0001 62.55378947368421
0100 62.75115789473684
0010 62.94852631578947
1010 63.34326315789474
0022 63.73800000000001
0033 64.3301052631579
0202 64.72484210526316
1010 65.11957894736842
0303 65.31694736842105
0001 65.51431578947368
1000 65.71168421052633
0100 65.90905263157896
0020 66.10642105263159
0130 66.50115789473683
1000 66.69852631578947
0002 66.8958947368421
1003 67.488
0001 67.88273684210526
0100 68.08010526315789
0110 68.27747368421052
0010 68.47484210526315
1000 68.67221052631578
0001 68.86957894736842
0011 69.06694736842105
0010 69.26431578947368
0002 69.46168421052631
1003 69.65905263157894
2010 69.85642105263157
3010 70.0537894736842
0200 70.25115789473683
0301 70.44852631578948
0012 70.64589473684211
0013 70.84326315789474
0200 71.04063157894737
1300 71.238
2001 71.43536842105263
3002 71.63273684210526
0103 71.83010526315789
0010 72.02747368421053
1010 72.22484210526316
1000 72.4222105263158
0001 72.61957894736842
0103 73.01431578947368
1300 73.40905263157894
3010 73.80378947368422
0100 74.19852631578948
1000 74.46168421052631
0010 74.72484210526316
0100 74.988
1000 75.25115789473685
0010 75.51431578947368
0001 75.77747368421052
1030 76.3037894736842
3100 76.83010526315789
0010 77.35642105263157
1000 77.61957894736841
0100 77.88273684210526
0010 78.1458947368421
1000 78.40905263157894
0200 78.67221052631578
0002 78.93536842105263
1010 79.33010526315789
0303 79.52747368421052
0001 79.72484210526315
0100 79.9222105263158
0010 80.11957894736842
1000 80.31694736842105
1010 80.71168421052631
0022 81.10642105263157
0033 81.69852631578948
0220 82.09326315789474
1001 82.488
0330 82.68536842105263
0100 82.88273684210526
1000 83.0801052631579
0001 83.27747368421053
0200 83.47484210526316
0310 83.86957894736842
1000 84.06694736842105
0002 84.26431578947368
0013 84.85642105263159
0001 85.25115789473685
1000 85.44852631578948
1010 85.64589473684211
0010 85.84326315789474
0100 86.04063157894737
0001 86.23800000000001
0011 86.43536842105264
0010 86.63273684210527
0002 86.83010526315789
1003 87.02747368421052
2010 87.22484210526315
3010 87.42221052631578
0200 87.61957894736841
0301 87.81694736842105
0012 88.01431578947368
0013 88.21168421052631
0200 88.40905263157894
0310 88.60642105263157
0012 88.8037894736842
2003 89.00115789473683
3010 89.19852631578947
0100 89.39589473684211
0101 89.59326315789474
0001 89.79063157894737
1000 89.988
3100 90.51431578947368
0013 91.04063157894737
1030 91.56694736842105
0100 91.83010526315789
0010 92.09326315789474
1000 92.35642105263157
0100 92.61957894736842
0010 92.88273684210526
1000 93.14589473684211
3010 93.6722105263158
0103 94.19852631578948
1300 94.72484210526316
0010 94.988
0100 95.25115789473685
1000 95.51431578947368
0010 95.77747368421053
0100 96.04063157894737
1000 96.3037894736842
0100 96.40247368421052
1000 96.50115789473683
0001 97.88273684210526
1000 97.98142105263157
0010 98.08010526315789
1000 98.1787894736842
0001 98.27747368421052
0100 98.37615789473683
0010 98.47484210526315
1000 98.57352631578947
0001 98.67221052631578
0100 98.7708947368421
0010 98.86957894736842
1000 98.96826315789474
0010 99.06694736842105
0100 99.16563157894737
0001 99.26431578947368
1000 99.363
0001 99.46168421052631
0010 99.56036842105263
0100 99.65905263157894
1000 99.75773684210526
0100 99.85642105263157
1000 99.95510526315789
0001 100.0537894736842
0100 100.15247368421052
0001 100.25115789473683
0100 100.34984210526315
0010 100.44852631578948
1000 100.5472105263158
0001 100.64589473684211
0010 100.74457894736842
0100 100.84326315789474
1000 100.94194736842105
0001 101.04063157894737
0100 101.13931578947368
0001 101.238
1000 101.33668421052631
0100 101.43536842105263
0010 101.53405263157894
0100 101.63273684210526
1000 101.73142105263157
0001 101.83010526315789
0100 101.9287894736842
0010 102.02747368421053
1000 102.12615789473685
0100 102.22484210526316
0010 102.32352631578948
0100 102.4222105263158
1000 102.52089473684211
0001 102.61957894736842
0010 102.71826315789474
0100 102.81694736842105
0010 102.91563157894737
0001 103.01431578947368
0100 103.113
0010 103.21168421052631
1000 103.31036842105263
0001 103.40905263157894
0100 103.50773684210526
0001 103.60642105263159
1000 103.7051052631579
0010 103.80378947368422
0100 103.90247368421053
0001 104.00115789473685
1000 104.09984210526316
0001 104.19852631578948
1000 104.2972105263158
0100 104.39589473684211
0010 104.49457894736842
0001 104.59326315789474
1000 104.69194736842105
0100 104.79063157894737
0010 104.88931578947368
0100 104.988
1000 105.08668421052631
0001 105.18536842105264
1000 105.28405263157896
0010 105.38273684210527
0100 105.48142105263159
0001 105.5801052631579
1000 105.67878947368422
0001 105.77747368421053
0010 105.87615789473685
0100 105.97484210526316
1000 106.07352631578948
0001 106.1722105263158
0010 106.27089473684211
0001 106.36957894736842
1000 106.46826315789474
0020 106.56694736842105
0130 106.7643157894737
2000 106.96168421052633
3100 107.15905263157896
0001 107.35642105263157
1000 107.45510526315789
0100 107.5537894736842
1000 107.65247368421052
0001 107.75115789473683
0010 107.84984210526315
0100 107.94852631578947
0010 108.04721052631578
0001 108.1458947368421
1000 108.24457894736841
0010 108.34326315789474
0100 108.44194736842105
0001 108.54063157894737
0100 108.63931578947368
0001 108.738
1000 108.83668421052631
0100 108.93536842105263
0010 109.03405263157894
0001 109.13273684210526
0010 109.23142105263157
0001 109.33010526315789
1000 109.4287894736842
0010 109.52747368421052
0100 109.62615789473683
0001 109.72484210526315
0010 109.82352631578947
0100 109.9222105263158
1000 110.02089473684211
0100 110.11957894736842
1000 110.21826315789474
0001 110.31694736842105
0100 110.41563157894737
0010 110.51431578947368
1000 110.613
0100 110.71168421052631
1000 110.81036842105263
0001 110.90905263157894
0100 111.00773684210526
0010 111.10642105263157
1000 111.20510526315789
0010 111.3037894736842
0100 111.40247368421052
0001 111.50115789473685
0010 111.59984210526316
0100 111.69852631578948
1000 111.7972105263158
0100 111.89589473684211
1000 111.99457894736842
0001 112.09326315789474
0100 112.19194736842105
0001 112.29063157894737
1000 112.38931578947368
0100 112.488
0010 112.58668421052631
0100 112.68536842105263
0010 112.78405263157894
0002 112.88273684210526
0103 113.0801052631579
2000 113.27747368421053
3100 113.47484210526316
0002 113.6722105263158
0013 113.86957894736842
2000 114.06694736842105
3010 114.26431578947368
0002 114.46168421052631
0103 114.65905263157896
2000 114.85642105263159
3100 115.05378947368422
0101 115.51431578947368
1001 115.77747368421053
1100 116.04063157894737
0110 116.30378947368422
0011 116.56694736842105
2002 116.83010526315789
3003 121.96168421052631
