TITLE Little Star
BPM   183.0
NOTES
0001 6.410377049180327
0010 6.574311475409835
0100 6.656278688524589
0010 6.738245901639344
0001 6.902180327868852
1000 7.0661147540983595
0010 7.1480819672131135
0100 7.2300491803278675
0001 7.393983606557376
1000 7.557918032786884
0001 7.721852459016393
0010 7.885786885245901
0100 7.967754098360656
1000 8.049721311475409
0001 8.213655737704917
0100 8.295622950819672
0010 8.377590163934427
0100 8.541524590163935
0001 8.705459016393442
1000 8.86939344262295
0100 9.033327868852458
1000 9.115295081967213
0001 9.197262295081966
1000 9.279229508196721
0001 9.361196721311474
0010 9.443163934426229
0100 9.525131147540982
1000 9.607098360655737
0100 9.689065573770492
1000 9.771032786885245
0001 9.853
1000 9.934967213114753
0001 10.016934426229508
0010 10.09890163934426
0100 10.180868852459016
0010 10.26283606557377
0001 10.344803278688524
0101 10.590704918032786
1010 10.836606557377047
1001 11.000540983606557
0001 11.328409836065573
0010 11.410377049180326
0001 11.49234426229508
1000 11.574311475409834
0002 11.656278688524589
0023 12.148081967213113
0230 12.639885245901638
1300 12.967754098360654
1000 13.213655737704917
1000 13.459557377049178
0001 13.623491803278688
0100 13.787426229508196
0001 13.951360655737703
1000 14.115295081967211
0200 14.27922950819672
0320 14.771032786885243
0031 15.262836065573769
1000 15.426770491803277
0010 15.590704918032786
0010 15.754639344262294
0010 15.918573770491802
1000 16.24644262295082
0001 16.41037704918033
0100 16.4650218579235
0001 16.51966666666667
0100 16.574311475409836
0010 16.738245901639345
2000 16.90218032786885
3200 17.393983606557377
0320 17.8857868852459
0130 18.21365573770492
0100 18.45955737704918
0100 18.705459016393444
1000 18.86939344262295
0001 19.03332786885246
0100 19.197262295081966
0001 19.361196721311476
0200 19.525131147540982
0320 20.016934426229508
1030 20.50873770491803
0001 20.67267213114754
1001 20.83660655737705
1100 21.08250819672131
0101 21.328409836065575
0001 21.820213114754097
0010 21.984147540983606
0100 22.148081967213116
0010 22.312016393442626
0001 22.475950819672132
1000 22.63988524590164
0010 22.803819672131148
0100 22.967754098360658
0001 23.131688524590164
1000 23.295622950819673
0001 23.45955737704918
0010 23.62349180327869
0100 23.787426229508196
1000 23.951360655737705
0100 24.11529508196721
0010 24.27922950819672
0100 24.443163934426227
1000 24.607098360655737
0001 24.771032786885247
0100 24.934967213114756
0010 25.098901639344263
0100 25.262836065573772
0001 25.42677049180328
1000 25.590704918032788
0001 25.754639344262294
0010 25.918573770491804
0001 26.08250819672131
1000 26.24644262295082
0001 26.410377049180326
0001 26.574311475409836
0100 26.738245901639342
0010 26.90218032786885
1000 27.066114754098358
0001 27.148081967213113
0010 27.230049180327867
0100 27.312016393442622
1000 27.393983606557377
0001 27.557918032786887
0100 27.721852459016393
0010 27.885786885245903
0100 28.04972131147541
0001 28.21365573770492
1000 28.377590163934425
0100 28.541524590163935
1000 28.70545901639344
0001 28.787426229508196
1000 28.86939344262295
0010 28.9513606557377
0100 29.033327868852457
0001 29.11529508196721
0100 29.197262295081966
0010 29.27922950819672
1000 29.361196721311472
0001 29.443163934426227
0100 29.525131147540982
0001 29.607098360655737
1000 29.68906557377049
0010 29.771032786885243
0100 29.852999999999998
0001 29.934967213114753
1000 30.016934426229508
1010 30.26283606557377
0101 30.508737704918033
0001 30.67267213114754
1000 30.754639344262294
0001 30.83660655737705
1000 30.918573770491804
0001 31.000540983606555
1000 31.08250819672131
0001 31.164475409836065
1001 31.328409836065575
0101 31.574311475409836
1100 31.8202131147541
1000 31.984147540983606
0100 32.066114754098365
1000 32.148081967213116
0100 32.23004918032787
0010 32.312016393442626
0001 32.39398360655738
1000 32.47595081967213
1001 32.63988524590164
0101 32.8857868852459
1100 33.13168852459016
1000 33.29562295081967
0001 33.45955737704918
1000 33.62349180327869
0001 33.78742622950819
0200 33.9513606557377
0010 34.19726229508196
0320 34.443163934426224
1000 34.68906557377049
1030 34.93496721311475
0001 35.098901639344255
1000 35.26283606557377
0100 35.344803278688524
0010 35.42677049180328
0001 35.50873770491803
1000 35.59070491803279
0100 35.67267213114754
0010 35.754639344262294
0001 35.83660655737705
1000 35.918573770491804
0100 36.00054098360656
0010 36.082508196721314
0001 36.164475409836065
1000 36.24644262295082
0100 36.328409836065575
0010 36.41037704918033
0001 36.492344262295084
1000 36.574311475409836
0001 37.8857868852459
0100 37.96775409836065
0010 38.04972131147541
0100 38.13168852459016
0001 38.21365573770492
1000 38.29562295081967
0010 38.37759016393442
0100 38.45955737704918
0001 38.54152459016393
1000 38.62349180327869
0001 38.70545901639344
1000 38.78742622950819
0010 38.86939344262295
1000 38.9513606557377
0001 39.03332786885246
1000 39.11529508196721
0001 39.19726229508196
0010 39.279229508196714
0100 39.36119672131147
0010 39.443163934426224
0001 39.52513114754098
1000 39.60709836065573
0100 39.689065573770485
1000 39.77103278688524
0001 39.852999999999994
0010 39.93496721311475
0001 40.016934426229504
0010 40.098901639344255
0100 40.180868852459014
1000 40.262836065573765
0100 40.344803278688524
1000 40.426770491803275
0001 40.50873770491803
0100 40.590704918032785
0010 40.67267213114754
0100 40.754639344262294
0001 40.83660655737705
1000 40.918573770491804
0010 41.000540983606555
1000 41.082508196721314
0001 41.164475409836065
0100 41.24644262295082
0001 41.328409836065575
1000 41.410377049180326
0001 41.492344262295084
0100 41.574311475409836
0010 41.65627868852459
0100 41.738245901639345
0001 41.8202131147541
1000 41.90218032786885
0100 41.98414754098361
0010 42.06611475409836
0100 42.148081967213116
0010 42.23004918032787
0100 42.31201639344262
1000 42.39398360655738
0001 42.47595081967213
0010 42.55791803278689
0100 42.63988524590164
1000 42.72185245901639
0001 42.80381967213115
1000 42.8857868852459
0001 42.96775409836065
0010 43.04972131147541
0001 43.13168852459016
1000 43.21365573770491
0010 43.29562295081967
0100 43.37759016393442
0001 43.45955737704918
0100 43.54152459016393
0010 43.62349180327868
1000 43.70545901639344
0001 43.78742622950819
1000 43.86939344262295
0001 43.9513606557377
0100 44.03332786885245
0010 44.11529508196721
1000 44.19726229508196
0010 44.279229508196714
1000 44.36119672131147
0001 44.44316393442623
0010 44.52513114754098
0001 44.60709836065574
1000 44.68906557377049
0100 44.77103278688525
0010 44.853
0001 44.93496721311475
1000 45.01693442622951
0100 45.09890163934426
1000 45.18086885245902
0100 45.26283606557377
0010 45.344803278688524
0001 45.42677049180328
1000 45.50873770491803
0001 45.59070491803279
1000 45.67267213114754
0001 45.754639344262294
0010 46.082508196721314
0100 46.246442622950816
1100 46.574311475409836
1001 46.902180327868855
0101 47.23004918032787
1010 47.55791803278688
1000 48.37759016393442
0010 48.45955737704917
1000 48.54152459016393
0001 48.62349180327868
0100 48.70545901639344
0010 48.78742622950819
1000 48.86939344262294
0001 48.9513606557377
0100 49.03332786885245
0001 49.11529508196721
1000 49.19726229508196
0010 49.279229508196714
0100 49.36119672131147
0001 49.443163934426224
0100 49.52513114754098
0010 49.60709836065573
1000 49.68906557377049
0001 49.77103278688524
0010 49.853
0100 49.93496721311475
0010 50.01693442622951
0001 50.09890163934426
1000 50.180868852459014
0100 50.26283606557377
0010 50.344803278688524
0100 50.42677049180328
0010 50.50873770491803
0001 50.590704918032785
1000 50.67267213114754
0100 50.754639344262294
1000 50.836606557377046
0100 50.918573770491804
1000 51.000540983606555
0001 51.08250819672131
0100 51.164475409836065
0001 51.246442622950816
0100 51.328409836065575
0010 51.410377049180326
0100 51.49234426229508
0001 51.574311475409836
1000 51.65627868852459
0010 51.738245901639345
1000 51.8202131147541
0001 51.90218032786885
0100 51.98414754098361
0010 52.06611475409836
1000 52.14808196721311
0010 52.23004918032787
1000 52.31201639344262
0001 52.39398360655737
0010 52.47595081967213
0100 52.55791803278688
1000 52.63988524590164
0100 52.72185245901639
0010 52.80381967213114
0100 52.8857868852459
1000 52.96775409836065
0001 53.04972131147541
0010 53.13168852459016
0100 53.21365573770491
1000 53.29562295081967
0001 53.37759016393442
0010 53.45955737704917
0001 53.54152459016393
1000 53.62349180327869
1000 53.7874262295082
0001 54.11529508196721
0001 54.27922950819672
0010 54.60709836065574
0010 54.77103278688525
0100 55.09890163934426
0100 55.26283606557377
1000 55.426770491803275
0001 55.590704918032785
0100 55.67267213114754
0001 55.754639344262294
1000 55.836606557377046
0100 55.918573770491804
1000 56.000540983606555
0200 56.082508196721314
0300 56.574311475409836
2000 57.23004918032787
3001 57.55791803278688
0100 57.63988524590163
0010 57.72185245901639
1000 57.80381967213114
0001 57.8857868852459
0100 57.96775409836065
0010 58.0497213114754
1000 58.13168852459016
0001 58.21365573770491
0100 58.29562295081967
0010 58.37759016393442
1000 58.45955737704917
0001 58.54152459016393
0100 58.62349180327868
0010 58.70545901639344
1000 58.78742622950819
0001 58.86939344262295
0010 58.9513606557377
0100 59.03332786885246
0010 59.11529508196721
0100 59.19726229508197
0010 59.27922950819672
0100 59.36119672131147
0010 59.44316393442623
0200 59.52513114754098
0320 59.853
0031 60.180868852459014
0010 60.426770491803275
0100 60.672672131147536
1000 61.000540983606555
0001 61.164475409836065
0100 61.32840983606557
0010 61.49234426229508
1000 61.73824590163934
0001 61.9841475409836
0010 62.31201639344262
0100 62.47595081967213
1000 62.63988524590163
0001 62.80381967213115
0100 63.04972131147541
0001 63.29562295081967
1000 63.62349180327869
0100 63.7874262295082
0010 63.95136065573771
0001 64.1152950819672
1000 64.36119672131147
0001 64.60709836065573
0100 64.93496721311475
0010 65.09890163934425
1000 65.26283606557377
0001 65.42677049180327
0100 65.67267213114754
0001 65.91857377049179
1000 66.24644262295081
0100 66.41037704918031
0010 66.57431147540983
0100 66.73824590163933
1000 66.9841475409836
0001 67.23004918032785
0100 67.55791803278687
0010 67.72185245901638
0100 67.88578688524589
0001 68.0497213114754
1000 68.29562295081966
0100 68.54152459016392
1000 68.86939344262294
0001 69.03332786885244
0010 69.19726229508196
0001 69.25190710382512
0010 69.3065519125683
0001 69.36119672131146
0001 69.52513114754096
1000 69.85299999999998
1000 70.0169344262295
0100 70.3448032786885
0100 70.50873770491802
1000 70.56338251366118
0100 70.61802732240436
1000 70.67267213114754
0001 70.83660655737704
1000 71.00054098360656
0001 71.16447540983606
0010 71.49234426229508
0100 71.65627868852458
0010 71.8202131147541
0001 71.9841475409836
1000 72.1480819672131
0010 72.31201639344262
0100 72.47595081967212
0010 72.80381967213114
1000 72.96775409836064
0001 73.13168852459016
1001 73.29562295081966
1000 73.45955737704917
0010 73.62349180327868
1000 73.78742622950818
0001 74.1152950819672
0010 74.2792295081967
0100 74.44316393442622
1100 74.60709836065573
1000 74.77103278688523
1001 74.93496721311475
0001 75.09890163934425
1001 75.26283606557377
1000 75.42677049180327
1010 75.59070491803277
0010 75.75463934426229
1000 75.91857377049179
0100 76.08250819672129
0010 76.24644262295081
0001 76.41037704918031
0100 76.57431147540983
0010 76.73824590163933
1000 76.90218032786883
0001 77.06611475409835
0010 77.23004918032785
0001 77.39398360655736
0100 77.55791803278687
0001 77.72185245901638
1000 77.88578688524589
0100 78.0497213114754
0010 78.2136557377049
0001 78.37759016393441
1000 78.54152459016392
0010 78.62349180327867
0100 78.70545901639342
0010 78.78742622950818
1000 78.86939344262294
0010 78.95136065573769
0100 79.03332786885244
0010 79.11529508196719
0100 79.19726229508196
0001 79.2792295081967
1000 79.36119672131146
0001 79.44316393442621
0100 79.52513114754096
0010 79.60709836065573
1000 79.68906557377048
0010 79.77103278688523
1000 79.853
0001 79.93496721311475
0010 80.0169344262295
0001 80.09890163934426
1000 80.18086885245901
0100 80.26283606557377
0010 80.34480327868852
0001 80.42677049180327
0010 80.50873770491803
0001 80.59070491803278
1000 80.67267213114754
0100 80.75463934426229
1000 80.83660655737704
0100 80.9185737704918
0010 81.00054098360656
0001 81.0825081967213
1000 81.16447540983606
0001 82.47595081967212
0100 82.55791803278687
0010 82.63988524590162
0100 82.72185245901639
0010 82.80381967213114
1000 82.88578688524589
0001 82.96775409836064
0100 83.0497213114754
0001 83.13168852459016
0100 83.21365573770491
0010 83.29562295081966
1000 83.37759016393441
0001 83.45955737704917
0100 83.54152459016393
0001 83.62349180327868
0100 83.70545901639343
0001 83.78742622950818
1000 83.86939344262294
0100 83.95136065573769
0010 84.03332786885245
0100 84.1152950819672
1000 84.19726229508196
0001 84.2792295081967
0010 84.36119672131146
0100 84.44316393442622
1000 84.52513114754098
0001 84.60709836065573
0010 84.68906557377048
0001 84.77103278688523
0010 84.853
0001 84.93496721311475
1000 85.0169344262295
0001 85.09890163934425
1000 85.180868852459
0010 85.26283606557375
0100 85.34480327868852
0010 85.42677049180327
1000 85.50873770491802
0001 85.59070491803277
1000 85.67267213114752
0010 85.75463934426229
0100 85.83660655737704
0001 85.91857377049179
1000 86.00054098360654
0010 86.08250819672129
0100 86.16447540983606
0010 86.24644262295081
1000 86.32840983606556
0001 86.41037704918031
0010 86.49234426229506
0100 86.57431147540981
0010 86.65627868852458
0001 86.73824590163933
1000 86.82021311475408
0100 86.90218032786883
0010 86.98414754098359
0001 87.06611475409835
0010 87.1480819672131
0100 87.23004918032785
1000 87.3120163934426
0001 87.39398360655736
0010 87.47595081967212
0100 87.55791803278687
0010 87.63988524590162
0001 87.72185245901638
1000 87.80381967213113
0010 87.88578688524588
0100 87.96775409836064
0010 88.0497213114754
1000 88.13168852459015
0001 88.2136557377049
0100 88.29562295081965
0001 88.37759016393441
1000 88.45955737704917
0010 88.54152459016392
0100 88.62349180327867
0010 88.70545901639342
1000 88.78742622950818
0001 88.86939344262294
0100 88.95136065573769
0001 89.03332786885245
1000 89.1152950819672
0100 89.19726229508196
0010 89.27922950819672
0100 89.36119672131147
1000 89.44316393442622
0001 89.52513114754098
0010 89.60709836065573
0001 89.68906557377049
1000 89.77103278688524
0001 89.853
0010 89.93496721311475
0001 90.0169344262295
0010 90.09890163934426
0100 90.18086885245901
1000 90.26283606557377
0001 90.34480327868852
0100 90.67267213114754
0100 90.83660655737704
1010 91.16447540983606
0011 91.49234426229508
0101 91.82021311475408
1001 92.1480819672131
2000 92.96775409836064
3010 93.13168852459015
0100 93.21365573770491
0001 93.29562295081966
0100 93.37759016393441
0001 93.45955737704917
0100 93.54152459016392
0010 93.62349180327868
1000 93.70545901639343
0010 93.78742622950818
1000 93.86939344262294
0001 93.95136065573769
0100 94.03332786885245
0010 94.1152950819672
0100 94.19726229508196
0001 94.2792295081967
1000 94.36119672131146
0001 94.44316393442621
0010 94.52513114754098
0100 94.60709836065573
1000 94.68906557377048
0100 94.77103278688523
0010 94.85299999999998
0100 94.93496721311475
1000 95.0169344262295
0001 95.09890163934425
0010 95.180868852459
0001 95.26283606557375
0010 95.34480327868852
0001 95.42677049180327
1000 95.50873770491802
0001 95.59070491803277
0100 95.67267213114752
0010 95.75463934426227
0100 95.83660655737704
0001 95.91857377049179
1000 96.00054098360654
0010 96.08250819672129
1000 96.16447540983604
0010 96.24644262295081
0100 96.32840983606556
0001 96.41037704918031
0100 96.49234426229506
0010 96.57431147540981
0100 96.65627868852458
0001 96.73824590163933
1000 96.82021311475408
0001 96.90218032786883
0010 96.98414754098359
0100 97.06611475409834
0010 97.1480819672131
0001 97.23004918032785
1000 97.3120163934426
0100 97.39398360655736
0010 97.47595081967211
0100 97.55791803278687
1000 97.63988524590162
0001 97.72185245901638
1000 97.80381967213113
0001 97.88578688524588
0010 97.96775409836064
0100 98.0497213114754
1000 98.13168852459015
0001 98.21365573770491
0001 98.37759016393441
0100 98.70545901639343
0100 98.86939344262295
0001 99.19726229508196
0001 99.36119672131147
1000 99.68906557377048
1000 99.853
0100 100.0169344262295
0010 100.18086885245901
0001 100.26283606557377
0010 100.34480327868852
0100 100.42677049180327
1000 100.50873770491802
0001 100.59070491803278
0200 100.67267213114754
0300 101.16447540983606
0002 101.82021311475408
1003 102.1480819672131
0100 102.23004918032785
0010 102.3120163934426
0001 102.39398360655737
0010 102.47595081967212
0100 102.55791803278687
1000 102.63988524590162
0001 102.72185245901638
0010 102.80381967213114
0100 102.88578688524589
1000 102.96775409836064
0100 103.0497213114754
0010 103.13168852459015
0001 103.21365573770491
1000 103.29562295081966
0001 103.37759016393441
1000 103.45955737704917
0010 103.54152459016392
0100 103.62349180327867
0010 103.70545901639343
0100 103.78742622950818
0010 103.86939344262294
0100 103.95136065573769
0010 104.03332786885244
0200 104.1152950819672
0320 104.44316393442621
0030 104.75054098360654
1001 104.77103278688523
0001 104.93496721311473
1000 105.26283606557375
0100 105.3448032786885
0010 105.42677049180327
0001 105.67267213114752
1000 105.91857377049179
0010 106.08250819672129
0100 106.16447540983604
0001 106.2464426229508
1000 106.41037704918031
0010 106.57431147540981
1000 106.90218032786883
0100 107.06611475409834
0010 107.23004918032785
0011 107.39398360655737
1010 107.63988524590164
1100 107.88578688524589
0011 108.04972131147541
0101 108.29562295081966
1100 108.54152459016393
0011 108.70545901639343
0110 108.9513606557377
1100 109.19726229508196
1001 109.36119672131147
1000 109.68906557377048
0100 109.77103278688524
0010 109.853
0001 109.93496721311475
1000 110.0169344262295
0010 110.180868852459
1000 110.34480327868852
0001 110.50873770491802
0010 110.67267213114754
0001 110.83660655737704
1000 111.00054098360654
0100 111.16447540983606
0010 111.32840983606556
0001 111.49234426229506
0100 111.65627868852458
0010 111.82021311475408
1000 111.9841475409836
0001 112.1480819672131
0100 112.3120163934426
0001 112.47595081967212
1000 112.63988524590162
0010 112.72185245901638
0100 112.80381967213113
0001 112.88578688524589
0100 112.96775409836064
0001 113.0497213114754
1000 113.13168852459015
0100 113.2136557377049
0010 113.29562295081966
0001 113.37759016393441
0010 113.45955737704917
0001 113.54152459016392
1000 113.62349180327867
0010 113.70545901639343
0100 113.78742622950818
0001 113.86939344262294
1000 113.95136065573769
1100 114.19726229508196
0011 114.44316393442621
0202 114.60709836065573
0303 115.26283606557375
