TITLE Little Busters!
BPM   151.0
NOTES
2000 9.959423841059602
3002 12.343529801324504
0023 13.932933774834437
0230 14.230947019867548
2300 14.528960264900661
3002 14.727635761589402
0203 16.51571523178808
0002 17.1117417218543
0303 19.4958476821192
2000 20.687900662251653
3001 21.085251655629136
0100 21.28392715231788
0010 21.48260264900662
0100 21.681278145695362
0001 21.780615894039734
1000 21.879953642384102
0100 22.078629139072845
0010 22.277304635761585
0100 22.475980132450328
1000 22.67465562913907
0001 22.873331125827814
0100 23.072006622516554
0010 23.270682119205297
1000 23.37001986754967
0010 23.469357615894037
0100 23.56869536423841
0001 23.66803311258278
1000 23.866708609271523
0100 23.96604635761589
1000 24.065384105960263
0001 24.264059602649002
1000 24.462735099337745
0100 24.661410596026485
0010 24.86008609271523
0001 24.9594238410596
1000 25.058761589403968
0001 25.25743708609271
0100 25.456112582781454
0010 25.654788079470194
1000 25.754125827814565
0010 25.853463576158937
1000 25.95280132450331
0001 26.25081456953642
0010 26.35015231788079
0001 26.449490066225163
0100 26.548827814569535
0010 26.846841059602646
0010 27.045516556291386
1010 27.24419205298013
0001 27.442867549668872
1000 27.641543046357615
0010 27.840218543046355
0100 28.038894039735098
0010 28.13823178807947
0100 28.237569536423837
0001 28.43624503311258
1000 28.634920529801324
0100 28.833596026490063
0010 29.032271523178803
0001 29.230947019867546
1000 29.429622516556286
0010 29.62829801324503
0100 29.7276357615894
0001 29.82697350993377
1000 29.92631125827814
0001 30.025649006622512
1000 30.224324503311255
0100 30.323662251655623
0010 30.422999999999995
0001 30.621675496688738
1000 30.82035099337748
0010 31.01902649006622
0100 31.217701986754964
0001 31.317039735099335
1000 31.416377483443704
0100 31.615052980132447
0010 31.813728476821186
0100 32.01240397350993
1000 32.211079470198676
0100 32.27730463576159
1000 32.3435298013245
0100 32.40975496688742
0010 32.50909271523179
0100 32.60843046357616
0110 32.8071059602649
2002 33.204456953642385
3003 33.40313245033113
0001 33.502470198675496
0010 33.60180794701987
0100 33.70114569536424
1000 33.80048344370861
0001 33.99915894039735
0101 34.197834437086094
0100 34.39650993377483
0010 34.59518543046357
1000 34.793860927152316
1010 34.99253642384106
0010 35.1912119205298
1000 35.389887417218546
0100 35.58856291390729
0110 35.78723841059603
0010 35.98591390728477
0100 36.18458940397351
1000 36.383264900662255
1001 36.581940397351
0001 36.78061589403974
0010 36.97929139072848
0001 37.17796688741722
1001 37.37664238410596
1000 37.5753178807947
0100 37.77399337748344
0010 37.972668874172186
0011 38.17134437086093
0001 38.37001986754967
0100 38.56869536423841
0010 38.76737086092715
0110 38.966046357615895
0100 39.16472185430463
0010 39.363397350993374
0100 39.46273509933775
0001 39.56207284768212
1001 39.76074834437086
1000 39.9594238410596
0001 40.15809933774835
0010 40.35677483443709
0110 40.55545033112583
0100 40.75412582781457
1000 40.95280132450331
0010 41.151476821192055
1010 41.3501523178808
1000 41.54882781456954
0100 41.74750331125828
0010 41.94617880794702
0011 42.144854304635764
0001 42.3435298013245
0100 42.54220529801324
0010 42.64154304635762
1000 42.74088079470199
1001 42.93955629139073
0001 43.13823178807947
1000 43.33690728476821
0100 43.53558278145695
0110 43.734258278145695
0010 43.93293377483443
0100 44.131609271523175
1000 44.33028476821192
1010 44.52896026490066
0010 44.727635761589404
0100 44.92631125827815
0001 45.12498675496689
1001 45.323662251655634
1001 45.52233774834437
1000 45.72101324503311
0100 45.82035099337749
1000 45.919688741721856
0001 45.98591390728477
1000 46.05213907284768
0002 46.1183642384106
1003 46.51571523178808
0100 46.71439072847682
1000 46.913066225165565
0100 47.1117417218543
1000 47.310417218543044
0100 47.50909271523179
1000 47.70776821192053
0100 47.906443708609274
0010 48.00578145695364
0001 48.10511920529801
0100 48.30379470198675
0001 48.502470198675496
0100 48.70114569536423
0001 48.899821192052976
0100 49.09849668874172
0001 49.29717218543046
1000 49.39650993377483
0010 49.495847682119205
1000 49.69452317880795
0100 49.89319867549669
0010 49.99253642384106
0001 50.091874172185435
1000 50.29054966887417
0001 50.489225165562914
1000 50.68790066225166
0001 50.8865761589404
1000 51.08525165562914
0100 51.18458940397351
0010 51.28392715231788
0100 51.48260264900662
0010 51.681278145695366
0100 51.8799536423841
0010 52.078629139072845
0100 52.27730463576159
0010 52.376642384105956
0100 52.47598013245033
1001 52.674655629139075
1000 52.87333112582781
0010 53.072006622516554
1000 53.2706821192053
0010 53.46935761589403
1000 53.668033112582776
0010 53.86670860927152
1000 54.06538410596026
0010 54.264059602649006
0100 54.363397350993374
0001 54.46273509933775
0010 54.66141059602649
0001 54.860086092715235
0010 55.05876158940397
0001 55.257437086092715
0010 55.45611258278146
0001 55.6547880794702
1000 55.75412582781457
0100 55.853463576158944
1000 56.05213907284768
0010 56.25081456953642
0100 56.35015231788079
0001 56.44949006622517
1000 56.6481655629139
0001 56.846841059602646
1000 57.04551655629139
0001 57.24419205298013
1000 57.442867549668875
0010 57.54220529801324
0100 57.64154304635761
0010 57.840218543046355
0100 58.0388940397351
0010 58.237569536423834
0100 58.43624503311258
0010 58.63492052980132
1001 58.83359602649006
0100 59.03227152317881
1001 59.23094701986755
1010 59.628298013245036
0101 60.025649006622515
0001 60.22432450331126
1000 60.423
0010 60.621675496688745
0100 60.72101324503311
0001 60.82035099337748
1000 61.019026490066224
0100 61.21770198675497
0010 61.4163774834437
0001 61.61505298013245
1000 61.81372847682119
0010 61.91306622516556
1000 62.01240397350993
0001 62.211079470198676
1001 62.40975496688741
1100 62.8071059602649
0011 63.20445695364238
0001 63.40313245033112
1000 63.601807947019864
0010 63.80048344370861
0100 63.99915894039735
0010 64.19783443708609
1000 64.39650993377484
0001 64.59518543046357
1000 64.79386092715232
0100 64.86008609271524
1000 64.92631125827815
0100 64.99253642384106
0010 65.09187417218543
0001 65.1912119205298
1000 65.29054966887418
0010 65.38988741721855
0100 65.48922516556291
0001 65.58856291390728
1000 65.78723841059602
0010 65.98591390728477
0100 66.1845894039735
0001 66.38326490066225
1000 66.58194039735099
0100 66.78061589403973
0010 66.97929139072848
0001 67.17796688741721
0010 67.37664238410595
0100 67.47598013245033
0010 67.5753178807947
0001 67.77399337748344
1000 67.8733311258278
0001 67.97266887417219
0100 68.17134437086092
0010 68.37001986754966
0100 68.56869536423841
0001 68.66803311258278
1000 68.76737086092714
0001 68.96604635761588
0001 69.16472185430463
0001 69.36339735099337
0001 69.56207284768212
0001 69.76074834437085
0001 69.95942384105959
0001 70.15809933774834
1001 70.35677483443709
1001 70.55545033112583
1001 70.75412582781458
1001 70.95280132450331
1001 71.15147682119206
1000 71.3501523178808
0010 71.41637748344371
0100 71.48260264900662
0002 71.54882781456953
0013 71.94617880794702
2000 72.14485430463576
3010 72.54220529801324
0002 72.740880794702
0103 73.13823178807947
2000 73.33690728476822
3100 73.76264049195836
0013 74.2167559129612
2000 74.44381362346263
3010 74.89792904446547
0200 75.12498675496688
0310 75.52233774834437
2000 75.7210132450331
3010 76.11836423841059
0001 76.31703973509933
1000 76.51571523178808
0020 76.71439072847681
0130 77.1117417218543
0001 77.21107947019867
0100 77.31041721854304
0001 77.4097549668874
1000 77.50909271523179
0010 77.70776821192052
0110 77.90644370860926
0100 78.10511920529801
0001 78.30379470198675
0100 78.50247019867548
0110 78.70114569536423
0010 78.89982119205297
1000 79.09849668874172
0001 79.29717218543045
1001 79.49584768211919
1000 79.69452317880794
0001 79.79386092715231
0100 79.89319867549669
0010 80.09187417218543
1010 80.29054966887418
1000 80.48922516556291
0010 80.68790066225166
1000 80.8865761589404
1001 81.08525165562914
0001 81.28392715231789
0010 81.48260264900662
0001 81.68127814569536
0101 81.87995364238411
1010 82.07862913907285
0001 82.47598013245033
1001 82.67465562913907
1000 82.87333112582782
0001 83.07200662251655
1000 83.27068211920529
1000 83.46935761589404
0001 83.66803311258278
0010 83.76737086092714
0100 83.86670860927153
0002 84.06538410596026
0103 84.46273509933775
2000 84.66141059602649
3010 85.05876158940397
0002 85.25743708609271
0013 85.6547880794702
2000 85.85346357615893
3100 86.25081456953642
0002 86.47787228003783
0103 86.93198770104067
0020 87.1590454115421
0002 87.61316083254493
0103 88.03889403973508
2000 88.23756953642383
3002 88.63492052980132
0013 89.03227152317879
0100 89.13160927152317
0010 89.23094701986754
0100 89.33028476821191
1000 89.4296225165563
0001 89.62829801324503
1001 89.82697350993378
1000 90.02564900662252
0100 90.22432450331127
0010 90.423
0110 90.62167549668874
0100 90.82035099337749
0010 91.01902649006622
0001 91.21770198675496
0101 91.41637748344371
0100 91.61505298013245
0010 91.71439072847681
1000 91.8137284768212
0001 92.01240397350993
0011 92.21107947019867
0010 92.40975496688742
0100 92.60843046357616
1000 92.80710596026489
1010 93.00578145695364
0010 93.20445695364238
0100 93.40313245033113
0001 93.60180794701986
0011 93.8004834437086
1100 93.99915894039735
0001 94.39650993377482
0011 94.59518543046357
0010 94.79386092715231
0001 94.86008609271522
0010 94.92631125827813
0001 94.99253642384106
1000 95.09187417218543
0010 95.1912119205298
0100 95.29054966887416
0010 95.38988741721853
1000 95.48922516556291
0001 95.58856291390728
0010 95.68790066225165
0100 95.78723841059602
1000 95.98591390728475
1001 96.1845894039735
0001 96.38326490066224
0011 96.58194039735099
0010 96.78061589403973
0110 96.97929139072846
0100 97.17796688741721
1100 97.37664238410595
1000 97.57531788079469
1001 97.77399337748344
0001 97.97266887417217
0101 98.17134437086092
0100 98.37001986754966
0010 98.46935761589403
0100 98.5686953642384
0010 98.76737086092714
1000 98.86670860927151
0010 98.9660463576159
0100 99.16472185430463
0101 99.36339735099338
0001 99.56207284768212
1001 99.76074834437087
1000 99.9594238410596
0010 100.05876158940397
1000 100.15809933774834
1010 100.35677483443709
0101 100.75412582781456
0100 100.95280132450331
0001 101.15147682119205
1000 101.3501523178808
0010 101.54882781456953
1000 101.61505298013245
0010 101.68127814569536
1000 101.74750331125827
0001 101.84684105960265
0100 101.94617880794702
0010 102.04551655629139
1000 102.14485430463576
0100 102.3435298013245
0110 102.54220529801324
0010 102.74088079470198
0011 102.93955629139073
0001 103.13823178807947
1001 103.3369072847682
1000 103.53558278145695
1010 103.73425827814569
0010 103.93293377483442
0110 104.13160927152317
0100 104.33028476821191
0110 104.52896026490066
0010 104.7276357615894
1000 104.82697350993377
0010 104.92631125827813
1000 105.12498675496688
0001 105.22432450331125
0010 105.32366225165562
0100 105.52233774834436
0100 105.7210132450331
0100 105.91968874172184
0100 106.11836423841059
0100 106.31703973509933
0100 106.51571523178806
0100 106.71439072847681
1100 106.91306622516557
1100 107.1117417218543
1100 107.31041721854305
1100 107.50909271523179
1100 107.70776821192054
1000 107.90644370860927
0100 107.97266887417219
0010 108.0388940397351
0002 108.10511920529801
2003 108.5024701986755
0100 108.89982119205298
0100 109.29717218543047
0100 109.69452317880794
0100 110.09187417218543
0100 110.48922516556291
0100 110.8865761589404
3002 111.08525165562914
0203 111.28392715231787
0320 111.48260264900662
2030 111.68127814569536
3002 111.8799536423841
0023 112.07862913907285
2030 112.27730463576158
3020 112.67465562913907
0230 112.8733311258278
0310 113.07200662251655
0001 113.17134437086092
0010 113.27068211920529
0001 113.37001986754966
1000 113.66803311258278
0010 113.76737086092714
1000 113.86670860927151
0100 113.96604635761588
0010 114.264059602649
0010 114.46273509933773
0001 114.66141059602649
1000 114.76074834437085
0002 114.86008609271522
2003 115.45611258278144
3100 115.85346357615893
0010 115.9528013245033
0002 116.05213907284767
0203 116.6481655629139
0310 117.04551655629139
1000 117.14485430463576
0020 117.24419205298014
2030 117.84021854304636
3002 118.0388940397351
0203 118.23756953642383
2300 118.43624503311258
3200 118.63492052980132
0320 119.0322715231788
0230 119.23094701986754
0302 119.4296225165563
0203 119.82697350993377
0310 120.02564900662252
1000 120.12498675496688
0001 120.22432450331125
0100 120.32366225165562
0010 120.423
0100 120.52233774834437
0001 120.62167549668874
1000 120.7210132450331
0010 120.82035099337747
0020 121.01902649006622
0130 121.4163774834437
0001 121.51571523178808
2000 121.61505298013245
3200 122.21107947019867
0320 122.4097549668874
0230 122.60843046357616
2300 122.80710596026489
3002 123.00578145695363
0203 123.20445695364238
0320 123.40313245033111
0230 123.60180794701986
0302 123.8004834437086
2003 123.99915894039734
3200 124.19783443708609
0302 124.39650993377482
0203 124.79386092715231
0302 124.99253642384105
0203 125.38988741721853
2300 125.58856291390727
3001 125.78723841059602
0100 125.88657615894039
0001 125.98591390728477
0010 126.08525165562914
0100 126.38326490066225
1000 126.48260264900662
0010 126.58194039735099
1000 126.68127814569536
0001 126.78061589403974
0010 126.87995364238411
0100 126.97929139072848
0010 127.07862913907285
0001 127.17796688741721
0010 127.2773046357616
0100 127.37664238410596
1000 127.47598013245033
0002 127.5753178807947
2003 128.1713443708609
3001 128.37001986754967
0100 128.46935761589404
0001 128.5686953642384
1000 128.66803311258278
0100 128.76737086092714
1000 128.8667086092715
0001 128.96604635761588
0010 129.06538410596025
0001 129.16472185430462
1000 129.26405960264898
0010 129.36339735099335
1000 129.46273509933772
0001 129.5620728476821
0100 129.66141059602646
0001 129.76074834437085
1000 129.86008609271522
0100 129.9594238410596
1000 130.05876158940396
0001 130.15809933774833
0010 130.2574370860927
0001 130.35677483443706
1000 130.45611258278143
0010 130.5554503311258
1000 130.65478807947017
0001 130.75412582781456
0100 130.85346357615893
0010 130.9528013245033
1000 131.05213907284767
0001 131.15147682119203
0010 131.2508145695364
0100 131.3501523178808
1000 131.44949006622517
0001 131.54882781456953
0100 131.6481655629139
0010 131.74750331125827
1000 131.84684105960264
0002 131.946178807947
0003 132.3435298013245
2000 132.54220529801324
3010 132.74088079470198
0110 132.93955629139074
0101 133.33690728476822
2002 133.7342582781457
3003 137.5658571428571
