TITLE Love Circulation
BPM   120.354
NOTES
1000 18.03305618425644
0100 18.15768851886933
0010 18.282320853482226
0001 18.406953188095116
0100 18.53158552270801
0010 18.6562178573209
1000 18.780850191933794
0001 18.905482526546685
1000 19.03011486115958
0100 19.15474719577247
0010 19.279379530385363
0100 19.404011864998253
1000 19.528644199611144
0010 19.653276534224037
1000 19.777908868836928
0010 19.90254120344982
1000 20.027173538062712
0100 20.151805872675602
0010 20.276438207288496
0001 20.401070541901387
0010 20.52570287651428
0001 20.65033521112717
0010 20.774967545740065
0100 20.899599880352955
1000 21.02423221496585
0100 21.27349688419163
1000 21.398129218804524
0100 21.522761553417414
1000 21.647393888030308
0010 21.7720262226432
0100 21.896658557256092
0001 22.021290891868986
0100 22.145923226481877
0010 22.27055556109477
1000 22.39518789570766
0010 22.519820230320555
0100 22.644452564933445
0001 22.76908489954634
0010 22.89371723415923
0001 23.018349568772123
0010 23.142981903385014
0001 23.392246572610798
0010 23.51687890722369
0100 23.641511241836582
1000 23.766143576449473
0010 23.890775911062367
1000 24.015408245675257
0010 24.140040580288147
0100 24.26467291490104
0001 24.38930524951393
0100 24.513937584126825
0001 24.638569918739716
0010 24.76320225335261
0100 24.8878345879655
1000 25.012466922578394
0100 25.137099257191284
0010 25.26173159180418
0001 25.38636392641707
0010 25.51099626102996
0001 25.635628595642853
0010 25.760260930255743
0001 25.884893264868637
1000 26.009525599481528
0100 26.134157934094418
0010 26.258790268707312
0100 26.383422603320202
1000 26.508054937933096
0001 26.632687272545986
0100 26.75731960715888
0010 26.88195194177177
0100 27.006584276384665
0010 27.131216610997555
0100 27.38048128022334
0001 27.50511361483623
0010 27.629745949449124
0100 27.754378284062014
1000 27.879010618674908
0001 28.0036429532878
0010 28.128275287900692
0001 28.252907622513586
1000 28.377539957126476
0001 28.50217229173937
0010 28.751436960965155
0001 28.876069295578045
1000 29.00070163019094
0010 29.12533396480383
0100 29.24996629941672
0010 29.374598634029613
1000 29.499230968642504
0100 29.623863303255398
0010 29.748495637868288
0001 29.873127972481182
0010 29.997760307094072
0100 30.122392641706963
1000 30.247024976319857
0100 30.371657310932747
1000 30.49628964554564
0001 30.62092198015853
1000 30.745554314771425
0010 30.870186649384316
0100 30.99481898399721
0010 31.1194513186101
1000 31.244083653222994
0100 31.493348322448774
1000 31.61798065706167
0001 31.74261299167456
1000 31.991877660900343
0100 32.25775997474118
0001 32.3907011316616
0010 32.52364228858202
0100 32.656583445502434
1000 32.78952460242285
0001 32.92246575934327
1000 33.720112700865776
0001 33.85305385778619
1000 33.98599501470662
0100 34.11062734931951
0010 34.2352596839324
0001 34.359892018545295
0100 34.484524353158186
0010 34.73378902238397
0100 34.858421356996864
0001 34.983053691609754
0010 35.232318360835535
1000 35.48158303006132
0010 35.730847699287104
0100 35.855480033899994
1000 36.229377037738665
0001 36.35400937235156
0010 36.47864170696445
0100 36.727906376190234
1000 36.85253871080313
0001 36.97717104541602
0100 37.10180338002891
1000 37.35106804925469
0100 37.60033271848048
0010 37.84959738770626
1000 37.97422972231916
0010 38.22349439154494
0001 38.34812672615784
0010 38.846656064609405
1000 38.971288399222296
0001 39.095920733835186
0100 39.220553068448076
1000 39.34518540306097
0100 39.594450072286755
0001 39.719082406899645
1000 39.843714741512535
0001 39.968347076125426
0010 40.092979410738316
1000 40.466876414576994
0010 40.716141083802775
0100 40.84077341841567
0010 40.96540575302856
0001 41.21467042225434
0010 41.33930275686724
0100 41.71319976070591
1000 41.9624644299317
0001 42.08709676454459
0100 42.21172909915748
0010 42.33636143377038
0100 42.46099376838327
1000 42.71025843760905
0100 42.95952310683484
0001 43.08415544144773
0100 43.20878777606062
0001 43.707317114512186
0010 43.83194944912508
0100 43.956581783737974
1000 44.081214118350864
0100 44.205846452963755
1000 44.33047878757665
0001 44.45511112218954
0010 44.57974345680243
0100 44.70437579141532
0010 44.82900812602822
0001 44.95364046064111
1000 45.078272795254
0010 45.20290512986689
0100 45.32753746447979
0001 45.45216979909268
1000 45.95069913754424
0010 46.07533147215713
0100 46.19996380677002
0001 46.32459614138292
1000 46.44922847599581
0100 46.5738608106087
0010 46.69849314522159
0100 46.82312547983449
1000 46.94775781444738
0010 47.07239014906027
0100 47.19702248367316
0001 47.32165481828605
0010 47.44628715289895
0100 47.69555182212473
1000 47.944816491350515
0001 48.194081160576296
0010 48.31871349518919
1000 48.443345829802084
0010 48.692610499027865
0001 48.81724283364076
1000 48.94187516825365
0001 49.06650750286654
0010 49.19113983747943
1000 49.31577217209232
0010 49.689669175931
0030 49.81430151054389
0002 49.93893384515679
2003 50.18819851438257
3002 50.43746318360836
2003 50.68672785283414
3200 50.93599252205993
0300 51.18525719128571
0020 51.434521860511495
0032 51.683786529737276
2003 51.93305119896306
3002 52.18231586818884
0203 52.431580537414625
0300 52.680845206640406
0010 52.930109875866194
1000 53.179374545091974
0100 53.42863921431776
0010 53.67790388354354
0001 53.92716855276933
0010 54.05180088738222
0010 54.30106555660801
0010 54.55033022583379
0100 54.67496256044668
1000 54.92422722967247
0001 55.04885956428536
0001 55.298124233511146
0001 55.54738890273693
0100 55.67202123734982
0010 55.921285906575605
0010 56.29518291041428
0010 56.544447579640064
1000 56.669079914252954
0001 56.91834458347874
1001 57.41687392193031
2000 57.91540326038187
3200 58.16466792960765
0320 58.41393259883344
0032 58.66319726805922
0023 58.91246193728501
0030 59.16172660651079
0002 59.41099127573658
2003 59.66025594496236
3002 59.909520614188146
0203 60.15878528341393
0320 60.408049952639715
0030 60.657314621865495
1000 60.90657929109128
0100 61.155843960317064
0010 61.40510862954285
0001 61.65437329876863
1000 61.90363796799441
0001 62.028270302607304
0001 62.27753497183309
0001 62.52679964105887
1000 62.65143197567176
0001 62.90069664489755
0100 63.02532897951044
0100 63.27459364873623
0100 63.52385831796201
0010 63.6484906525749
1000 63.89775532180069
0010 64.02238765641358
0010 64.27165232563937
0010 64.52091699486515
1000 64.64554932947804
0002 64.89481399870382
1003 65.39334333715539
0002 65.89187267560696
0203 66.14113734483274
0320 66.39040201405852
0230 66.63966668328432
0302 66.8889313525101
0003 67.13819602173588
2000 67.38746069096166
3200 67.63672536018746
0320 67.88599002941324
0032 68.13525469863902
2003 68.3845193678648
3000 68.63378403709059
0010 68.88304870631637
0100 69.13231337554215
0001 69.38157804476793
0100 69.63084271399373
0001 69.8801073832195
1000 70.0047397178324
1000 70.25400438705817
1000 70.50326905628395
0100 70.62790139089685
0010 70.87716606012263
0001 71.00179839473553
0001 71.25106306396131
0001 71.50032773318709
0100 71.62496006779999
0010 71.87422473702577
0010 72.24812174086445
0010 72.49738641009023
1000 72.62201874470313
0001 72.87128341392891
1001 73.36981275238047
2000 73.86834209083204
3002 74.11760676005782
0203 74.3668714292836
0320 74.6161360985094
0230 74.86540076773518
0300 75.11466543696096
0002 75.36393010618674
2003 75.61319477541254
3200 75.86245944463832
0320 76.1117241138641
0230 76.36098878308988
0300 76.61025345231567
1000 76.85951812154146
0001 77.10878279076724
0100 77.35804745999302
0010 77.60731212921881
1000 77.85657679844459
0010 77.98120913305749
0010 78.23047380228327
0010 78.47973847150905
0100 78.60437080612195
0001 78.85363547534773
0010 78.97826780996063
0010 79.22753247918641
0010 79.47679714841219
0100 79.60142948302509
1000 79.85069415225085
0001 79.97532648686375
0001 80.22459115608953
0001 80.47385582531531
1000 80.59848815992821
0002 80.84775282915399
1003 81.34628216760555
0001 81.84481150605713
0010 81.96944384067002
0001 82.2187085098958
1000 82.59260551373448
0100 82.71723784834737
0010 82.84187018296026
0001 82.96650251757316
0010 83.09113485218604
0100 83.21576718679894
1000 83.58966419063762
0010 83.7142965252505
1000 83.8389288598634
0001 83.9635611944763
1000 84.08819352908918
0100 84.21282586370208
0010 84.33745819831496
0001 84.46209053292786
1000 84.58672286754076
0001 84.71135520215364
0100 84.83598753676654
0010 84.96061987137944
0100 85.08525220599232
0001 85.20988454060522
0010 85.3345168752181
0100 85.459149209831
1000 85.83304621366968
0001 85.95767854828257
0100 86.08231088289546
0010 86.20694321750835
0100 86.33157555212124
0001 86.45620788673413
0010 86.58084022134703
0100 86.70547255595991
1000 86.83010489057281
0010 86.95473722518571
0100 87.32863422902437
0001 87.57789889825017
0010 87.70253123286305
0100 87.82716356747595
1000 87.95179590208885
0100 88.07642823670173
0010 88.20106057131463
0001 88.32569290592751
1000 88.82422224437909
0100 88.94885457899198
1000 89.07348691360487
0001 89.19811924821776
1000 89.32275158283065
0001 89.82128092128222
0010 89.94591325589512
0001 90.070545590508
0010 90.1951779251209
0100 90.31981025973379
1000 90.44444259434668
0001 90.56907492895958
1000 90.69370726357246
0010 90.81833959818536
0100 90.94297193279826
0010 91.06760426741114
1000 91.19223660202404
0100 91.56613360586272
1000 91.6907659404756
0001 91.81539827508848
0100 91.94003060970138
0010 92.06466294431426
0100 92.18929527892716
0001 92.31392761354005
0010 92.43855994815294
0100 92.56319228276584
1000 92.68782461737872
0010 92.81245695199162
1000 92.93708928660452
0010 93.0617216212174
0100 93.1863539558303
0001 93.31098629044318
1000 93.43561862505608
0001 93.80951562889476
0010 93.93414796350766
0100 94.05878029812054
1000 94.18341263273344
0010 94.30804496734632
0100 94.43267730195922
0001 94.55730963657211
0010 94.681941971185
0100 94.8065743057979
0010 94.93120664041079
0100 95.05583897502368
1000 95.18047130963657
0001 95.30510364424946
1000 95.42973597886235
0100 95.55436831347525
0010 95.67900064808813
0002 95.80363298270103
1000 96.3021623211526
1000 96.80069165960417
1003 97.29922099805573
0022 97.7977503365073
0033 98.17164734034598
2002 98.29627967495887
3003 98.67017667879755
2020 98.79480901341044
3030 99.16870601724912
1000 99.293338351862
0001 99.5426030210878
0100 99.79186769031358
0010 100.04113235953936
1000 100.29039702876514
0200 100.53966169799094
0300 101.28745570566828
1000 101.53672037489407
0022 101.78598504411984
0033 102.15988204795852
0220 102.2845143825714
0330 102.65841138641008
2200 102.78304372102298
3300 103.15694072486166
1000 103.28157305947454
0100 103.53083772870033
0010 103.78010239792611
0001 104.0293670671519
0010 104.27863173637768
0200 104.52789640560347
1300 105.02642574405503
1000 105.27569041328081
2002 105.77421975173239
3003 106.14811675557107
0202 106.27274909018395
0303 106.64664609402263
0220 106.77127842863553
0330 107.1451754324742
0010 107.26980776708709
1000 107.51907243631288
0001 107.76833710553866
1000 108.01760177476444
0001 108.26686644399022
0200 108.51613111321602
0300 109.26392512089336
0010 109.51318979011916
2002 109.76245445934494
3003 110.13635146318362
2020 110.2609837977965
3030 110.63488080163518
0202 110.75951313624807
0303 111.13341014008675
0022 111.25804247469964
0030 111.63193947853831
2000 111.75657181315121
3003 112.75363049005435
0001 113.5014244977317
0100 113.62605683234459
0010 113.75068916695747
0010 114.12458617079615
1000 114.49848317463483
0100 114.74774784386061
0100 115.12164484769929
0010 115.49554185153796
0001 115.62017418615085
1000 115.74480652076375
1000 116.11870352460242
0100 116.4926005284411
0010 116.74186519766688
0001 117.11576220150556
1000 117.48965920534424
0100 117.61429153995712
0010 117.73892387457002
0010 118.1128208784087
0010 118.36208554763448
0001 118.73598255147316
0001 119.10987955531184
0100 119.48377655915051
0001 119.7330412283763
0001 120.10693823221497
0001 120.35620290144075
1000 120.73009990527943
1001 121.22862924373099
1000 121.47789391295679
0010 121.60252624756967
0100 121.72715858218257
0100 122.10105558602125
0001 122.47495258985992
0100 122.7242172590857
0100 123.09811426292438
0010 123.47201126676306
1000 123.59664360137594
0001 123.72127593598883
0001 124.0951729398275
0010 124.46906994366618
0100 124.71833461289197
0010 125.09223161673064
0001 125.46612862056932
0100 125.5907609551822
0010 125.7153932897951
0010 126.08929029363378
0010 126.33855496285956
1000 126.46318729747246
0001 126.71245196669824
0001 127.08634897053692
0001 127.3356136397627
0100 127.4602459743756
0010 127.70951064360138
0010 128.08340764744005
1000 128.33267231666585
0100 128.7065693205045
1001 129.2050986589561
1000 129.70362799740766
0100 129.82826033202056
0010 129.95289266663346
0001 130.20215733585923
1000 130.32678967047212
0001 130.45142200508502
0100 130.57605433969792
0010 130.7006866743108
1000 130.82531900892369
0001 131.07458367814948
1000 131.19921601276238
0001 131.32384834737525
1000 131.44848068198814
0100 131.57311301660104
0010 131.69774535121394
0100 131.82237768582684
1000 131.94701002043973
0001 132.0716423550526
0100 132.1962746896655
0010 132.3209070242784
0100 132.4455393588913
0001 132.5701716935042
0010 132.69480402811706
0100 132.81943636272996
1000 132.94406869734286
0001 133.19333336656865
1000 133.31796570118152
0001 133.44259803579442
1000 133.6918627050202
0100 133.8164950396331
1000 133.941127374246
0010 134.06575970885888
0100 134.19039204347177
0001 134.31502437808467
0010 134.43965671269757
0100 134.56428904731047
1000 134.68892138192334
0100 134.81355371653623
0010 135.06281838576203
0001 135.18745072037493
0010 135.3120830549878
0001 135.4367153896007
1000 135.5613477242136
0010 135.6859800588265
0100 135.93524472805228
0001 136.05987706266515
1000 136.18450939727805
0100 136.43377406650384
0010 136.6830387357296
0001 136.9323034049554
0010 137.1815680741812
0100 137.30620040879407
1000 137.43083274340697
0001 137.55546507801986
0010 137.68009741263276
0100 137.80472974724566
1000 138.05399441647143
0100 138.17862675108432
0010 138.30325908569722
0001 138.42789142031012
1000 138.67715608953588
0001 138.92642075876168
0100 139.05105309337458
0001 139.17568542798747
0100 139.30031776260034
0010 139.42495009721324
1000 139.54958243182614
0100 139.674214766439
0010 139.9234794356648
0001 140.17274410489057
0010 140.29737643950347
0100 140.42200877411636
1000 140.67127344334213
0100 140.79590577795503
1000 140.92053811256793
0100 141.04517044718082
0010 141.16980278179372
0001 141.2944351164066
0010 141.4190674510195
0001 141.54369978563238
0010 141.66833212024528
0100 141.79296445485818
1000 141.91759678947108
0100 142.04222912408395
1000 142.16686145869684
0001 142.29149379330974
0100 142.41612612792264
0001 142.6653907971484
0010 142.7900231317613
0100 142.9146554663742
1000 143.0392878009871
0010 143.1639201356
0100 143.28855247021286
0010 143.41318480482576
0100 143.53781713943866
0001 143.66244947405156
0100 143.78708180866445
0001 143.91171414327735
1000 144.03634647789022
0100 144.16097881250312
0010 144.28561114711601
0001 144.4102434817289
1000 144.65950815095468
0010 144.78414048556758
0100 144.90877282018047
0001 145.03340515479337
0100 145.15803748940627
0010 145.28266982401914
1000 145.40730215863204
2002 145.65656682785783
3003 149.64480153547038
