TITLE Megu Megu Fire Endless Night
BPM   162.0
NOTES
1001 7.395407407407407
1000 7.580592592592592
0010 7.765777777777777
0100 7.950962962962962
0100 8.321333333333332
0001 8.506518518518517
0010 8.691703703703702
0100 8.876888888888889
0010 9.062074074074074
0001 9.247259259259259
1000 9.432444444444444
1000 9.802814814814814
0010 9.988
1000 10.173185185185185
0100 10.35837037037037
0010 10.543555555555555
0001 10.72874074074074
0010 10.913925925925925
0010 11.284296296296295
0001 11.46948148148148
1000 11.654666666666666
0100 11.83985185185185
1000 12.025037037037036
0001 12.11762962962963
1000 12.210222222222221
0001 12.395407407407406
0010 12.488
0001 12.580592592592591
1000 12.673185185185185
0010 12.765777777777776
0100 12.85837037037037
0010 12.950962962962961
1000 13.043555555555555
0001 13.136148148148147
0010 13.22874074074074
0110 15.889234567901232
1000 16.284296296296294
0001 16.376888888888885
1000 16.46948148148148
0001 16.562074074074072
0100 16.654666666666664
0010 16.747259259259256
1000 16.932444444444442
0001 17.117629629629626
1000 17.302814814814813
0100 17.395407407407404
0010 17.58059259259259
0002 17.765777777777778
1003 18.043555555555557
0200 18.321333333333335
1300 18.50651851851852
0001 18.59911111111111
0100 18.691703703703705
0010 18.784296296296297
1000 18.87688888888889
0001 19.062074074074076
0010 19.24725925925926
0100 19.33985185185185
0010 19.432444444444446
0100 19.525037037037038
1000 19.61762962962963
0001 19.71022222222222
0100 19.895407407407408
0010 20.08059259259259
0100 20.265777777777778
0001 20.35837037037037
1000 20.543555555555557
0001 20.72874074074074
0010 20.82133333333333
0100 20.913925925925927
0010 21.00651851851852
0100 21.09911111111111
1000 21.191703703703702
0001 21.284296296296297
0100 21.37688888888889
0010 21.46948148148148
0100 21.562074074074072
0010 21.654666666666667
1000 21.74725925925926
0001 21.83985185185185
0100 22.025037037037038
0010 22.21022222222222
1000 22.302814814814813
0001 22.395407407407408
1000 22.488
0100 22.58059259259259
0010 22.673185185185183
0100 22.85837037037037
1000 23.043555555555553
0001 23.22874074074074
0100 23.32133333333333
0010 23.50651851851852
2000 23.691703703703702
3001 23.96948148148148
0200 24.24725925925926
0301 24.432444444444442
0010 24.525037037037034
0100 24.61762962962963
1000 24.71022222222222
0001 24.802814814814813
0100 24.988
0010 25.173185185185183
1000 25.265777777777775
0010 25.35837037037037
1000 25.45096296296296
0001 25.543555555555553
0010 25.636148148148145
0100 25.82133333333333
1000 26.006518518518515
0001 26.191703703703702
0100 26.284296296296294
0010 26.46948148148148
2000 26.654666666666664
3001 26.932444444444442
0002 27.21022222222222
0103 27.395407407407404
0001 27.58059259259259
0010 27.673185185185183
0100 27.765777777777775
1000 27.95096296296296
0010 28.043555555555553
0100 28.136148148148145
0010 28.32133333333333
0100 28.506518518518515
0001 28.691703703703702
0010 28.876888888888885
0200 29.062074074074072
0320 29.432444444444442
0001 29.802814814814813
0100 30.173185185185183
0002 30.543555555555553
0033 30.913925925925923
1001 31.09911111111111
1000 31.284296296296297
0010 31.46948148148148
0100 31.654666666666667
0001 31.83985185185185
0010 32.02503703703704
0001 32.21022222222222
0200 32.395407407407404
0310 32.76577777777777
1000 32.95096296296296
0001 33.136148148148145
0010 33.32133333333333
0012 33.6917037037037
1003 34.06207407407407
0010 34.24725925925925
0100 34.43244444444444
0001 34.617629629629626
0010 34.80281481481481
0001 34.98799999999999
2000 35.358370370370366
0010 35.72874074074074
0001 36.099111111111114
0010 36.46948148148148
3200 36.839851851851854
0310 37.21022222222222
0002 37.39540740740741
1000 37.76577777777778
1000 37.95096296296296
0203 38.321333333333335
0310 38.6917037037037
1000 38.87688888888889
0001 38.96948148148148
1000 39.062074074074076
1100 39.24725925925926
0101 39.61762962962963
0100 39.802814814814816
2001 39.988
3020 40.35837037037037
0230 40.72874074074074
1300 41.099111111111114
0200 41.2842962962963
0301 41.654666666666664
2000 41.839851851851854
3100 42.21022222222222
0010 42.395407407407404
0001 42.580592592592595
1000 42.76577777777778
0002 42.95096296296296
0203 43.321333333333335
0320 43.6917037037037
0031 44.062074074074076
0020 44.24725925925926
1030 44.617629629629626
0002 44.802814814814816
1003 45.17318518518518
0100 45.358370370370366
0010 45.54355555555556
0001 45.72874074074074
0201 45.91392592592592
0001 46.2842962962963
0010 46.83985185185185
0300 47.02503703703704
0010 47.21022222222222
1000 47.395407407407404
0001 47.58059259259259
0101 48.136148148148145
1100 48.50651851851852
2001 48.876888888888885
3100 49.24725925925926
0020 49.43244444444444
0031 49.80281481481481
0100 49.988
0010 50.17318518518518
1000 50.358370370370366
0001 50.54355555555555
1000 50.636148148148145
0001 50.72874074074074
0010 50.82133333333333
0001 50.91392592592592
1000 51.00651851851851
0010 51.09911111111111
0100 51.1917037037037
0001 51.28429629629629
0010 51.376888888888885
0100 51.46948148148148
1000 51.56207407407407
0001 51.654666666666664
1000 51.74725925925925
0001 51.83985185185185
1001 52.95096296296296
1010 53.32133333333333
0100 53.50651851851851
1010 53.6917037037037
0100 53.876888888888885
1010 54.06207407407407
0002 54.33985185185185
0023 54.617629629629626
0130 54.98799999999999
1000 55.17318518518518
0001 55.358370370370366
0100 55.72874074074073
0010 55.91392592592592
1000 56.09911111111111
0001 56.28429629629629
0100 56.376888888888885
0001 56.46948148148147
1000 56.654666666666664
0100 56.83985185185185
0010 57.02503703703703
0001 57.117629629629626
1000 57.210222222222214
0010 57.395407407407404
0100 57.58059259259259
0001 57.76577777777777
1000 57.858370370370366
0001 57.950962962962954
0010 58.136148148148145
0100 58.32133333333333
1100 58.50651851851851
0101 58.876888888888885
0100 59.06207407407407
0011 59.24725925925925
0100 59.432444444444435
0011 59.617629629629626
0100 59.80281481481481
0011 59.98799999999999
2000 60.26577777777777
3200 60.54355555555555
1300 60.91392592592592
0001 61.099111111111114
0100 61.2842962962963
0010 61.654666666666664
1000 61.839851851851854
0001 62.02503703703704
1000 62.21022222222222
0100 62.302814814814816
0010 62.395407407407404
0100 62.580592592592595
1000 62.76577777777778
0010 62.95096296296296
0100 63.04355555555556
0001 63.136148148148145
1000 63.321333333333335
0001 63.50651851851852
0010 63.6917037037037
0001 63.7842962962963
0100 63.876888888888885
0010 64.06207407407408
1000 64.15466666666667
0001 64.24725925925925
1000 64.43244444444444
0100 64.52503703703704
1000 64.61762962962963
0001 64.71022222222221
0100 64.80281481481481
0001 64.8954074074074
0010 64.988
0100 65.0805925925926
2000 65.17318518518518
0001 65.35837037037037
0001 65.54355555555554
3020 65.91392592592592
0100 66.0991111111111
0230 66.46948148148147
0301 66.83985185185185
1000 67.02503703703702
0100 67.11762962962962
0010 67.21022222222221
0001 67.3954074074074
0100 67.58059259259258
0010 67.76577777777777
1000 67.85837037037037
0001 67.95096296296295
0020 68.13614814814814
0100 68.32133333333333
0100 68.5065185185185
0032 68.87688888888889
1000 69.06207407407406
1003 69.43244444444443
0010 69.61762962962962
0100 69.71022222222221
0010 69.80281481481481
1000 69.89540740740739
0010 69.98799999999999
0100 70.08059259259258
0001 70.17318518518518
0010 70.26577777777777
0100 70.35837037037037
1000 70.45096296296295
0001 70.54355555555554
0010 70.63614814814814
0100 70.72874074074073
1000 70.82133333333333
0001 70.91392592592591
0100 71.0065185185185
0020 71.09911111111111
2030 71.46948148148148
3002 71.83985185185186
0013 72.21022222222223
0200 72.3954074074074
1300 72.76577777777779
0002 72.95096296296296
2003 73.32133333333334
3020 73.69170370370371
1030 74.06207407407408
0001 74.24725925925927
0010 74.43244444444444
0100 74.52503703703704
1000 74.61762962962963
0001 74.80281481481482
0100 74.988
0010 75.0805925925926
1000 75.17318518518519
0010 75.26577777777779
0100 75.35837037037037
0001 75.45096296296296
1000 75.54355555555556
1000 75.91392592592592
1000 76.2842962962963
1000 76.46948148148148
0001 76.65466666666667
0001 76.83985185185185
1001 77.02503703703704
1000 77.21022222222223
0100 77.3954074074074
0010 77.76577777777779
0001 77.95096296296296
2000 78.32133333333333
3010 78.69170370370371
0100 78.87688888888889
0001 79.24725925925927
2000 79.43244444444444
3001 79.80281481481481
0012 79.988
1003 80.35837037037037
0010 80.54355555555556
0010 80.72874074074075
0100 80.91392592592592
0001 81.09911111111111
0001 81.28429629629629
0101 81.46948148148148
1000 81.65466666666667
1000 81.83985185185185
0200 82.02503703703704
0010 82.21022222222223
0010 82.3954074074074
1300 82.5805925925926
1000 82.76577777777777
1100 82.95096296296296
0100 83.13614814814815
1000 83.32133333333333
0001 83.41392592592592
0100 83.59911111111111
0001 83.69170370370371
0100 83.78429629629629
0001 83.87688888888889
0100 84.06207407407408
0010 84.15466666666667
1000 84.33985185185185
0010 84.43244444444444
1000 84.52503703703704
0010 84.61762962962963
1000 84.80281481481481
0001 84.8954074074074
0010 85.0805925925926
0001 85.17318518518519
0010 85.26577777777777
0001 85.35837037037037
0010 85.54355555555556
0100 85.63614814814815
1000 85.82133333333333
0100 85.91392592592592
1000 86.00651851851852
0100 86.09911111111111
1000 86.28429629629629
0010 86.37688888888889
0100 86.56207407407408
0010 86.65466666666667
0100 86.74725925925925
0010 86.83985185185185
0100 87.02503703703704
0001 87.11762962962963
1000 87.30281481481481
0001 87.3954074074074
1000 87.488
0001 87.5805925925926
1000 87.76577777777777
0010 87.85837037037037
0100 88.04355555555556
0001 88.13614814814815
1000 88.22874074074073
0100 88.32133333333333
0010 88.41392592592592
0001 88.50651851851852
1000 88.59911111111111
0100 88.6917037037037
0010 88.78429629629629
0002 88.87688888888889
0100 89.61762962962963
0013 89.988
2001 90.35837037037037
3010 91.09911111111111
0100 91.28429629629629
0001 91.46948148148148
0020 91.65466666666666
0230 92.02503703703704
0320 92.3954074074074
0031 92.76577777777777
1000 92.95096296296296
0010 93.13614814814814
0100 93.32133333333333
0001 93.50651851851852
0100 93.6917037037037
0020 93.87688888888889
1030 94.24725925925925
0001 94.43244444444444
0010 94.61762962962962
0100 94.80281481481481
1000 94.988
0001 95.17318518518518
0200 95.35837037037037
0300 96.0991111111111
0001 96.28429629629629
1000 96.34602469135802
0001 96.40775308641975
1000 96.46948148148148
0100 96.5312098765432
1000 96.59293827160494
0100 96.65466666666666
0010 96.71639506172839
0001 96.77812345679011
0010 96.83985185185185
0100 96.90158024691357
1000 96.9633086419753
0100 97.02503703703704
0010 97.08676543209876
0100 97.1484938271605
1000 97.21022222222221
0001 97.27195061728395
0100 97.33367901234567
0001 97.3954074074074
1000 97.45713580246912
0010 97.51886419753086
0100 97.58059259259258
0001 97.64232098765432
0100 97.70404938271604
0010 97.76577777777777
0100 97.8275061728395
0010 97.88923456790123
1000 97.95096296296296
0001 98.01269135802468
0100 98.07441975308642
0001 98.13614814814814
1000 98.19787654320987
0010 98.2596049382716
0100 98.32133333333333
0001 98.38306172839505
1000 98.44479012345678
0100 98.50651851851852
0010 98.56824691358024
0001 98.62997530864197
1000 98.6917037037037
0100 98.75343209876543
0010 98.81516049382715
0001 98.87688888888889
0010 98.9386172839506
0100 99.00034567901234
1000 99.06207407407406
0001 99.1238024691358
0100 99.18553086419752
0010 99.24725925925925
1000 99.43244444444444
0001 99.61762962962962
0020 99.80281481481481
0130 100.17318518518518
0010 100.35837037037037
0001 100.54355555555554
1000 100.72874074074073
0010 100.91392592592592
0100 101.0991111111111
0001 101.1917037037037
0100 101.28429629629629
0010 101.37688888888889
1000 101.46948148148148
0001 101.56207407407406
0010 101.65466666666666
0100 101.74725925925925
1000 101.83985185185185
0001 101.93244444444444
0010 102.02503703703702
0100 102.11762962962962
2000 102.21022222222221
3001 103.32133333333333
0010 103.5065185185185
0101 103.6917037037037
0010 103.87688888888889
0101 104.06207407407406
0010 104.24725925925925
0101 104.43244444444444
2000 104.71022222222221
3020 104.98799999999999
0130 105.35837037037037
0001 105.54355555555554
1000 105.72874074074073
0100 106.0991111111111
0010 106.28429629629629
0001 106.46948148148147
1000 106.65466666666666
0010 106.74725925925925
0100 106.83985185185185
0001 107.02503703703702
0100 107.21022222222221
0010 107.3954074074074
1000 107.48799999999999
0100 107.58059259259258
0010 107.76577777777777
0100 107.95096296296295
1000 108.13614814814814
0001 108.22874074074073
0100 108.32133333333333
0010 108.5065185185185
1000 108.6917037037037
1001 108.87688888888889
1010 109.24725925925925
0010 109.43244444444443
1100 109.61762962962962
0010 109.80281481481481
1100 109.98799999999999
0010 110.17318518518518
1100 110.35837037037037
0002 110.63614814814814
0023 110.91392592592591
0130 111.28429629629629
1000 111.46948148148147
0001 111.65466666666666
1000 112.02503703703702
0010 112.21022222222221
1000 112.39540740740739
0001 112.58059259259258
0010 112.67318518518518
0100 112.76577777777777
0010 112.95096296296295
0001 113.13614814814814
1000 113.32133333333333
0010 113.41392592592591
0100 113.5065185185185
0010 113.6917037037037
1000 113.87688888888887
0001 114.06207407407406
0010 114.15466666666666
0100 114.24725925925925
0010 114.43244444444443
0001 114.52503703703702
1000 114.61762962962962
0010 114.71022222222221
0100 114.80281481481481
0001 114.89540740740739
0100 114.98799999999999
0001 115.08059259259258
1000 115.17318518518518
0100 115.26577777777777
0010 115.35837037037035
0001 115.45096296296295
2000 115.54355555555554
0010 115.72874074074073
0010 115.91392592592591
3002 116.28429629629629
0010 116.46948148148147
2003 116.83985185185183
3010 117.21022222222221
0100 117.39540740740739
0001 117.48799999999999
1000 117.58059259259258
0100 117.76577777777777
0010 117.95096296296295
0100 118.13614814814814
1000 118.22874074074073
0001 118.32133333333331
0200 118.5065185185185
0010 118.6917037037037
0010 118.87688888888887
0302 119.24725925925925
1000 119.43244444444443
1003 119.8028148148148
0100 119.988
0010 120.0805925925926
0100 120.17318518518519
1000 120.26577777777777
0010 120.35837037037037
0100 120.45096296296296
0001 120.54355555555556
0010 120.63614814814815
0001 120.72874074074075
0100 120.82133333333333
0010 120.91392592592592
1000 121.00651851851852
0001 121.09911111111111
0010 121.19170370370371
0100 121.28429629629629
1000 121.37688888888889
0002 121.46948148148148
0203 121.83985185185185
0320 122.21022222222223
1030 122.5805925925926
0002 122.76577777777777
0013 123.13614814814815
0200 123.32133333333333
2300 123.69170370370371
3020 124.06207407407408
0130 124.43244444444444
0001 124.61762962962963
1000 124.80281481481481
0100 124.8954074074074
1000 124.988
0001 125.17318518518519
0100 125.35837037037037
0010 125.45096296296296
1000 125.54355555555556
0100 125.63614814814815
0010 125.72874074074073
0001 125.82133333333333
0100 125.91392592592592
0100 126.16083950617283
0010 126.40775308641975
0010 126.90158024691358
0010 127.1484938271605
1001 127.3954074074074
1000 127.76577777777777
0001 128.13614814814815
0001 128.32133333333334
1000 128.5065185185185
1000 128.6917037037037
0110 128.87688888888889
0002 130.35837037037035
2000 130.72874074074073
3113 131.46948148148147
1000 131.83985185185185
0100 131.93244444444443
0010 132.02503703703704
0001 132.11762962962962
1000 132.21022222222223
0010 132.3028148148148
0100 132.488
0010 132.6731851851852
1000 132.85837037037035
0001 132.95096296296296
0010 133.13614814814815
0200 133.3213333333333
0310 133.59911111111109
0200 133.87688888888886
1300 134.06207407407405
0001 134.15466666666666
0100 134.24725925925924
0001 134.33985185185182
1000 134.43244444444443
0100 134.61762962962962
0010 134.8028148148148
0001 134.8954074074074
0100 134.988
0001 135.08059259259258
1000 135.1731851851852
0010 135.26577777777777
0100 135.45096296296296
0010 135.63614814814815
1000 135.8213333333333
0100 135.91392592592592
0010 136.0991111111111
0001 136.28429629629628
0010 136.37688888888886
0100 136.46948148148147
0010 136.56207407407405
0001 136.65466666666666
1000 136.74725925925924
0010 136.83985185185182
0100 136.93244444444443
0001 137.025037037037
0010 137.11762962962962
0100 137.2102222222222
1000 137.30281481481478
0001 137.3954074074074
0100 137.58059259259258
0010 137.76577777777777
1000 137.85837037037035
0010 137.95096296296296
1000 138.04355555555554
0100 138.13614814814815
0010 138.22874074074073
0001 138.41392592592592
1000 138.5991111111111
0010 138.78429629629628
0100 138.87688888888889
0001 139.06207407407408
2000 139.24725925925924
3100 139.525037037037
0020 139.80281481481478
0130 139.98799999999997
1000 140.08059259259258
0001 140.17318518518516
0100 140.26577777777774
0010 140.35837037037035
1000 140.54355555555554
0001 140.72874074074073
0100 140.8213333333333
0001 140.91392592592592
0100 141.0065185185185
0010 141.0991111111111
1000 141.1917037037037
0001 141.37688888888889
0010 141.56207407407408
0100 141.74725925925924
1000 141.83985185185185
0001 142.02503703703704
1000 142.21022222222223
0010 142.3028148148148
0100 142.39540740740742
0001 142.488
1000 142.5805925925926
0100 142.6731851851852
0010 142.76577777777777
0100 142.85837037037038
0010 142.95096296296296
0001 143.04355555555557
0010 143.13614814814815
0100 143.22874074074073
1000 143.32133333333334
0010 143.41392592592592
0100 143.50651851851853
0001 143.5991111111111
1000 143.6917037037037
0100 143.87688888888889
1000 144.06207407407408
0001 144.15466666666666
1000 144.24725925925924
0001 144.33985185185185
1000 144.43244444444443
0001 144.52503703703704
1000 144.61762962962962
0001 144.7102222222222
1000 144.8028148148148
0110 144.988
