TITLE Mirai Prism
BPM   140.0
NOTES
1001 14.559285714285714
1000 14.773571428571428
0010 14.987857142857143
0100 15.202142857142857
0001 15.416428571428572
1000 15.630714285714285
0100 16.059285714285714
0020 16.273571428571426
0031 16.702142857142857
1000 16.91642857142857
0010 17.130714285714284
1010 17.345
1000 17.773571428571426
1100 17.98785714285714
0100 18.202142857142857
0010 18.630714285714284
0100 18.845
1000 19.059285714285714
0001 19.273571428571426
0100 19.48785714285714
0001 19.702142857142857
0100 19.916428571428572
0010 20.130714285714284
2010 20.345
3000 20.666428571428572
0102 20.77357142857143
0013 21.202142857142857
0210 21.41642857142857
0300 21.844999999999995
2100 22.05928571428571
3000 22.487857142857138
1002 22.702142857142853
0100 22.91642857142857
0200 23.130714285714284
0300 23.55928571428571
0020 23.773571428571426
0030 24.202142857142853
2000 24.41642857142857
0003 24.630714285714284
0200 24.845
0300 25.273571428571426
0020 25.48785714285714
0030 25.91642857142857
3002 26.130714285714284
1003 26.55928571428571
0010 26.773571428571426
0100 26.987857142857138
0002 27.202142857142853
2003 27.630714285714284
3001 28.05928571428571
1001 28.273571428571426
1000 28.48785714285714
0010 28.702142857142853
0100 28.91642857142857
0001 29.130714285714284
0010 29.23785714285714
0100 29.345
1000 29.452142857142853
0001 29.55928571428571
0100 29.773571428571426
0010 29.98785714285714
1000 30.202142857142857
0100 30.41642857142857
1000 30.630714285714284
0100 30.845
0010 31.059285714285714
0001 31.273571428571426
1000 31.48785714285714
0010 31.559285714285714
0100 31.630714285714284
0010 31.702142857142853
1000 31.91642857142857
0100 32.130714285714284
0010 32.345
0001 32.559285714285714
1000 32.77357142857142
0010 32.98785714285714
0100 33.20214285714285
0001 33.41642857142857
0010 33.630714285714284
0100 33.845
1000 34.059285714285714
0001 34.27357142857142
1000 34.48785714285714
0010 34.595
0100 34.70214285714285
0001 34.91642857142857
0010 35.02357142857142
0100 35.130714285714284
1000 35.345
0001 35.559285714285714
0100 35.77357142857143
0010 35.98785714285714
1000 36.095
0010 36.20214285714285
0100 36.41642857142857
0010 36.630714285714284
1000 36.845
0001 36.95214285714285
0010 37.059285714285714
0100 37.27357142857143
1000 37.487857142857145
0001 37.70214285714285
1000 37.91642857142857
0010 38.130714285714284
1000 38.345
0100 38.45214285714285
0010 38.559285714285714
0001 38.77357142857143
1000 38.987857142857145
0010 39.20214285714286
0100 39.41642857142857
0001 39.52357142857143
0001 39.737857142857145
1000 39.845
0100 40.059285714285714
0010 40.27357142857142
0001 40.38071428571428
1000 40.48785714285714
0001 40.54142857142857
1000 40.59499999999999
0100 40.80928571428571
0010 40.91642857142857
0001 41.13071428571428
1000 41.23785714285714
0010 41.45214285714285
0100 41.55928571428571
0001 41.98785714285714
1000 42.20214285714285
0100 42.41642857142857
0010 42.630714285714284
0100 42.84499999999999
1000 43.05928571428571
0001 43.16642857142857
0100 43.27357142857142
0010 43.48785714285714
1000 43.70214285714285
0100 43.91642857142857
0010 44.130714285714284
0001 44.345
1000 44.55928571428571
0010 44.77357142857142
0100 44.98785714285714
0001 45.20214285714285
0010 45.30928571428571
0100 45.41642857142857
1000 45.630714285714284
0001 45.845
0100 46.059285714285714
0010 46.27357142857142
1000 46.380714285714284
0001 46.595
1000 46.70214285714285
0100 46.91642857142857
0010 47.130714285714284
0001 47.345
1000 47.45214285714285
0001 47.559285714285714
0100 47.77357142857143
0010 47.880714285714284
1000 47.98785714285714
0010 48.095
0100 48.309285714285714
0001 48.41642857142857
1000 48.630714285714284
0100 48.845
0010 49.059285714285714
0100 49.27357142857143
1000 49.487857142857145
0001 49.70214285714285
0100 49.809285714285714
0010 50.02357142857143
1000 50.130714285714284
0100 50.345
0010 50.55928571428571
0001 50.77357142857142
1000 50.98785714285714
0010 51.20214285714285
0100 51.41642857142856
0001 51.63071428571428
0010 51.84499999999999
0100 52.05928571428571
1000 52.16642857142856
0100 52.27357142857142
1000 52.48785714285714
0001 52.70214285714285
0100 52.91642857142857
0010 53.13071428571428
1000 53.23785714285714
0001 53.45214285714285
1000 53.55928571428571
0100 53.77357142857142
2000 53.98785714285714
3001 54.84499999999999
0100 55.05928571428571
0010 55.16642857142857
1000 55.380714285714284
0010 55.48785714285714
1000 55.70214285714285
0100 55.91642857142857
0010 56.130714285714284
0001 56.23785714285714
1000 56.45214285714285
0001 56.66642857142857
0100 56.77357142857142
0010 56.98785714285714
1000 57.095
0001 57.30928571428571
1000 57.52357142857142
0100 57.630714285714284
0010 57.845
0001 57.95214285714285
1000 58.16642857142857
0010 58.380714285714284
0100 58.48785714285714
0001 58.70214285714285
0010 58.809285714285714
0100 58.91642857142857
1000 59.02357142857142
0010 59.23785714285714
1000 59.345
0001 59.559285714285714
0100 59.66642857142857
0010 59.880714285714284
1000 60.095
0100 60.20214285714285
0010 60.41642857142857
0001 60.52357142857143
1000 60.73785714285714
0001 60.95214285714285
0100 61.059285714285714
0010 61.27357142857143
1000 61.380714285714284
0001 61.595
0010 61.809285714285714
0100 61.91642857142857
0010 62.130714285714284
0001 62.237857142857145
1000 62.345
0001 62.45214285714285
1000 62.55928571428571
0100 62.66642857142856
0010 62.77357142857142
0001 62.88071428571428
1000 62.98785714285714
0010 63.09499999999999
0100 63.20214285714285
0001 63.30928571428571
1000 63.41642857142856
0001 63.52357142857142
0010 63.63071428571428
0100 63.73785714285714
0010 63.84499999999999
0001 63.95214285714285
1000 64.0592857142857
0010 64.16642857142857
0100 64.27357142857143
0010 64.38071428571428
1000 64.48785714285714
0001 64.595
0010 64.70214285714286
0001 64.8092857142857
1000 64.91642857142857
0010 65.02357142857142
0100 65.13071428571428
0001 65.23785714285714
1000 65.345
0100 65.45214285714285
0010 65.5592857142857
0001 65.66642857142857
1000 65.77357142857142
0001 65.88071428571428
0100 65.98785714285714
0110 66.41642857142857
1010 66.845
1001 67.27357142857143
0001 67.70214285714285
0010 67.91642857142855
0100 68.13071428571428
1000 68.23785714285714
0001 68.34499999999998
0100 68.45214285714285
0010 68.5592857142857
1030 68.98785714285714
0001 69.20214285714285
1000 69.41642857142857
0100 69.63071428571428
1100 69.845
1000 70.0592857142857
0001 70.27357142857143
0100 70.48785714285714
0101 70.70214285714286
0001 70.91642857142857
1000 71.13071428571428
0010 71.34499999999998
1010 71.5592857142857
1000 71.77357142857142
0001 71.98785714285714
0010 72.20214285714285
0110 72.41642857142857
0100 72.63071428571428
1000 72.845
0001 73.0592857142857
0101 73.27357142857143
0100 73.48785714285714
0010 73.70214285714286
1000 73.91642857142857
1010 74.13071428571429
0010 74.345
0100 74.5592857142857
0001 74.77357142857142
1001 74.98785714285714
1000 75.20214285714285
0100 75.41642857142857
0010 75.63071428571428
0011 75.845
0001 76.0592857142857
1000 76.27357142857143
0010 76.48785714285714
0110 76.70214285714286
0100 76.91642857142857
0001 77.13071428571429
1000 77.345
1100 77.55928571428572
0100 77.77357142857143
0010 77.98785714285714
0001 78.20214285714285
1001 78.41642857142857
1000 78.63071428571428
0010 78.845
0100 79.0592857142857
0101 79.27357142857143
0001 79.48785714285714
0010 79.70214285714285
0100 79.91642857142855
1100 80.13071428571428
1000 80.34499999999998
0001 80.5592857142857
0100 80.77357142857142
0101 80.98785714285714
0001 81.20214285714285
1000 81.41642857142857
0010 81.52357142857143
1000 81.63071428571428
0001 81.73785714285714
0010 81.845
0001 81.95214285714286
1000 82.0592857142857
0010 82.27357142857143
0100 82.48785714285714
0001 82.70214285714286
1000 82.91642857142857
0001 83.13071428571428
0010 83.34499999999998
0011 83.5592857142857
0001 83.77357142857142
1000 83.98785714285714
0010 84.20214285714285
0110 84.41642857142857
0100 84.63071428571428
0001 84.845
1000 85.0592857142857
1100 85.27357142857143
0100 85.48785714285714
0010 85.70214285714286
0001 85.91642857142857
1001 86.13071428571429
1000 86.345
0010 86.5592857142857
0100 86.77357142857142
0101 86.98785714285714
0001 87.20214285714285
0010 87.41642857142857
0100 87.63071428571428
0110 87.845
0010 88.0592857142857
0001 88.27357142857143
1000 88.48785714285714
1010 88.70214285714286
0010 88.91642857142857
0100 89.13071428571429
0001 89.345
0101 89.55928571428572
0100 89.77357142857143
0010 89.98785714285714
1000 90.20214285714285
1100 90.41642857142857
0100 90.63071428571428
0010 90.845
0001 91.0592857142857
1001 91.27357142857143
1000 91.48785714285714
0010 91.70214285714285
0100 91.91642857142855
0101 92.13071428571428
0001 92.34499999999998
0010 92.5592857142857
0100 92.77357142857142
1100 92.98785714285714
1000 93.20214285714285
0001 93.41642857142857
1000 93.48785714285714
0001 93.5592857142857
1000 93.63071428571428
0100 93.73785714285714
0010 93.845
0100 93.95214285714286
1000 94.0592857142857
0001 94.13071428571428
1000 94.20214285714286
0001 94.27357142857143
0100 94.38071428571428
0010 94.48785714285714
0100 94.595
0001 94.70214285714286
1000 94.77357142857143
0001 94.845
1000 94.91642857142857
0100 95.02357142857143
0010 95.13071428571428
0001 95.23785714285714
1000 95.34499999999998
0001 95.39857142857142
1000 95.45214285714285
0010 95.66642857142857
1000 95.77357142857142
0100 95.98785714285714
0010 96.09499999999998
0001 96.3092857142857
2000 96.41642857142857
3001 96.845
0100 96.95214285714286
0010 97.0592857142857
1000 97.16642857142857
0001 97.27357142857143
0010 97.38071428571429
0100 97.48785714285714
1000 97.595
0100 97.70214285714286
1000 97.8092857142857
0001 97.91642857142857
0100 98.02357142857143
0010 98.13071428571429
0100 98.23785714285714
0001 98.345
1000 98.45214285714286
0100 98.5592857142857
0010 98.66642857142857
0001 98.77357142857142
1000 98.88071428571428
0001 98.98785714285714
0100 99.095
0010 99.20214285714285
1000 99.3092857142857
0001 99.41642857142857
0010 99.52357142857142
0001 99.63071428571428
1000 99.73785714285714
0010 99.845
1000 99.95214285714285
0001 100.0592857142857
0010 100.16642857142857
0100 100.27357142857142
1000 100.38071428571428
0100 100.48785714285712
1000 100.59499999999998
0001 100.70214285714285
0100 100.8092857142857
0001 100.91642857142855
0100 101.02357142857142
0010 101.13071428571428
1000 101.23785714285712
0001 101.34499999999998
1000 101.45214285714285
0100 101.5592857142857
0010 101.66642857142855
0001 101.77357142857142
0010 101.88071428571428
0001 101.98785714285714
1000 102.095
0010 102.20214285714285
0100 102.3092857142857
0001 102.41642857142857
1000 102.52357142857143
0001 102.63071428571428
0010 102.73785714285714
0100 102.845
1000 102.95214285714285
0100 103.0592857142857
0010 103.16642857142857
0100 103.27357142857143
1000 103.38071428571428
0001 103.48785714285714
0100 103.595
0001 103.70214285714285
1000 103.8092857142857
0100 103.91642857142855
0010 104.02357142857142
0001 104.13071428571428
1000 104.23785714285714
0010 104.34499999999998
0100 104.45214285714285
0001 104.5592857142857
1000 104.66642857142855
0001 104.77357142857142
0010 104.88071428571428
0001 104.98785714285714
1000 105.09499999999998
0001 105.20214285714285
0010 105.3092857142857
0100 105.41642857142857
1000 105.52357142857143
0100 105.63071428571428
1000 105.73785714285714
0001 105.845
0100 105.95214285714286
0010 106.0592857142857
0100 106.16642857142857
0001 106.27357142857143
1000 106.38071428571428
0001 106.48785714285714
0010 106.595
0100 106.70214285714286
1000 106.8092857142857
0100 106.91642857142857
1000 107.02357142857143
0001 107.13071428571428
0100 107.23785714285714
0010 107.34499999999998
1000 107.45214285714285
0001 107.5592857142857
1000 107.66642857142857
0100 107.77357142857142
0010 107.88071428571428
0001 107.98785714285714
0010 108.09499999999998
0001 108.20214285714285
1000 108.3092857142857
0010 108.41642857142857
0100 108.52357142857142
0010 108.63071428571428
1000 108.73785714285714
0001 108.845
0010 109.0592857142857
0001 109.16642857142857
1000 109.38071428571429
0010 109.48785714285714
0100 109.70214285714286
0001 109.8092857142857
1000 110.02357142857143
0001 110.13071428571429
2000 110.345
3001 110.5592857142857
0010 110.66642857142857
0100 110.77357142857142
0010 110.98785714285714
0001 111.095
1000 111.3092857142857
0010 111.52357142857142
0100 111.63071428571428
0001 111.845
1000 111.95214285714285
0100 112.0592857142857
0010 112.16642857142857
0001 112.27357142857142
1000 112.38071428571428
0001 112.48785714285712
0100 112.70214285714285
0010 112.8092857142857
1000 113.02357142857142
0001 113.23785714285712
0010 113.34499999999998
0100 113.5592857142857
0010 113.66642857142855
0001 113.77357142857142
1000 113.88071428571428
0001 113.98785714285714
0100 114.095
0010 114.20214285714285
1000 114.41642857142857
0001 114.52357142857143
1000 114.73785714285714
0100 114.95214285714285
0010 115.0592857142857
0100 115.27357142857143
1000 115.38071428571428
0001 115.48785714285714
0100 115.595
0010 115.70214285714285
1000 115.8092857142857
0001 115.91642857142855
1000 116.13071428571428
0100 116.23785714285714
1000 116.45214285714285
0001 116.66642857142855
0100 116.77357142857142
0010 116.98785714285714
0100 117.09499999999998
0001 117.20214285714285
1000 117.3092857142857
0100 117.41642857142857
0010 117.52357142857143
0001 117.63071428571428
1000 117.845
0001 117.95214285714286
0100 118.16642857142857
0010 118.38071428571428
1000 118.48785714285714
0001 118.70214285714286
0010 118.8092857142857
0100 118.91642857142857
0010 119.02357142857143
0001 119.13071428571428
1000 119.23785714285714
0001 119.34499999999998
0100 119.5592857142857
0010 119.66642857142857
1000 119.88071428571428
0001 120.09499999999998
0010 120.20214285714285
0100 120.41642857142857
0010 120.52357142857142
0001 120.63071428571428
1000 120.73785714285714
0001 120.845
0100 120.95214285714286
0010 121.0592857142857
1000 121.27357142857143
0001 121.38071428571429
0010 121.595
0100 121.8092857142857
0010 121.91642857142857
0001 122.13071428571429
1000 122.23785714285714
0001 122.345
0100 122.45214285714286
0010 122.5592857142857
1000 122.66642857142857
0001 122.77357142857142
1000 122.98785714285714
0100 123.095
0010 123.3092857142857
0001 123.52357142857142
2000 123.63071428571428
3000 124.27357142857142
