TITLE Mischievous Function
BPM   150.0
NOTES
0002 4.573
1003 4.973000000000001
1100 5.273000000000001
1010 5.573
0001 5.973000000000001
0001 6.173000000000001
1000 6.373000000000001
1000 6.573
0100 6.773000000000001
0010 6.973000000000001
0100 7.173
1000 7.273000000000001
0010 7.573
0010 7.773000000000001
0100 7.973000000000001
0100 8.173
0010 8.373
0100 8.573
0001 8.773
1000 8.873
0100 9.173
0100 9.373
1000 9.573
1000 9.773000000000001
0001 9.973
1000 10.173000000000002
0010 10.373000000000001
0100 10.473
0010 10.773000000000001
0010 10.973
1000 11.173000000000002
0200 11.373000000000001
0300 11.623000000000001
0100 11.673000000000002
0010 11.773000000000001
0200 11.973
0310 12.373000000000001
0020 12.573000000000002
0030 12.923000000000002
0011 12.973
0001 13.173
1000 13.373000000000001
0010 13.573
0100 13.673
0001 13.973
0001 14.173
0100 14.373000000000001
0100 14.573
0010 14.773
1000 14.973
0100 15.173
0010 15.273
0001 15.573
0001 15.773000000000001
1000 15.973
1000 16.173
0010 16.372999999999998
0100 16.572999999999997
0001 16.773
0100 16.872999999999998
0010 17.173
0010 17.372999999999998
0100 17.572999999999997
0002 17.773
0003 18.023
0001 18.073
0010 18.173
0002 18.373
0013 18.773
0200 18.973
0300 19.323
1100 19.373
1000 19.573
0001 19.673000000000002
1000 19.773
0010 19.973000000000003
0100 20.073
0010 20.173000000000002
0100 20.273
0001 20.373
1000 20.473000000000003
0100 20.573
0010 20.773
0001 20.873
1000 20.973
0001 21.173
0100 21.273
0010 21.372999999999998
1000 21.573
0100 21.673
1000 21.773
0010 21.872999999999998
0100 21.973
0010 22.073
2000 22.173
3001 22.573
0100 22.773
0010 22.973
1000 23.173000000000002
1000 23.373
0010 23.573
0100 23.773
0001 23.973
0001 24.173
0100 24.372999999999998
0100 24.572999999999997
0010 24.773
0100 24.973
0001 25.173
1001 25.372999999999998
1000 25.572999999999997
0001 25.773
0100 25.973
0010 26.173
0100 26.373
0100 26.573
0010 26.773
1000 26.973
0001 27.173
0001 27.373
1000 27.573
1000 27.773
0010 27.973000000000003
0001 28.173000000000002
0010 28.373
0001 28.573
0010 28.773
1000 28.973
0001 29.173
0100 29.372999999999998
0001 29.573
0001 29.773
0100 29.973
0010 30.173
0100 30.372999999999998
0100 30.573
0001 30.819153846153846
0001 31.065307692307695
1000 31.31146153846154
0001 31.557615384615385
0001 31.926846153846153
0001 32.173
1000 32.373000000000005
0010 32.573
0100 32.773
0100 32.973
0001 33.173
1000 33.373000000000005
0001 33.573
0001 33.773
0010 33.973000000000006
0010 34.173
0001 34.373000000000005
1000 34.573
0001 34.673
1000 34.873000000000005
0001 34.973000000000006
0010 35.173
0001 35.273
1000 35.373000000000005
0010 35.57300000000001
0100 35.773
0010 35.973000000000006
0010 36.173
1000 36.373000000000005
0001 36.57300000000001
0100 36.773
0100 36.973000000000006
0001 37.17300000000001
0001 37.373000000000005
0010 37.57300000000001
0100 37.773
1000 37.973000000000006
1001 38.17300000000001
0001 38.373000000000005
0100 38.57300000000001
0010 38.77300000000001
0100 38.973000000000006
0001 39.17300000000001
0001 39.373000000000005
0010 39.57300000000001
0100 39.77300000000001
1000 39.973000000000006
1000 40.173
0001 40.373000000000005
0001 40.573
0100 40.773
1000 40.973
0100 41.173
1000 41.373000000000005
0100 41.573
0001 41.773
0010 41.973000000000006
0100 42.173
1000 42.373000000000005
1000 42.573
0100 42.773
0010 42.973000000000006
0001 43.173
0001 43.373000000000005
0010 43.57300000000001
0010 43.773
0100 43.973000000000006
1000 44.173
0001 44.373000000000005
1000 44.57300000000001
0001 44.773
0010 44.973000000000006
0001 45.17300000000001
0100 45.373000000000005
0001 45.57300000000001
0001 45.773
1000 45.973000000000006
0001 46.17300000000001
0100 46.373000000000005
0100 46.57300000000001
0010 46.77300000000001
0010 46.973000000000006
1000 47.17300000000001
0001 47.373000000000005
1000 47.473000000000006
0001 47.67300000000001
1000 47.77300000000001
0100 47.973000000000006
0010 48.07300000000001
0100 48.173
1000 48.373000000000005
1000 48.573
0001 48.773
0001 48.973
0100 49.173
0100 49.373000000000005
0010 49.573
1000 49.673
0001 49.873000000000005
0010 49.973000000000006
0100 50.173
0100 50.373000000000005
1000 50.573
1000 50.773
0001 51.173
1000 51.273
0001 51.373000000000005
0100 51.57300000000001
0100 51.773
0001 51.973000000000006
0001 52.173
1000 52.373000000000005
0100 52.57300000000001
0010 52.673
0001 52.773
1000 52.873000000000005
0001 52.973000000000006
0100 53.17300000000001
0010 53.273
0100 53.373000000000005
0010 53.473000000000006
1000 53.57300000000001
0001 53.773
0100 53.973000000000006
0010 54.373000000000005
1000 54.473000000000006
0010 54.57300000000001
0100 54.67300000000001
0001 54.77300000000001
0001 54.973000000000006
1000 55.17300000000001
0100 55.27300000000001
0010 55.373000000000005
0100 55.473000000000006
1000 55.57300000000001
0001 55.67300000000001
0010 55.973000000000006
0100 56.07300000000001
1000 56.173
0001 56.373000000000005
0001 56.573
0100 56.773
0010 56.873000000000005
1000 56.973
0001 57.073
0010 57.173
0100 57.573
1000 57.673
0001 57.773
1000 57.873000000000005
0100 57.973000000000006
0010 58.073
0001 58.173
1000 58.373000000000005
0010 58.473000000000006
0100 58.573
0010 58.673
1000 58.773
0001 58.873000000000005
0100 58.973000000000006
0001 59.073
1010 59.373000000000005
1000 59.57300000000001
0010 59.673
0101 59.973000000000006
0001 60.373000000000005
0001 60.57300000000001
1000 60.773
1000 60.973000000000006
0100 61.17300000000001
0010 61.373000000000005
0100 61.57300000000001
1000 61.67300000000001
0010 61.973000000000006
0010 62.17300000000001
0100 62.373000000000005
0100 62.57300000000001
0010 62.77300000000001
0100 62.973000000000006
0001 63.17300000000001
1000 63.27300000000001
0100 63.57300000000001
0100 63.77300000000001
1000 63.973000000000006
1000 64.173
0001 64.373
1000 64.57300000000001
0010 64.773
0100 64.873
0010 65.173
0010 65.373
1000 65.57300000000001
0200 65.77300000000001
0300 66.02300000000001
0100 66.07300000000001
0010 66.17300000000002
0200 66.373
0310 66.77300000000001
0020 66.97300000000001
0030 67.32300000000001
0011 67.373
0001 67.57300000000001
1000 67.77300000000001
0010 67.973
0100 68.07300000000001
0001 68.373
0001 68.57300000000001
0100 68.77300000000001
0100 68.973
0010 69.173
1000 69.373
0100 69.573
0010 69.673
0001 69.973
0001 70.173
1000 70.373
1000 70.57300000000001
0010 70.77300000000001
0100 70.97300000000001
0001 71.173
0100 71.27300000000001
0010 71.57300000000001
0010 71.77300000000001
0100 71.97300000000001
0002 72.173
0003 72.423
0001 72.473
0010 72.57300000000001
0002 72.773
0013 73.173
0200 73.373
0300 73.723
1100 73.77300000000001
1000 74.41300000000001
0100 74.51966666666668
1000 74.62633333333335
0001 74.83966666666667
0010 75.05300000000001
1000 75.15966666666668
0001 75.373
0100 75.57300000000001
0001 75.77300000000001
1000 75.973
0001 76.173
0100 76.373
0001 76.57300000000001
2000 76.77300000000001
3000 77.77300000000001
0001 77.97300000000001
0001 78.17300000000002
1000 78.37300000000002
1000 78.57300000000001
0100 78.77300000000001
1000 78.97300000000001
0020 79.173
0130 79.57300000000001
0010 79.97300000000001
1000 80.07300000000001
0001 80.173
0100 80.373
0200 80.57300000000001
0300 80.973
0001 81.173
0001 81.373
1000 81.57300000000001
1000 81.77300000000001
0010 81.97300000000001
0100 82.17300000000002
0002 82.373
0103 82.77300000000001
0100 82.97300000000001
0020 83.17300000000002
1030 83.57300000000001
2000 83.77300000000001
3000 84.57300000000001
0010 84.77300000000001
0010 84.873
0001 84.97300000000001
0010 85.17300000000002
0001 85.37300000000002
2000 85.57300000000001
3001 85.97300000000001
0200 86.17300000000002
0301 86.57300000000001
1000 86.77300000000001
0010 86.873
1000 86.97300000000001
0001 87.173
0100 87.27300000000001
0001 87.373
1000 87.47300000000001
0001 87.57300000000001
0010 87.673
0001 87.77300000000001
1000 87.97300000000001
0100 88.07300000000001
0010 88.173
0001 88.40157142857143
0100 88.51585714285714
0001 88.63014285714286
1000 88.85871428571429
0010 88.973
0100 89.08728571428571
0010 89.20157142857143
0001 89.31585714285714
