TITLE Miss You
BPM   132.0
NOTES
1001 7.360727272727273
1000 7.588
0100 7.701636363636363
1000 7.815272727272727
0001 7.928909090909091
0100 8.042545454545454
0110 8.26981818181818
1030 9.17890909090909
0010 9.406181818181816
1000 9.51981818181818
0010 9.633454545454544
0100 9.747090909090907
0001 9.86072727272727
1001 10.087999999999997
1000 10.315272727272726
0100 10.42890909090909
0020 10.542545454545452
0001 10.769818181818179
0030 10.95921212121212
0011 10.997090909090907
0001 11.224363636363634
1000 11.338
0001 11.451636363636363
0010 11.565272727272726
0100 11.67890909090909
0110 11.906181818181816
0031 12.815272727272726
0010 13.042545454545452
0001 13.156181818181818
1000 13.26981818181818
0001 13.383454545454544
0100 13.497090909090907
2000 13.724363636363634
3200 14.17890909090909
0301 14.633454545454544
0100 14.86072727272727
0001 14.974363636363636
0100 15.088
0010 15.201636363636363
1000 15.315272727272726
0001 15.42890909090909
0010 15.542545454545452
0130 16.451636363636364
0010 16.67890909090909
0001 16.792545454545454
0010 16.906181818181818
0100 17.01981818181818
1000 17.133454545454548
1010 17.360727272727274
0010 17.588
0100 17.701636363636364
0002 17.815272727272728
1003 18.042545454545454
0011 18.26981818181818
0010 18.497090909090907
0100 18.61072727272727
1000 18.724363636363634
0001 18.837999999999997
0100 18.951636363636364
0110 19.17890909090909
1030 20.088
0010 20.315272727272728
1000 20.42890909090909
0010 20.542545454545454
0100 20.656181818181818
0001 20.769818181818184
2000 20.99709090909091
0001 21.224363636363638
3100 21.451636363636364
1000 21.67890909090909
1010 21.906181818181818
0010 22.133454545454544
0100 22.247090909090907
0010 22.36072727272727
0100 22.474363636363634
1000 22.588
1100 22.815272727272728
0310 23.724363636363638
0100 23.951636363636364
0001 24.065272727272728
0100 24.17890909090909
0001 24.292545454545454
1000 24.40618181818182
0011 24.633454545454548
0010 24.860727272727274
0100 25.088
1000 25.315272727272728
1100 25.542545454545454
0100 25.76981818181818
0010 25.883454545454544
0100 25.997090909090907
0010 26.11072727272727
1000 26.224363636363638
1010 26.451636363636364
0130 27.360727272727274
1100 27.701636363636364
1001 28.042545454545458
0110 28.269818181818184
1000 28.49709090909091
0001 28.724363636363638
0101 29.17890909090909
0100 29.406181818181818
0010 29.51981818181818
0100 29.633454545454544
0010 29.747090909090907
0001 29.860727272727274
0011 30.088
0130 30.997090909090907
0010 31.224363636363634
1000 31.337999999999997
0010 31.45163636363636
1000 31.565272727272724
0001 31.67890909090909
0011 31.906181818181818
0010 32.13345454545454
0100 32.360727272727274
2000 32.588
0100 32.81527272727273
3001 33.042545454545454
1000 33.15618181818182
0001 33.26981818181818
1000 33.38345454545455
0100 33.49709090909091
0101 33.724363636363634
0310 34.63345454545455
0011 34.97436363636364
1001 35.31527272727273
0101 35.542545454545454
0010 35.76981818181818
1000 36.45163636363636
1000 36.67890909090909
0100 36.906181818181814
0100 37.13345454545454
0010 37.36072727272727
0010 37.587999999999994
0100 37.81527272727273
0100 38.042545454545454
1000 38.26981818181818
1000 38.49709090909091
0001 38.724363636363634
0001 38.95163636363636
0100 39.17890909090909
0100 39.406181818181814
0010 39.63345454545455
0010 39.860727272727274
1000 40.088
1000 40.31527272727273
0001 40.542545454545454
0001 40.76981818181818
1000 40.99709090909091
1000 41.224363636363634
0100 41.45163636363637
0010 41.678909090909094
0001 41.90618181818182
0010 42.13345454545455
0100 42.360727272727274
1000 42.588
0010 42.81527272727273
1000 43.042545454545454
0001 43.26981818181819
0100 43.497090909090915
0001 43.572848484848485
0100 43.64860606060606
0010 43.724363636363634
1000 43.838
0010 43.95163636363636
1000 44.06527272727273
0001 44.17890909090909
0100 44.292545454545454
0001 44.406181818181814
0100 44.51981818181818
0010 44.63345454545454
1000 44.74709090909091
0001 44.86072727272727
0100 44.974363636363634
0010 45.088
0100 45.20163636363636
0001 45.31527272727273
1000 45.42890909090909
0100 45.542545454545454
1000 45.65618181818182
0100 45.76981818181818
1000 45.88345454545455
0001 45.99709090909091
0010 46.110727272727274
0001 46.224363636363634
0010 46.338
0100 46.45163636363636
1000 46.56527272727273
0100 46.67890909090909
0010 46.792545454545454
0001 46.90618181818182
1000 47.01981818181818
0010 47.13345454545455
0100 47.24709090909091
0001 47.360727272727274
1000 47.47436363636364
0100 47.588
1000 47.70163636363637
0010 47.81527272727273
1000 47.928909090909094
0100 48.042545454545454
0010 48.15618181818182
0001 48.26981818181818
1000 48.38345454545455
0001 48.49709090909091
0100 48.610727272727274
0001 48.72436363636364
0010 48.838
0001 48.95163636363637
0100 49.06527272727273
0020 49.17890909090909
2030 49.406181818181814
3002 49.63345454545454
0023 49.86072727272727
0230 50.087999999999994
2300 50.31527272727272
3010 50.542545454545454
0202 50.99709090909091
0303 52.09557575757576
0001 52.13345454545454
0010 52.24709090909091
0100 52.360727272727274
1000 52.474363636363634
0001 52.588
1000 52.70163636363636
2200 52.81527272727273
3300 53.68648484848485
1002 53.724363636363634
0100 54.06527272727273
1000 54.40618181818182
0003 54.59557575757576
0021 54.63345454545455
0100 54.860727272727274
0032 55.31527272727273
1003 55.542545454545454
0010 55.76981818181818
1000 55.88345454545455
0010 55.997090909090915
0100 56.110727272727274
0001 56.167545454545454
0100 56.22436363636364
0010 56.338
2020 56.45163636363636
3030 57.322848484848485
1002 57.36072727272727
0010 57.70163636363636
1000 58.042545454545454
0003 58.23193939393939
0201 58.26981818181818
0010 58.49709090909091
0001 58.95163636363636
0310 59.406181818181814
1000 59.51981818181818
0010 59.63345454545455
0100 59.74709090909091
0001 59.860727272727274
1000 59.974363636363634
0200 60.088
0010 60.31527272727273
1000 60.76981818181818
0300 60.959212121212126
2100 60.99709090909091
0001 61.224363636363634
0010 61.678909090909094
3000 61.86830303030303
1020 61.906181818181814
0100 62.13345454545454
1000 62.587999999999994
0230 63.04254545454545
0302 63.26981818181818
2003 63.49709090909091
3200 63.724363636363634
0310 64.17890909090909
0001 64.33042424242423
1000 64.4061818181818
0001 64.48193939393938
0100 64.63345454545454
0010 64.78496969696968
1000 64.86072727272726
0010 64.93648484848484
0100 65.088
0001 65.16375757575757
0100 65.23951515151514
0001 65.31527272727271
1000 65.39103030303029
0020 65.54254545454545
0130 65.9970909090909
0001 66.11072727272726
1000 66.338
0100 66.45163636363635
1000 66.56527272727271
0001 66.67890909090909
0100 66.79254545454545
0020 66.9061818181818
2030 67.13345454545454
3000 67.36072727272726
0011 67.588
2100 68.04254545454545
3010 68.4970909090909
1000 68.72436363636362
0001 68.95163636363635
0101 69.17890909090909
0101 69.40618181818182
0101 69.63345454545454
2001 69.86072727272727
3100 70.31527272727273
1000 70.42890909090909
0001 70.54254545454545
1000 70.65618181818182
0001 70.76981818181818
1000 70.88345454545454
0100 70.9970909090909
0001 71.22436363636363
0100 71.45163636363635
0010 71.67890909090909
0001 71.79254545454545
0010 71.9061818181818
0100 72.01981818181817
1000 72.13345454545454
0001 72.2470909090909
0100 72.36072727272726
0320 72.81527272727271
1030 73.26981818181817
0010 73.38345454545453
0100 73.61072727272726
0001 73.72436363636362
1000 73.83799999999998
0100 74.06527272727271
0010 74.17890909090907
0001 74.29254545454545
1000 74.4061818181818
0010 74.51981818181817
0100 74.63345454545454
0010 74.7470909090909
1000 74.86072727272727
0001 74.97436363636363
0020 75.088
0032 75.31527272727273
0100 75.54254545454545
0003 75.76981818181818
1000 75.9970909090909
0010 76.11072727272727
1000 76.22436363636363
0100 76.338
0020 76.45163636363635
0030 76.86830303030303
0020 76.9061818181818
0030 77.32284848484848
0020 77.36072727272726
0030 77.77739393939393
0011 77.81527272727271
0010 78.04254545454545
0200 78.26981818181817
0300 78.4970909090909
2000 78.72436363636362
0001 78.95163636363635
0100 79.17890909090907
0001 79.4061818181818
3020 79.63345454545453
0100 79.86072727272726
1000 80.088
0100 80.31527272727273
0031 80.54254545454545
0010 80.76981818181818
1000 80.9970909090909
0100 81.22436363636363
0001 81.45163636363635
0200 81.67890909090909
0010 81.9061818181818
1300 82.13345454545454
0002 82.36072727272726
0010 82.588
1000 82.81527272727271
0100 83.04254545454545
0023 83.26981818181817
0100 83.4970909090909
0001 83.72436363636363
0100 83.95163636363637
1030 84.17890909090909
0010 84.40618181818182
0001 84.63345454545454
1000 84.86072727272727
0010 85.088
0200 85.31527272727273
1000 85.54254545454545
0010 85.76981818181818
0301 85.9970909090909
0100 86.11072727272726
0001 86.22436363636363
1000 86.45163636363635
0100 86.56527272727271
1000 86.67890909090909
0001 86.9061818181818
0010 87.01981818181818
0100 87.13345454545454
1000 87.36072727272726
0001 87.47436363636362
0100 87.588
2000 87.70163636363635
3100 87.92890909090907
0001 88.04254545454545
1000 88.26981818181817
0100 88.38345454545453
0010 88.4970909090909
0001 88.72436363636362
1000 88.838
0020 88.95163636363635
0032 89.17890909090909
0023 89.40618181818182
1030 89.63345454545454
0001 89.7470909090909
0010 89.86072727272727
0100 90.088
1000 90.20163636363635
0001 90.31527272727273
1000 90.54254545454545
0100 90.65618181818182
0020 90.76981818181818
2030 90.9970909090909
3020 91.22436363636363
0031 91.45163636363635
1000 91.56527272727271
0010 91.67890909090909
0100 91.9061818181818
0001 92.01981818181817
1000 92.13345454545454
0100 92.36072727272726
0010 92.588
0001 92.81527272727271
1000 93.04254545454545
0010 93.26981818181817
2002 107.81527272727271
3000 108.23193939393938
2000 108.26981818181817
0003 108.4592121212121
0002 108.4970909090909
3000 108.68648484848484
2000 108.72436363636362
3003 109.14103030303029
0001 109.17890909090909
0003 109.63345454545454
1010 109.86072727272727
0102 110.31527272727273
0013 110.9970909090909
0130 111.45163636363635
1000 111.67890909090909
0001 111.9061818181818
0201 112.13345454545454
0310 112.81527272727271
0010 113.04254545454545
1000 113.26981818181817
0001 113.4970909090909
1000 113.72436363636362
0010 113.95163636363635
1000 114.06527272727271
0010 114.17890909090907
0100 114.29254545454545
0001 114.4061818181818
1000 114.51981818181817
0100 114.63345454545454
0320 115.088
0031 115.54254545454545
0010 115.6561818181818
0001 115.88345454545454
1000 115.9970909090909
0010 116.11072727272727
1000 116.338
0001 116.45163636363635
0010 116.56527272727271
0001 116.67890909090909
0010 116.79254545454545
0100 116.9061818181818
1000 117.01981818181817
0100 117.13345454545454
1000 117.2470909090909
0020 117.36072727272726
2030 117.588
0001 117.81527272727271
3000 118.04254545454545
0100 118.26981818181817
0010 118.38345454545453
0100 118.4970909090909
1000 118.61072727272726
0020 118.72436363636362
0030 119.14103030303029
0020 119.17890909090907
0030 119.59557575757574
0020 119.63345454545453
0030 120.0501212121212
0110 120.088
0010 120.31527272727273
1002 120.54254545454545
1003 120.9970909090909
0100 121.11072727272726
2100 121.22436363636363
3010 121.67890909090909
0100 121.79254545454545
0002 121.9061818181818
0003 121.94406060606059
0100 122.01981818181817
0010 122.13345454545454
1000 122.2470909090909
1002 122.36072727272726
1003 122.81527272727271
0001 123.04254545454545
0010 123.1561818181818
0001 123.26981818181817
1000 123.38345454545454
0010 123.4970909090909
1000 123.61072727272726
0100 123.72436363636362
0010 123.83799999999998
0001 123.95163636363635
1000 124.06527272727271
1010 124.4061818181818
0201 124.86072727272726
1300 125.31527272727271
0100 125.42890909090907
0010 125.54254545454545
0100 125.6561818181818
0001 125.76981818181818
1000 125.88345454545454
0100 125.9970909090909
1100 126.22436363636363
1100 126.45163636363635
1002 126.67890909090909
0103 127.13345454545454
0001 127.2470909090909
1000 127.36072727272726
0001 127.47436363636362
1000 127.588
0001 127.70163636363635
0100 127.81527272727271
0110 128.1561818181818
0101 128.4970909090909
1100 128.95163636363634
0021 129.4061818181818
0100 129.86072727272727
0031 130.088
0010 130.20163636363637
0001 130.4289090909091
1000 130.54254545454546
0001 130.6561818181818
0100 130.88345454545455
0001 130.9970909090909
1000 131.11072727272727
0001 131.22436363636362
0010 131.338
0100 131.45163636363637
0010 131.5652727272727
0001 131.6789090909091
1000 131.79254545454543
0020 131.9061818181818
2030 132.13345454545453
0100 132.36072727272727
3000 132.588
0001 132.8152727272727
0010 132.9289090909091
0001 133.04254545454543
0100 133.1561818181818
0020 133.26981818181818
0030 133.68648484848484
0020 133.72436363636362
0030 134.14103030303028
0020 134.1789090909091
0030 134.59557575757574
1010 134.63345454545453
0010 134.86072727272725
0200 135.088
0300 135.50466666666665
0200 135.54254545454543
0300 135.9592121212121
0200 135.9970909090909
0300 136.45163636363634
1001 136.9061818181818
