TITLE Mother Ocean
BPM   145.0
NOTES
0001 7.025689655172414
1000 7.232586206896552
0010 7.43948275862069
0100 7.646379310344828
0001 7.749827586206897
1000 7.956724137931035
0001 8.060172413793103
0010 8.267068965517241
0100 8.473965517241378
0010 8.680862068965517
0001 8.887758620689656
1000 9.094655172413793
0010 9.301551724137932
0100 9.508448275862069
0001 9.715344827586208
1000 9.922241379310345
0100 10.129137931034483
0010 10.33603448275862
0001 10.54293103448276
1000 10.749827586206896
0001 10.956724137931035
0100 11.060172413793103
0010 11.267068965517241
0100 11.37051724137931
0001 11.577413793103448
1000 11.784310344827587
0100 12.198103448275862
0010 12.715344827586206
0001 12.922241379310345
1000 13.232586206896551
0001 13.646379310344827
0100 13.853275862068966
0010 14.060172413793103
1000 14.267068965517241
0001 14.370517241379309
1000 14.577413793103448
0100 14.680862068965517
0010 14.887758620689654
0100 15.094655172413793
1000 15.30155172413793
0001 15.508448275862069
0100 15.715344827586206
0010 15.922241379310345
0100 16.12913793103448
0001 16.33603448275862
1000 16.54293103448276
0001 16.749827586206898
0010 16.956724137931037
0100 17.163620689655176
0010 17.370517241379314
0001 17.57741379310345
1000 17.68086206896552
0001 17.887758620689656
0100 17.991206896551727
0001 18.198103448275866
1000 18.405
0100 18.61189655172414
1000 18.81879310344828
0010 19.025689655172418
0100 19.232586206896553
0001 19.43948275862069
1000 19.64637931034483
0100 19.85327586206897
0010 20.060172413793104
0001 20.163620689655176
0010 20.267068965517243
0100 20.37051724137931
1000 20.473965517241382
0001 20.68086206896552
0100 20.887758620689656
0010 21.094655172413795
1000 21.301551724137934
0001 21.508448275862072
0010 21.715344827586208
0001 21.81879310344828
1000 21.922241379310346
0010 22.025689655172414
0100 22.232586206896553
0001 22.336034482758624
1000 22.43948275862069
0100 22.64637931034483
0010 22.749827586206898
0001 22.853275862068966
1000 23.060172413793104
0001 23.163620689655176
0100 23.267068965517243
0001 23.37051724137931
1000 23.473965517241382
0100 23.57741379310345
1000 23.629137931034485
0300 26.78431034482759
3001 26.887758620689656
0010 27.094655172413795
0001 27.301551724137934
1000 27.50844827586207
0010 27.715344827586208
0100 27.922241379310346
0001 28.025689655172414
1000 28.129137931034485
0100 28.33603448275862
0010 28.54293103448276
0001 28.749827586206898
1000 28.853275862068966
0001 28.956724137931037
0100 29.163620689655172
0010 29.37051724137931
1000 29.47396551724138
0001 29.680862068965517
1000 29.78431034482759
0100 29.991206896551724
0010 30.198103448275862
0001 30.405
1000 30.61189655172414
0010 30.818793103448275
0100 31.025689655172414
0001 31.232586206896553
1000 31.33603448275862
0100 31.43948275862069
1000 31.646379310344827
0001 31.853275862068966
0010 32.060172413793104
1000 32.26706896551724
0010 32.47396551724138
0001 32.68086206896552
1000 32.991206896551724
0010 33.30155172413793
1000 33.50844827586207
0100 33.71534482758621
0010 33.92224137931035
0001 34.129137931034485
0010 34.33603448275863
0001 34.54293103448276
1000 34.646379310344834
0010 34.7498275862069
0100 34.95672413793104
0001 35.163620689655176
1000 35.37051724137931
0100 35.47396551724138
0010 35.57741379310345
0001 35.78431034482759
1000 35.99120689655173
0001 36.094655172413795
0010 36.405
0100 36.50844827586207
1000 36.71534482758621
0001 36.81879310344828
0100 37.025689655172414
0010 37.232586206896556
1000 37.43948275862069
0001 37.646379310344834
1000 37.85327586206897
0010 37.95672413793104
0100 38.060172413793104
0001 38.26706896551725
1000 38.47396551724138
1000 38.57741379310345
1000 38.78431034482759
1000 38.991206896551724
1000 39.198103448275866
0100 39.30155172413794
0010 39.50844827586207
0001 39.71534482758621
1001 40.129137931034485
1000 40.33603448275862
0010 40.54293103448276
0100 40.7498275862069
0001 40.95672413793104
1000 41.163620689655176
0100 41.26706896551725
0010 41.37051724137931
0001 41.57741379310345
1000 41.78431034482759
0010 41.991206896551724
0100 42.094655172413795
0001 42.198103448275866
1000 42.405
0001 42.61189655172414
0010 42.71534482758621
0001 42.92224137931035
1000 43.025689655172414
0100 43.232586206896556
1000 43.43948275862069
0001 43.64637931034483
0100 43.85327586206897
0010 44.060172413793104
1000 44.26706896551725
0001 44.47396551724138
0010 44.57741379310345
0100 44.68086206896552
0010 44.88775862068966
0002 45.094655172413795
0100 45.30155172413793
2003 45.50844827586207
0100 45.71534482758621
3002 45.92224137931035
0100 46.129137931034485
1003 46.33603448275862
0100 46.54293103448276
0010 46.7498275862069
0001 46.95672413793103
1000 47.163620689655176
0010 47.37051724137931
0100 47.57741379310345
0001 47.78431034482759
1000 47.88775862068966
0100 47.991206896551724
0010 48.198103448275866
0001 48.405
1000 48.611896551724136
0010 48.71534482758621
0100 48.81879310344828
0001 49.025689655172414
1000 49.232586206896556
0100 49.33603448275862
0010 49.64637931034483
0100 49.7498275862069
1000 49.95672413793103
0001 50.060172413793104
0100 50.26706896551724
0010 50.47396551724138
1000 50.68086206896552
0001 50.88775862068966
1000 51.094655172413795
0100 51.198103448275866
0010 51.30155172413793
0001 51.50844827586207
2000 51.71534482758621
3020 51.92224137931034
0230 52.129137931034485
0302 52.33603448275862
2003 52.54293103448276
3000 52.95672413793103
0001 53.37051724137931
0010 53.47396551724138
0100 53.68086206896552
1000 53.991206896551724
0010 54.094655172413795
0100 54.198103448275866
0001 54.30155172413793
1000 54.50844827586207
0100 54.81879310344828
0010 54.92224137931034
0001 55.025689655172414
0010 55.129137931034485
0100 55.33603448275862
0010 55.64637931034483
0001 55.7498275862069
1000 55.85327586206897
0010 55.95672413793103
0100 56.163620689655176
0001 56.47396551724138
0010 56.577413793103446
0100 56.68086206896552
1000 56.78431034482759
0001 56.991206896551724
0100 57.30155172413793
0010 57.405
1000 57.50844827586207
0010 57.611896551724136
1000 57.81879310344828
0001 58.129137931034485
0010 58.23258620689655
0100 58.33603448275862
0010 58.43948275862069
0001 58.64637931034483
1000 58.95672413793103
0010 59.060172413793104
0100 59.163620689655176
0010 59.26706896551724
1000 59.47396551724138
0001 59.78431034482759
0010 59.991206896551724
0100 60.094655172413795
0010 60.30155172413793
0001 60.611896551724136
1000 60.71534482758621
0010 60.81879310344828
0100 60.92224137931034
0010 61.129137931034485
1000 61.43948275862069
0100 61.542931034482756
1000 61.64637931034483
0001 61.7498275862069
0100 61.95672413793103
0010 62.26706896551724
1000 62.37051724137931
0001 62.47396551724138
0010 62.577413793103446
0100 62.78431034482759
0010 63.094655172413795
0001 63.19810344827586
1000 63.30155172413793
0001 63.405
0100 63.611896551724136
0010 63.92224137931034
1000 64.02568965517241
0010 64.12913793103448
1000 64.23258620689654
0100 64.43948275862068
0010 64.74982758620689
0001 64.85327586206897
0010 64.95672413793103
0100 65.0601724137931
1000 65.26706896551724
0100 65.57741379310345
0010 65.68086206896551
0001 65.78431034482759
1000 65.88775862068965
0010 66.0946551724138
0100 66.405
0001 66.61189655172414
1000 66.81879310344829
0010 67.02568965517241
0100 67.12913793103449
0001 67.33603448275862
1000 67.54293103448276
0100 67.7498275862069
0010 67.85327586206897
0001 68.06017241379311
1000 68.26706896551724
0010 68.47396551724138
0100 68.57741379310345
0001 68.78431034482759
1000 68.99120689655172
0100 69.19810344827586
0010 69.405
0001 69.50844827586207
1000 69.71534482758621
0010 70.12913793103449
0100 70.33603448275862
0001 70.4394827586207
1000 70.64637931034483
0100 70.85327586206897
0010 71.06017241379311
0100 71.16362068965518
1000 71.37051724137932
0001 71.57741379310345
0100 71.78431034482759
0010 71.88775862068965
1000 72.0946551724138
0001 72.30155172413792
0010 72.50844827586207
0100 72.71534482758621
1000 72.81879310344827
0100 72.92224137931034
0010 73.02568965517241
0001 73.12913793103448
1000 73.4394827586207
0010 73.64637931034483
0100 73.7498275862069
0001 73.95672413793103
0010 74.16362068965518
0001 74.37051724137932
1000 74.47396551724138
0100 74.68086206896552
1000 74.88775862068965
0010 75.0946551724138
0100 75.19810344827586
0001 75.405
1000 75.61189655172413
0100 75.81879310344827
0010 76.02568965517241
0001 76.12913793103448
1000 76.33603448275862
0002 76.54293103448276
2003 77.78431034482759
0010 78.19810344827586
0100 78.405
0100 78.50844827586207
0010 78.71534482758621
3001 78.92224137931034
1000 79.12913793103448
0010 79.23258620689654
0100 79.33603448275862
0001 79.43948275862068
1000 79.54293103448275
0100 79.64637931034483
0010 79.74982758620689
0001 80.06017241379311
0001 80.26706896551724
0001 80.37051724137932
0001 80.57741379310345
0001 80.78431034482759
0001 80.99120689655173
0001 81.0946551724138
0001 81.30155172413794
0100 81.50844827586207
0010 81.61189655172413
1000 81.81879310344827
0100 82.02568965517241
1000 82.23258620689654
0002 82.33603448275862
1003 82.74982758620689
0001 82.95672413793103
1000 83.16362068965518
0100 83.37051724137932
0100 83.57741379310345
0100 83.68086206896552
0100 83.88775862068965
0100 84.0946551724138
0100 84.30155172413794
0100 84.405
0100 84.61189655172414
0010 84.81879310344827
0001 85.02568965517241
0010 85.12913793103448
0100 85.23258620689654
1000 85.33603448275862
0001 85.43948275862068
1000 85.54293103448275
0010 85.64637931034483
0100 85.85327586206895
0001 85.95672413793103
1000 86.0601724137931
0100 86.47396551724138
1000 86.68086206896552
1000 86.88775862068965
1000 86.99120689655173
1000 87.19810344827586
1000 87.405
1000 87.61189655172414
1000 87.71534482758621
1000 87.92224137931035
0001 88.12913793103448
1000 88.33603448275862
0010 88.43948275862068
0100 88.64637931034483
0001 88.74982758620689
1000 88.95672413793103
0100 89.16362068965516
0010 89.3705172413793
0001 89.57741379310345
1000 89.78431034482759
0010 89.99120689655173
0010 90.19810344827586
0010 90.30155172413794
0010 90.50844827586207
0010 90.71534482758621
0010 90.92224137931035
0010 91.02568965517241
0010 91.23258620689656
1000 91.43948275862068
1000 91.64637931034483
1000 91.74982758620689
1000 91.95672413793103
1000 92.16362068965516
1000 92.3705172413793
0100 92.47396551724137
0010 92.57741379310345
0001 92.68086206896551
1000 92.78431034482757
0001 92.88775862068965
0100 92.99120689655172
0010 93.0946551724138
1000 93.30155172413794
0001 93.50844827586207
0010 93.61189655172414
0100 93.81879310344827
0010 94.02568965517241
0001 94.23258620689656
1000 94.33603448275862
0010 94.54293103448276
0110 94.74982758620689
0100 94.95672413793103
0001 95.16362068965516
0010 95.26706896551724
0100 95.47396551724137
1000 95.68086206896551
0100 95.88775862068965
0010 95.99120689655172
0001 96.19810344827586
1001 96.405
1000 96.61189655172414
0010 96.81879310344827
1000 96.92224137931035
0001 97.12913793103448
0100 97.33603448275862
0010 97.54293103448276
1000 97.64637931034483
0001 97.85327586206897
0011 98.0601724137931
0010 98.26706896551724
0001 98.47396551724137
1000 98.57741379310345
0010 98.78431034482757
1000 98.99120689655172
0001 99.19810344827586
0010 99.30155172413792
0100 99.50844827586207
0010 99.71534482758621
0001 99.81879310344827
1000 100.02568965517241
0010 100.23258620689656
0100 100.43948275862068
0001 100.54293103448276
1000 100.64637931034483
0100 100.85327586206897
0010 101.0601724137931
0001 101.26706896551724
0010 101.3705172413793
0100 101.47396551724137
0010 101.68086206896551
0001 101.88775862068965
1000 102.09465517241378
0010 102.19810344827586
0100 102.30155172413792
0001 102.50844827586207
1000 102.7153448275862
0100 102.92224137931034
0010 103.02568965517241
0001 103.23258620689656
1000 103.43948275862068
0010 103.64637931034483
0100 103.85327586206897
0100 104.0601724137931
0001 104.26706896551724
0001 104.47396551724138
1000 104.68086206896551
0100 104.88775862068965
0010 104.99120689655172
0001 105.19810344827586
1000 105.40499999999999
0010 105.61189655172413
0100 105.7153448275862
0001 105.81879310344827
0100 105.92224137931034
0010 106.0256896551724
1000 106.12913793103448
0001 106.23258620689654
0010 106.33603448275862
0001 106.54293103448276
1000 106.74982758620689
0001 106.85327586206897
0101 107.0601724137931
1010 107.26706896551724
1000 107.47396551724138
0001 107.57741379310345
1000 107.78431034482759
0010 107.99120689655173
0100 108.19810344827587
0001 108.30155172413794
1001 108.50844827586208
1100 108.71534482758621
0110 108.92224137931035
0010 109.12913793103449
0001 109.23258620689656
1000 109.4394827586207
0010 109.64637931034483
0100 109.85327586206897
0001 110.0601724137931
0010 110.16362068965518
0110 110.3705172413793
1100 110.57741379310345
1000 110.78431034482759
0001 110.88775862068965
0100 111.0946551724138
0010 111.30155172413794
1000 111.50844827586208
0001 111.61189655172414
0011 111.81879310344829
1001 112.02568965517241
1100 112.23258620689656
0100 112.4394827586207
0010 112.54293103448276
0001 112.64637931034483
1000 112.7498275862069
0010 112.85327586206897
0100 112.95672413793103
0001 113.16362068965518
1000 113.3705172413793
0100 113.47396551724138
1100 113.68086206896551
1010 113.88775862068965
1000 114.0946551724138
0001 114.19810344827586
0010 114.405
0001 114.61189655172414
1000 114.81879310344829
0010 114.92224137931035
0110 115.12913793103449
1001 115.33603448275862
1100 115.54293103448276
0100 115.7498275862069
1000 115.85327586206897
0001 116.06017241379311
0010 116.26706896551724
0100 116.47396551724138
0010 116.68086206896551
0001 116.78431034482759
1001 116.99120689655172
1010 117.19810344827586
1000 117.405
0100 117.50844827586207
0010 117.71534482758621
0001 117.92224137931035
0001 118.12913793103449
0001 118.23258620689656
0001 118.4394827586207
0001 118.64637931034483
0001 118.85327586206897
1000 118.95672413793103
0010 119.06017241379311
0100 119.16362068965518
0001 119.26706896551724
1000 119.37051724137932
0100 119.47396551724138
0010 119.57741379310345
0001 119.78431034482759
1000 119.99120689655172
0001 120.0946551724138
0101 120.30155172413792
1010 120.50844827586207
1000 120.71534482758621
0001 120.81879310344827
0010 121.02568965517241
0001 121.23258620689656
1000 121.4394827586207
0001 121.54293103448276
0011 121.7498275862069
0110 121.95672413793103
1100 122.16362068965518
1000 122.37051724137932
0001 122.47396551724138
0100 122.68086206896552
0010 122.88775862068965
1000 123.0946551724138
0001 123.30155172413792
0010 123.405
0110 123.61189655172413
1001 123.81879310344827
1000 124.02568965517241
0010 124.12913793103448
0100 124.33603448275862
0001 124.54293103448276
0010 124.7498275862069
0100 124.85327586206897
1100 125.06017241379311
1001 125.26706896551724
1010 125.47396551724138
0010 125.68086206896552
0100 125.78431034482759
0001 125.88775862068965
1000 125.99120689655173
0001 126.0946551724138
1000 126.19810344827586
0100 126.405
0010 126.61189655172413
0001 126.71534482758621
0101 126.92224137931034
1001 127.12913793103448
1000 127.33603448275862
0100 127.43948275862068
1000 127.64637931034483
0010 127.85327586206897
0100 128.0601724137931
0001 128.16362068965518
0011 128.3705172413793
1100 128.57741379310346
1001 128.7843103448276
0001 128.99120689655172
0010 129.0946551724138
0100 129.30155172413794
1000 129.50844827586207
0001 129.7153448275862
0100 129.92224137931035
0010 130.0256896551724
1010 130.23258620689654
1001 130.4394827586207
0001 130.64637931034483
0010 130.7498275862069
0100 130.95672413793102
1000 131.16362068965518
1000 131.3705172413793
1000 131.4739655172414
1000 131.68086206896552
1000 131.88775862068965
1000 132.0946551724138
0010 132.19810344827587
1000 132.30155172413794
0001 132.405
0010 132.50844827586207
0100 132.61189655172413
1000 132.71534482758622
0001 132.8187931034483
1000 133.0256896551724
0010 133.23258620689657
0100 133.4394827586207
0001 133.54293103448276
1000 133.74982758620692
0100 133.85327586206898
0010 134.0601724137931
0100 134.26706896551724
1000 134.47396551724137
0001 134.6808620689655
0100 134.88775862068965
0010 135.09465517241378
1000 135.19810344827584
0001 135.405
1000 135.50844827586207
0100 135.7153448275862
0010 135.92224137931032
0001 136.12913793103448
1000 136.3360344827586
0010 136.54293103448276
1000 136.7498275862069
0001 136.85327586206895
0010 137.0601724137931
0100 137.16362068965518
0010 137.3705172413793
0001 137.57741379310343
1000 137.7843103448276
0010 137.99120689655172
0100 138.19810344827587
0001 138.405
1000 138.50844827586207
0001 138.71534482758622
0010 138.8187931034483
0100 139.0256896551724
1000 139.23258620689654
0001 139.4394827586207
0100 139.64637931034483
0001 139.85327586206898
1000 140.0601724137931
0100 140.16362068965518
1000 140.37051724137933
0001 140.4739655172414
0100 140.68086206896552
0010 140.88775862068965
1000 141.09465517241378
0001 141.3015517241379
0010 141.50844827586207
0001 141.7153448275862
1000 141.81879310344826
0010 142.0256896551724
1000 142.12913793103448
0100 142.3360344827586
0010 142.54293103448273
0001 142.7498275862069
1000 142.95672413793102
0010 143.16362068965518
0100 143.3705172413793
0001 143.47396551724137
1000 143.68086206896552
0100 143.7843103448276
0010 143.99120689655172
0100 144.19810344827584
1000 144.50844827586207
0001 144.61189655172413
1000 144.71534482758622
0001 144.92224137931035
0010 145.0256896551724
0100 145.12913793103448
1000 145.33603448275863
0001 145.4394827586207
1000 145.54293103448276
0001 145.7498275862069
0100 145.85327586206895
0010 145.95672413793105
