TITLE Nice to Meet You, Mr. Earthling
BPM   175.0
NOTES
1002 2.730857142857143
0013 3.073714285714286
0100 3.245142857142857
0010 3.416571428571429
0001 3.5022857142857142
1000 3.588
0001 3.673714285714286
1000 3.7594285714285713
0020 3.930857142857143
0200 4.102285714285714
0030 4.273714285714286
0301 4.445142857142857
0010 4.6165714285714285
0100 4.788
0010 4.873714285714286
0001 4.959428571428572
1000 5.045142857142857
0010 5.130857142857143
0200 5.3022857142857145
0002 5.473714285714286
0300 5.645142857142858
1003 5.816571428571429
0100 5.988
1000 6.159428571428572
0001 6.330857142857144
0100 6.502285714285715
0010 6.588
0200 6.673714285714286
0301 7.188000000000001
1000 7.359428571428572
0100 7.530857142857144
0010 7.616571428571429
0001 7.702285714285716
0010 7.788000000000001
0001 7.8737142857142866
1000 8.045142857142856
0010 8.216571428571427
0100 8.302285714285713
0010 8.387999999999998
0100 8.473714285714284
0002 8.55942857142857
1003 8.902285714285712
0100 8.988
0010 9.073714285714285
0001 9.15942857142857
1000 9.245142857142856
0010 9.416571428571427
1000 9.588
0100 9.673714285714285
1000 9.75942857142857
0100 9.845142857142857
2000 9.930857142857143
3010 10.273714285714284
0100 10.359428571428571
0001 10.445142857142857
0010 10.530857142857142
0100 10.616571428571428
0010 10.787999999999998
0001 10.959428571428571
1000 11.045142857142856
1000 11.216571428571427
0010 11.302285714285714
0100 11.473714285714285
0001 11.55942857142857
0001 11.730857142857143
1000 11.816571428571429
1100 11.988
0100 12.15942857142857
0010 12.245142857142858
0001 12.330857142857143
0100 12.502285714285714
0010 12.673714285714286
1000 12.759428571428572
0001 12.845142857142857
0010 13.016571428571428
0001 13.188
1000 13.273714285714286
0001 13.359428571428571
0100 13.530857142857142
0010 13.61657142857143
1000 13.702285714285715
0001 13.873714285714286
1000 14.045142857142858
0020 14.216571428571429
0130 14.559428571428572
0001 14.730857142857143
2000 14.902285714285714
3100 15.245142857142856
0010 15.416571428571428
0002 15.588
1003 15.930857142857143
0010 16.102285714285713
2000 16.273714285714284
3002 16.616571428571426
2003 16.959428571428568
3200 17.302285714285713
0320 17.645142857142854
0031 17.988
1000 18.15942857142857
0001 18.33085714285714
0100 18.673714285714286
0010 18.845142857142857
2000 19.016571428571428
3100 19.35942857142857
0010 19.53085714285714
0200 19.702285714285715
0310 20.045142857142856
0001 20.216571428571427
2000 20.387999999999998
3010 20.730857142857143
0100 20.902285714285714
0020 21.07371428571429
1030 21.41657142857143
0001 21.588
0020 21.759428571428572
0230 22.102285714285713
2300 22.445142857142855
3002 22.788
0203 23.130857142857142
0310 23.473714285714284
1000 23.645142857142854
0010 23.81657142857143
0100 24.15942857142857
0001 24.33085714285714
1000 24.502285714285712
0100 24.673714285714286
0010 24.845142857142857
0011 25.016571428571428
0001 25.188000000000002
1000 25.359428571428573
1010 25.530857142857144
0010 25.702285714285715
0100 25.873714285714286
0101 26.045142857142856
0001 26.216571428571427
1000 26.387999999999998
1100 26.55942857142857
0100 26.730857142857143
0010 26.902285714285714
0011 27.073714285714285
0011 27.245142857142856
0001 27.41657142857143
1000 27.588
1010 27.759428571428572
0010 27.930857142857143
0100 28.102285714285717
0101 28.273714285714288
0001 28.44514285714286
1000 28.61657142857143
1100 28.788
0100 28.95942857142857
1000 29.130857142857142
1001 29.302285714285716
0001 29.473714285714287
0100 29.645142857142858
0110 29.81657142857143
0110 29.988
0010 30.15942857142857
1000 30.33085714285714
1100 30.502285714285712
0100 30.673714285714283
0010 30.845142857142857
0011 31.016571428571428
0001 31.188
1000 31.35942857142857
1001 31.530857142857144
0001 31.702285714285715
0100 31.873714285714286
0010 32.04514285714286
1000 32.21657142857143
0001 32.302285714285716
1000 32.388
0001 32.55942857142857
0101 32.73085714285715
1100 32.90228571428571
1100 33.24514285714285
0100 33.587999999999994
0010 33.67371428571428
0001 33.759428571428565
1001 34.10228571428571
0101 34.445142857142855
1100 34.616571428571426
0102 34.788
1003 35.302285714285716
0100 35.388
0010 35.47371428571429
0011 35.64514285714286
0001 35.81657142857143
1000 35.988
0100 36.15942857142857
1000 36.33085714285714
0010 36.50228571428571
0100 36.67371428571428
0010 36.84514285714286
2000 37.01657142857143
0001 37.188
3001 37.530857142857144
0010 37.702285714285715
0001 37.873714285714286
0100 38.045142857142864
0010 38.15942857142858
1000 38.27371428571429
0001 38.388
0101 38.73085714285714
1000 38.90228571428571
0001 39.24514285714285
1000 39.41657142857143
0002 39.588
0100 39.93085714285714
0003 40.10228571428571
0100 40.273714285714284
0010 40.445142857142855
0100 40.616571428571426
0001 40.788
1000 40.873714285714286
0100 40.959428571428575
0010 41.04514285714286
0002 41.130857142857145
0013 41.47371428571429
0200 41.64514285714286
0320 41.988
0032 42.33085714285715
1003 42.67371428571428
0010 42.845142857142854
0200 43.016571428571424
0001 43.187999999999995
0310 43.530857142857144
2010 43.873714285714286
3001 44.21657142857143
0010 44.388
0001 44.47371428571429
0100 44.55942857142857
0010 44.73085714285714
1000 45.07371428571429
0001 45.24514285714286
1000 45.41657142857143
0010 45.588
0100 45.67371428571429
0001 45.75942857142857
1000 45.93085714285714
0100 46.10228571428571
0010 46.188
0001 46.27371428571429
2000 46.44514285714286
0002 46.616571428571426
3003 47.64514285714286
0101 48.15942857142857
1001 48.33085714285714
1100 48.50228571428571
1001 48.67371428571428
1002 49.35942857142857
1003 49.530857142857144
0020 49.702285714285715
1030 49.873714285714286
0200 50.04514285714286
1300 50.21657142857143
0002 50.388000000000005
1003 50.559428571428576
0200 50.73085714285714
0310 50.90228571428571
0002 51.07371428571428
0013 51.24514285714285
2000 51.41657142857142
3010 51.587999999999994
0200 51.75942857142857
0310 51.93085714285714
0002 52.10228571428571
0003 52.273714285714284
0100 52.35942857142857
0020 52.445142857142855
0130 52.616571428571426
2000 52.788
3100 52.95942857142857
0020 53.13085714285714
0030 53.302285714285716
0100 53.388
0002 53.47371428571429
0010 53.81657142857143
1003 54.15942857142857
0100 54.41657142857143
1000 54.67371428571429
0001 54.84514285714286
0001 55.10228571428572
0100 55.188
0100 55.44514285714286
0010 55.530857142857144
1000 55.61657142857143
0010 55.702285714285715
1000 55.788000000000004
0010 55.873714285714286
0100 56.045142857142864
0001 56.130857142857145
1000 56.21657142857143
1000 56.47371428571429
0001 56.55942857142857
0001 56.81657142857143
0010 56.90228571428571
0100 56.988
0010 57.07371428571428
0100 57.15942857142857
0010 57.24514285714285
0001 57.41657142857143
1000 57.588
1010 57.75942857142857
0010 58.10228571428571
0100 58.273714285714284
0101 58.445142857142855
0100 58.788000000000004
0001 58.959428571428575
0010 59.130857142857145
0100 59.302285714285716
1000 59.47371428571429
0001 59.64514285714286
1000 59.81657142857143
0010 59.988
0100 60.07371428571429
0010 60.15942857142858
0100 60.24514285714286
0002 60.33085714285714
0103 60.50228571428571
0010 60.67371428571428
0010 60.93085714285714
1000 61.016571428571424
1000 61.273714285714284
0001 61.359428571428566
0001 61.616571428571426
0020 61.702285714285715
0130 61.873714285714286
0020 62.04514285714286
0031 62.21657142857143
0020 62.388
0130 62.55942857142857
2000 62.73085714285715
3100 62.90228571428572
0020 63.07371428571429
0031 63.24514285714286
0200 63.41657142857143
0310 63.588
2000 63.75942857142857
3100 63.93085714285714
0020 64.10228571428571
0031 64.27371428571429
2000 64.44514285714286
0010 64.61657142857143
0010 64.788
0001 64.95942857142857
3001 65.13085714285714
0100 65.30228571428572
0010 65.38799999999999
1000 65.47371428571428
0100 65.55942857142857
0010 65.64514285714286
0001 65.73085714285715
2000 65.81657142857142
3000 65.988
1001 66.15942857142856
0200 66.33085714285714
0300 66.5022857142857
0011 66.67371428571428
2000 66.84514285714285
3001 67.01657142857142
0100 67.10228571428571
0020 67.188
0030 67.35942857142858
1100 67.53085714285714
0002 67.70228571428572
0003 67.87371428571429
0110 68.04514285714286
2000 68.21657142857143
3001 68.388
0010 68.4737142857143
0200 68.55942857142857
0300 68.73085714285715
0011 68.90228571428571
2000 69.07371428571429
3010 69.24514285714285
0100 69.41657142857143
0010 69.588
1000 69.75942857142857
0001 69.93085714285715
0010 70.10228571428573
0100 70.27371428571429
2000 70.44514285714287
3001 70.78800000000001
0100 70.95942857142857
0010 71.04514285714286
1000 71.13085714285715
0100 71.21657142857144
0020 71.30228571428572
0030 71.4737142857143
0101 71.64514285714286
0020 71.81657142857144
0030 71.988
1100 72.15942857142858
0002 72.33085714285714
1003 72.50228571428572
0010 72.58800000000001
0200 72.67371428571428
0300 72.84514285714286
1010 73.01657142857142
0002 73.188
0013 73.35942857142857
0100 73.44514285714286
1000 73.53085714285714
2020 73.70228571428571
3030 74.388
0002 74.73085714285715
0013 75.24514285714287
0100 75.41657142857143
1100 75.64514285714286
1001 75.87371428571429
0101 76.10228571428571
0100 76.44514285714286
0010 76.61657142857143
1000 76.788
0100 76.90228571428571
0010 77.01657142857142
0100 77.13085714285714
0010 77.24514285714285
0001 77.35942857142857
0010 77.47371428571428
0100 77.588
1000 77.70228571428571
0010 77.81657142857142
0100 77.93085714285714
0001 78.04514285714285
0100 78.15942857142858
0010 78.27371428571429
1000 78.388
0001 78.50228571428572
0100 78.61657142857143
0001 78.73085714285715
0100 78.84514285714286
0001 78.95942857142857
1000 79.07371428571429
0100 79.188
1000 79.27371428571429
0001 79.44514285714287
0100 79.53085714285714
0010 79.64514285714286
1000 79.75942857142857
0100 79.87371428571429
0010 79.988
0001 80.10228571428571
0010 80.21657142857143
0100 80.33085714285714
0010 80.44514285714286
0001 80.55942857142857
0100 80.67371428571428
0010 80.788
1000 80.90228571428571
0010 81.01657142857142
1000 81.13085714285714
0001 81.24514285714285
0010 81.35942857142857
0001 81.47371428571428
1000 81.588
0100 81.67371428571428
1000 81.84514285714285
0001 81.93085714285714
0100 82.01657142857142
0010 82.10228571428571
1000 82.188
0001 82.27371428571429
0010 82.388
0100 82.50228571428572
0010 82.61657142857143
0100 82.73085714285715
1000 82.84514285714286
0100 82.95942857142857
0010 83.07371428571429
0001 83.188
0100 83.30228571428572
0010 83.41657142857143
1000 83.53085714285714
0001 83.64514285714286
0100 83.75942857142857
0001 83.87371428571429
1000 83.988
0100 84.10228571428571
0010 84.21657142857143
0001 84.33085714285714
1000 84.44514285714286
0100 84.55942857142857
1000 84.67371428571428
0001 84.788
0100 84.90228571428571
0020 85.01657142857142
2030 85.70228571428571
3001 86.388
0101 86.64514285714286
1001 86.90228571428572
1100 87.07371428571429
0100 87.33085714285714
0010 87.41657142857143
0001 87.6737142857143
1000 87.75942857142857
0001 87.988
0100 88.21657142857143
0001 88.33085714285714
1000 88.44514285714286
0100 88.67371428571428
1000 88.788
0001 88.90228571428571
0100 89.01657142857142
0001 89.13085714285714
1000 89.30228571428572
0001 89.35942857142857
1000 89.588
0100 89.70228571428571
0010 89.81657142857142
0100 90.04514285714285
1000 90.15942857142856
0001 90.38799999999999
0100 90.50228571428572
0010 90.73085714285715
1000 90.95942857142857
0001 91.01657142857144
1000 91.07371428571429
0001 91.188
0010 91.41657142857143
0001 91.53085714285714
0100 91.64514285714286
0010 91.75942857142857
0100 91.87371428571429
0001 92.04514285714286
1000 92.10228571428571
0001 92.33085714285714
0010 92.44514285714286
0001 92.55942857142857
0100 92.788
0010 92.90228571428571
0130 93.24514285714285
0001 93.47371428571428
1000 93.70228571428571
0100 93.75942857142857
1000 93.81657142857142
0001 93.93085714285714
1000 94.15942857142856
0010 94.27371428571428
0100 94.38799999999999
0010 94.5022857142857
1000 94.61657142857143
0001 94.78800000000001
0010 94.84514285714286
0001 95.07371428571429
1000 95.188
0001 95.30228571428572
0100 95.53085714285714
0010 95.64514285714286
0100 95.75942857142857
0001 95.87371428571429
0010 95.988
0011 96.33085714285714
1000 96.50228571428572
1010 96.84514285714286
0001 97.01657142857142
1000 97.188
1001 97.35942857142857
1100 97.588
0101 97.81657142857142
0001 98.04514285714285
1000 98.21657142857143
0001 98.38799999999999
1000 98.47371428571428
0001 98.55942857142857
1000 98.64514285714286
0100 99.09657142857144
0010 99.188
0100 99.27942857142858
0010 99.37085714285715
0001 99.55371428571429
1000 99.64514285714286
0002 99.73657142857144
0103 99.91942857142857
0020 100.10228571428571
0130 100.27371428571429
0002 100.44514285714286
1003 100.61657142857143
0200 100.788
0310 100.95942857142857
0002 101.13085714285714
0013 101.30228571428572
0200 101.47371428571428
0310 101.64514285714286
0002 101.81657142857142
1003 101.988
0010 102.15942857142856
1000 102.41657142857142
0002 102.5022857142857
1003 102.67371428571428
0200 102.84514285714286
1300 103.01657142857144
0020 103.188
0030 103.35942857142858
1000 103.44514285714286
0002 103.53085714285714
0103 103.70228571428572
0010 103.87371428571429
1000 104.04514285714286
0100 104.21657142857143
0110 104.47371428571428
0011 104.73085714285715
1001 104.90228571428571
1000 105.15942857142856
0010 105.24514285714285
0010 105.50228571428572
0100 105.588
0001 105.67371428571428
1000 105.75942857142857
0001 105.84514285714285
0010 105.93085714285714
0100 106.10228571428571
1000 106.18799999999999
0001 106.27371428571428
0001 106.53085714285713
1000 106.61657142857142
0010 106.788
0100 106.95942857142857
0001 107.04514285714286
0100 107.13085714285715
0010 107.21657142857143
1000 107.30228571428572
0001 107.4737142857143
0010 107.55942857142857
0100 107.64514285714286
1100 107.81657142857144
1000 108.15942857142858
0001 108.24514285714287
0100 108.33085714285714
0101 108.50228571428572
0001 108.84514285714286
1000 109.01657142857142
0100 109.188
0010 109.35942857142857
0001 109.53085714285714
1001 109.70228571428572
0101 109.93085714285715
0110 110.15942857142858
1010 110.388
1000 110.50228571428572
0001 110.61657142857143
1000 110.84514285714286
0100 110.95942857142857
1000 111.07371428571429
0001 111.188
0100 111.30228571428572
0010 111.53085714285714
0100 111.64514285714286
0001 111.75942857142857
1000 111.87371428571429
0100 111.988
0010 112.21657142857143
0100 112.33085714285714
1000 112.44514285714286
0010 112.55942857142857
0100 112.67371428571428
0010 112.788
1000 112.90228571428571
0001 113.01657142857142
0010 113.13085714285714
0100 113.24514285714285
0010 113.35942857142857
0001 113.588
1000 113.70228571428571
0010 113.81657142857144
1000 113.93085714285715
0010 114.04514285714286
1000 114.15942857142858
0001 114.27371428571429
0010 114.388
0100 114.50228571428572
1000 114.6737142857143
0001 114.84514285714286
1000 114.93085714285715
0002 115.01657142857144
0103 115.35942857142858
0010 115.53085714285714
1000 115.61657142857143
0200 115.70228571428572
0310 116.04514285714286
0001 116.21657142857143
0010 116.30228571428572
0100 116.388
1000 116.55942857142857
0100 116.64514285714286
0010 116.73085714285715
0001 116.90228571428571
1000 116.988
0010 117.07371428571429
1000 117.15942857142856
0200 117.24514285714285
0300 117.41657142857143
0011 117.588
2000 117.75942857142857
3001 117.93085714285715
0100 118.01657142857144
0010 118.10228571428573
0100 118.27371428571429
0001 118.44514285714287
1000 118.53085714285714
0200 118.61657142857143
0300 118.78800000000001
1010 118.95942857142857
0002 119.13085714285715
1003 119.30228571428572
0010 119.388
0100 119.4737142857143
0001 119.64514285714286
1000 119.81657142857144
0100 119.90228571428571
0020 119.988
0030 120.15942857142858
0101 120.33085714285714
1000 120.50228571428572
0001 120.67371428571428
0010 120.84514285714286
0001 121.01657142857142
1000 121.188
0010 121.35942857142857
0100 121.53085714285714
0001 121.70228571428571
2001 121.87371428571429
3100 122.13085714285715
0010 122.21657142857144
0001 122.388
1000 122.4737142857143
0001 122.55942857142858
1000 122.64514285714286
0020 122.73085714285715
0030 122.90228571428572
1001 123.07371428571429
0200 123.24514285714287
0300 123.41657142857143
0011 123.58800000000001
2000 123.75942857142857
3020 124.10228571428571
0030 124.27371428571429
1100 124.44514285714286
0002 124.61657142857143
0013 124.87371428571429
0100 124.95942857142857
2002 125.13085714285714
3003 125.81657142857142
2000 126.15942857142858
3010 126.6737142857143
0110 126.84514285714286
0101 127.07371428571429
1001 127.30228571428572
1200 127.53085714285714
0310 128.04514285714285
0011 128.21657142857143
0001 128.388
1000 128.55942857142858
0010 128.73085714285713
1000 128.9022857142857
0001 128.988
1000 129.0737142857143
0100 129.15942857142858
0010 129.24514285714287
0002 129.41657142857142
2000 129.588
0003 129.75942857142857
3010 129.93085714285715
0100 130.1022857142857
0010 130.27371428571428
1000 130.35942857142857
0100 130.44514285714286
0010 130.53085714285714
0001 130.61657142857143
2000 130.78799999999998
0200 130.95942857142856
3000 131.13085714285714
0310 131.30228571428572
0001 131.47371428571427
0100 131.64514285714284
0010 131.81657142857142
1000 131.988
0001 132.07371428571426
2000 132.15942857142855
3010 132.67371428571428
0100 132.84514285714283
0001 133.01657142857144
0010 133.10228571428573
0001 133.18800000000002
0010 133.2737142857143
0200 133.3594285714286
2300 133.53085714285714
3001 133.70228571428572
0100 133.788
0001 133.8737142857143
0100 133.9594285714286
0020 134.04514285714288
1030 134.388
0001 134.4737142857143
0010 134.55942857142858
0100 134.64514285714287
1000 134.73085714285716
0010 134.9022857142857
0100 135.0737142857143
0010 135.15942857142858
0100 135.24514285714287
0010 135.33085714285716
2000 135.41657142857144
3001 135.75942857142857
0010 135.84514285714286
0100 135.93085714285715
0010 136.01657142857144
0001 136.10228571428573
1000 136.27371428571428
0010 136.44514285714286
0100 136.53085714285714
0100 136.70228571428572
0001 136.788
1000 136.95942857142856
0100 137.04514285714285
0100 137.21657142857143
1000 137.30228571428572
0001 137.4737142857143
0100 137.64514285714284
0010 137.73085714285713
1000 137.81657142857142
0100 137.988
0010 138.15942857142858
0001 138.33085714285713
0010 138.5022857142857
0100 138.67736170212766
1000 138.76489969604862
0001 138.8524376899696
0100 138.93997568389057
0001 139.02751367781153
0100 139.11505167173252
0110 139.40684498480243
1010 139.64027963525834
1001 139.8737142857143
0011 140.14800000000002
1100 140.55942857142858
1001 140.8337142857143
1001 141.24514285714287
1100 141.5194285714286
0011 141.93085714285715
1010 142.20514285714287
0101 142.61657142857143
1100 142.84514285714286
2002 143.18800000000002
3003 146.04514285714285
