TITLE Nightmare Party
BPM   200.0
NOTES
1002 4.814
1000 5.114
1003 5.414
0100 5.564
0010 5.7139999999999995
0001 5.864
1000 6.014
1000 6.314
1000 6.614
0010 6.764
0100 6.914000000000001
0001 7.064
0011 7.2139999999999995
0011 7.364
0010 7.513999999999999
0100 7.664
1000 7.9639999999999995
0001 8.113999999999999
0100 8.264
0010 8.414
1000 8.564
0001 8.639
1000 8.714
0100 8.863999999999999
0010 9.014
0001 9.164
0010 9.314
0100 9.464
1000 9.613999999999999
0010 9.688999999999998
0100 9.764
0001 9.838999999999999
1000 9.914
0001 10.213999999999999
0100 10.363999999999999
0010 10.438999999999998
1000 10.514
0100 10.664
0010 10.813999999999998
0001 11.113999999999999
1000 11.263999999999998
0010 11.413999999999998
0100 11.488999999999999
0010 11.563999999999998
0100 11.638999999999998
0001 11.713999999999999
1000 11.863999999999999
0100 11.938999999999998
1000 12.014
0100 12.088999999999999
0010 12.164
0001 12.238999999999999
1000 12.314
0100 12.463999999999999
0010 12.613999999999999
0001 12.764
0001 13.064
1000 13.213999999999999
1010 13.514
1000 13.663999999999998
0001 13.813999999999998
0100 13.963999999999999
0101 14.113999999999999
0001 14.264
1000 14.413999999999998
0001 14.488999999999997
0010 14.563999999999998
0100 14.638999999999998
1000 14.713999999999999
0001 15.013999999999998
0100 15.163999999999998
0001 15.238999999999997
1000 15.313999999999998
0100 15.463999999999999
0010 15.613999999999999
0010 15.914
0100 16.064
1000 16.214
0001 16.288999999999998
0100 16.364
0001 16.439
1000 16.514
0100 16.663999999999998
0010 16.739
0001 16.814
1000 16.889
0010 16.964
0100 17.039
0001 17.114
1000 17.414
0010 17.564
0100 17.639
0001 17.714
0010 17.864
0100 18.014
1000 18.163999999999998
0001 18.239
1000 18.314
0010 18.464
0100 18.614
0010 18.764
1000 18.913999999999998
1000 19.064
1001 19.214
0001 19.363999999999997
0010 19.514
0100 19.814
0100 19.964
1000 20.113999999999997
0001 20.264
0001 20.563999999999997
0100 20.714
0010 20.863999999999997
0010 21.163999999999998
1000 21.313999999999997
0001 21.464
0011 21.613999999999997
0010 21.763999999999996
0100 21.839
1000 21.913999999999998
0001 22.214
0001 22.363999999999997
0100 22.513999999999996
0010 22.663999999999998
0010 22.964
1000 23.114
0100 23.264
0100 23.564
0010 23.714
0001 23.864
1001 24.014
1000 24.163999999999998
0010 24.314
0100 24.614
0100 24.764
0001 24.913999999999998
0010 25.064
0010 25.363999999999997
0100 25.514
1000 25.663999999999998
1000 25.964
0001 26.113999999999997
0100 26.264
0110 26.413999999999998
0010 26.563999999999997
1000 26.639
0001 26.714
1000 27.014
0100 27.163999999999998
0010 27.238999999999997
0001 27.313999999999997
1000 27.464
0010 27.613999999999997
0100 27.763999999999996
0010 27.839
1000 27.913999999999998
0001 28.063999999999997
1000 28.214
0100 28.288999999999998
0010 28.363999999999997
0100 28.438999999999997
0010 28.513999999999996
0001 28.589
0010 28.663999999999998
0100 28.738999999999997
1000 28.813999999999997
1000 28.963999999999995
0001 29.113999999999997
0100 29.263999999999996
0100 29.413999999999998
0010 29.563999999999997
1000 29.638999999999996
0001 29.713999999999995
0001 29.863999999999997
0010 30.014
0100 30.163999999999998
0100 30.314
1000 30.464
0001 30.614
0001 30.764
0100 30.839
0010 30.913999999999998
1000 31.064
0001 31.139
0010 31.214
0010 31.363999999999997
0100 31.514
1000 31.663999999999998
1000 31.814
0001 31.964
0100 32.114000000000004
0100 32.264
0010 32.414
1000 32.564
1000 32.714
0001 32.864000000000004
1000 33.014
1000 33.164
0100 33.314
0010 33.464
0001 33.614000000000004
0001 33.764
0100 33.914
0010 34.06400000000001
0010 34.214000000000006
1000 34.364000000000004
0001 34.43900000000001
0010 34.514
0010 34.664
0001 34.814
1000 34.964
1000 35.114
0010 35.264
0100 35.414
0100 35.564
0001 35.639
1000 35.714
0100 35.864
0110 36.014
0010 36.164
0001 36.239000000000004
1000 36.314
0010 36.464000000000006
0100 36.614000000000004
0001 36.764
0010 36.839000000000006
0100 36.914
1000 37.064
1001 37.214
0001 37.364
0100 37.439
0010 37.513999999999996
1000 37.664
0001 37.814
0010 37.914
0001 38.013999999999996
1000 38.114
0010 38.214
1000 38.314
0002 38.414
0013 38.864000000000004
0210 39.014
1300 39.314
0001 39.389
0100 39.464
0110 39.764
0010 40.06400000000001
1000 40.139
0001 40.214000000000006
1000 40.364000000000004
1001 40.514
0001 40.664
0010 40.739000000000004
0200 40.814
1300 41.114
0002 41.264
0103 41.564
0010 41.639
1000 41.714
0001 41.864
0010 42.014
0001 42.164
0010 42.314
0100 42.464000000000006
1000 42.539
0001 42.614000000000004
0100 42.764
0001 42.839000000000006
1000 42.914
0001 43.064
1000 43.139
0010 43.214
1000 43.364
0100 43.513999999999996
0010 43.664
0010 43.814
0001 43.964
1000 44.039
0010 44.114
0010 44.263999999999996
0100 44.414
0001 44.574
0001 44.734
1000 44.894
0100 45.054
0010 45.134
0100 45.214
0010 45.294000000000004
0010 45.374
0001 45.454
1000 45.534
0010 45.614000000000004
0010 45.764
0100 45.914
0001 46.06400000000001
0001 46.214000000000006
1000 46.364000000000004
0100 46.43900000000001
0010 46.514
0010 46.664
0001 46.814
1000 46.889
0001 46.964
0100 47.039
0010 47.114
1000 47.264
0001 47.414
0001 47.564
1000 47.714
0100 47.864
0120 48.014
0031 48.464000000000006
0012 48.614000000000004
1003 48.914
0010 48.989000000000004
0100 49.064
0101 49.364
0001 49.664
1000 49.739
0001 49.814
1000 49.964
1001 50.114
0001 50.263999999999996
0010 50.339
0100 50.414
1000 50.714
0010 50.864000000000004
0100 51.164
0001 51.239000000000004
1000 51.314
0001 51.614000000000004
0010 51.764
0100 51.914
1000 51.989000000000004
0100 52.06400000000001
0010 52.139
0001 52.214000000000006
1000 52.289
0001 52.364000000000004
0100 52.43900000000001
0010 52.514
1000 52.589000000000006
0001 52.664
1000 52.739000000000004
0100 52.814
0100 52.964
0010 53.114
0001 53.264
0001 53.414
1000 53.564
0010 53.639
0100 53.714
0100 53.864
0001 54.014
1000 54.164
1000 54.314
0001 54.464000000000006
0010 54.614000000000004
0100 54.689
1000 54.764
0100 54.839000000000006
1000 54.914
0001 54.989000000000004
0100 55.064
0010 55.139
1000 55.214
0010 55.364
1000 55.513999999999996
0001 55.664
0001 55.814
1000 55.964
0100 56.039
0010 56.114
0010 56.263999999999996
0001 56.414
1000 56.494
0001 56.574
0100 56.654
0010 56.734
1000 56.894
0001 57.054
0010 57.214
0100 57.454
0120 57.614
1030 57.913999999999994
1002 58.064
0013 58.364
0100 58.439
0010 58.513999999999996
0100 58.589
1000 58.663999999999994
0001 58.739
2000 58.814
3010 59.114
0210 59.264
0301 59.564
1000 59.639
0100 59.714
0010 59.864
0001 59.939
1000 60.014
0001 60.164
0100 60.239000000000004
0010 60.314
1000 60.464000000000006
0001 60.539
1000 60.614000000000004
0100 60.714000000000006
1000 60.814
0001 60.914
0010 61.014
0001 61.114000000000004
1000 61.214
0101 61.814
1010 61.964
2001 62.263999999999996
3001 62.564
0100 62.639
0010 62.714
1000 62.864000000000004
1010 63.014
0010 63.164
0100 63.314
0102 63.464
1003 63.763999999999996
1100 63.913999999999994
0100 64.064
0010 64.21399999999998
0001 64.36399999999999
1000 64.439
0001 64.514
2001 64.66399999999999
3010 64.964
0110 65.11399999999999
0100 65.264
0101 65.41399999999999
0001 65.564
1000 65.639
0100 65.714
0120 65.86399999999999
0031 66.164
1000 66.23899999999999
0001 66.314
0100 66.464
0010 66.61399999999999
1000 66.764
0010 66.914
2010 67.064
3001 67.364
0010 67.439
0001 67.514
0100 67.664
0010 67.814
0010 67.964
1000 68.114
1002 68.264
0013 68.564
0100 68.63899999999998
0010 68.71399999999998
0001 68.86399999999999
1000 69.01399999999998
1000 69.16399999999999
0010 69.314
0210 69.46399999999998
0301 69.764
1000 69.83899999999998
0100 69.91399999999999
0120 70.064
0031 70.36399999999999
1000 70.439
0010 70.514
2010 70.66399999999999
3001 70.964
0010 71.03899999999999
0100 71.11399999999999
1000 71.189
0100 71.264
0010 71.339
0001 71.41399999999999
1000 71.48899999999999
0001 71.564
1000 71.639
0010 71.714
0100 71.78899999999999
0002 71.86399999999999
1003 72.164
0100 72.23899999999999
0010 72.314
0001 72.464
0011 72.61399999999999
0010 72.764
0001 72.914
2001 73.064
3010 73.364
0110 73.514
0100 73.664
0001 73.814
1000 73.964
0100 74.039
0010 74.114
0012 74.264
1003 74.564
1010 74.71399999999998
0010 74.86399999999999
1010 75.01399999999998
1000 75.16399999999999
0001 75.23899999999999
0010 75.314
0210 75.46399999999998
1300 75.764
0001 75.83899999999998
0100 75.91399999999999
0010 76.064
1000 76.21399999999998
0001 76.36399999999999
1000 76.514
1200 76.66399999999999
0310 76.964
0001 77.03899999999999
0010 77.11399999999999
0001 77.264
1000 77.41399999999999
0010 77.564
0100 77.714
0102 77.86399999999999
1003 78.164
0100 78.23899999999999
0010 78.314
0100 78.464
1000 78.61399999999999
0001 78.764
1000 78.914
1020 79.064
0130 79.364
0001 79.439
1000 79.514
1200 79.664
0310 79.964
0100 80.039
1000 80.114
1002 80.264
0103 80.564
0010 80.63899999999998
1000 80.71399999999998
1010 80.86399999999999
0010 81.01399999999998
0100 81.08899999999998
0001 81.16399999999999
1000 81.23899999999999
0100 81.314
0120 81.46399999999998
0031 81.764
1001 81.91399999999999
0101 82.21399999999998
1010 82.514
1002 82.66399999999999
0010 83.014
0013 83.214
0001 84.014
0100 84.089
0001 84.164
0100 84.23899999999999
0010 84.314
1000 84.61399999999999
0100 84.764
0010 84.839
0001 84.914
1000 85.064
0010 85.214
0010 85.514
0100 85.664
0001 85.814
1000 85.889
0100 85.964
0010 86.039
0001 86.114
1000 86.264
0010 86.339
0100 86.41399999999999
0001 86.48899999999999
0100 86.564
0010 86.63899999999998
1000 86.71399999999998
0001 87.01399999999998
0010 87.16399999999999
0100 87.23899999999999
0010 87.314
0001 87.46399999999998
1000 87.61399999999999
1010 87.91399999999999
0010 88.064
0100 88.21399999999998
0001 88.36399999999999
1001 88.514
1000 88.66399999999999
0100 88.814
0010 88.889
0100 88.964
1000 89.03899999999999
0001 89.11399999999999
0100 89.41399999999999
0010 89.564
1000 89.639
0001 89.714
0010 89.86399999999999
0100 90.014
0100 90.314
0010 90.464
0001 90.61399999999999
1000 90.689
0010 90.764
1000 90.839
0001 90.914
0010 91.064
0100 91.139
1000 91.214
0001 91.289
0100 91.364
0001 91.439
1000 91.514
0001 91.814
0010 91.964
0001 92.039
1000 92.114
0010 92.264
0100 92.41399999999999
0010 92.564
1000 92.63899999999998
0001 92.71399999999998
1000 92.86399999999999
0100 93.01399999999998
0010 93.08899999999998
0001 93.16399999999999
1001 93.314
1001 93.46399999999998
