TITLE No Money Down, Low Monthly Payments
BPM   189.5
NOTES
0001 15.233889182058048
0010 15.392200527704487
0100 15.550511873350924
1000 15.708823218997361
1300 16.02544591029024
0001 16.183757255936676
0100 16.342068601583115
0001 16.500379947229554
0010 16.658691292875993
1003 16.975313984168867
0100 17.133625329815306
0010 17.291936675461745
0100 17.45024802110818
1000 17.60855936675462
0310 17.925182058047497
0001 18.083493403693936
1000 18.24180474934037
0010 18.40011609498681
0100 18.55842744063325
1030 18.875050131926123
0100 19.033361477572562
0010 19.191672823219
0001 19.34998416886544
1000 19.508295514511875
0103 19.824918205804753
0010 19.98322955145119
1000 20.141540897097627
0100 20.299852242744066
0010 20.458163588390505
0310 20.77478627968338
0001 20.933097625329818
1000 21.091408970976257
0010 21.249720316622692
1000 21.40803166226913
0130 21.72465435356201
0001 21.882965699208448
1001 22.199588390501322
1100 22.516211081794197
1000 22.832833773087074
0010 22.991145118733513
0100 23.149456464379952
0001 23.307767810026387
0310 23.624390501319265
1000 23.7827018469657
0001 23.94101319261214
0010 24.09932453825858
0100 24.257635883905017
0031 24.57425857519789
1000 24.73256992084433
0001 24.89088126649077
1000 25.049192612137205
0100 25.207503957783644
3010 25.52412664907652
0100 25.68243799472296
0001 25.840749340369396
0010 25.999060686015834
0100 26.157372031662273
0031 26.473994722955148
1000 26.632306068601586
0100 26.790617414248025
1000 26.948928759894464
0001 27.1072401055409
3100 27.423862796833777
0010 27.582174142480213
0001 27.74048548812665
0100 27.89879683377309
0010 28.05710817941953
0301 28.373730870712404
1000 28.532042216358843
0100 28.69035356200528
0010 28.848664907651717
0001 29.006976253298156
0130 29.323598944591033
1000 29.481910290237472
1001 29.798532981530347
0101 30.11515567282322
0001 30.4317783641161
1000 30.590089709762537
0010 30.748401055408976
0100 30.90671240105541
0001 30.98586807387863
1000 31.06502374670185
0100 31.22333509234829
0010 31.30249076517151
0001 31.381646437994725
1000 31.539957783641164
1001 31.698269129287603
0101 32.01489182058048
0001 32.25235883905014
0100 32.33151451187335
0010 32.41067018469657
1000 32.48982585751979
0001 32.64813720316623
0010 32.80644854881267
0100 32.88560422163589
0010 32.96475989445911
0001 33.123071240105546
1000 33.202226912928765
0010 33.281382585751984
0100 33.43969393139842
0001 33.51884960422164
0100 33.59800527704486
0001 33.677160949868075
1000 33.756316622691294
0100 33.83547229551451
0010 33.91462796833773
0001 34.07293931398417
1000 34.23125065963061
1000 34.38956200527705
0010 34.54787335092349
0100 34.70618469656993
0001 34.78534036939315
1000 34.86449604221636
0100 34.94365171503958
0010 35.0228073878628
0001 35.10196306068602
0010 35.18111873350924
0001 35.26027440633246
1000 35.339430079155676
0010 35.418585751978895
1000 35.497741424802115
0001 35.576897097625334
1000 35.656052770448554
0100 35.73520844327177
0010 35.81436411609499
0001 35.97267546174143
1000 36.05183113456465
0001 36.13098680738787
0001 36.2892981530343
1000 36.44760949868074
0010 36.60592084432718
0100 36.6850765171504
0001 36.76423218997362
0010 36.92254353562006
0100 37.00169920844328
1000 37.0808548812665
0001 37.239166226912936
0100 37.39747757255937
0010 37.47663324538259
1000 37.555788918205806
0001 37.714100263852245
1003 38.03072295514512
0100 38.347345646438
0010 38.50565699208444
0001 38.58481266490766
1000 38.66396833773088
0010 38.90143535620053
1000 38.98059102902375
0010 39.13890237467019
1000 39.29721372031663
0100 39.455525065963066
0010 39.534680738786285
0001 39.613836411609505
1000 39.772147757255944
0010 39.930459102902375
0100 40.088770448548814
0001 40.24708179419525
0010 40.40539313984169
0001 40.56370448548813
1000 40.72201583113457
0100 40.88032717678101
0010 40.95948284960423
0001 41.03863852242745
0100 41.11779419525067
0001 41.19694986807389
1000 41.35526121372032
0010 41.51357255936676
1030 41.830195250659635
1000 41.988506596306074
0100 42.14681794195251
0010 42.30512928759895
0001 42.46344063324538
1000 42.62175197889182
0010 42.70090765171504
1000 42.85921899736148
0001 42.9383746701847
0010 43.01753034300792
0100 43.09668601583114
1000 43.17584168865436
0001 43.25499736147758
0100 43.3341530343008
0001 43.41330870712402
1000 43.492464379947236
0010 43.571620052770456
0100 43.650775725593675
0010 43.729931398416895
1000 43.80908707124011
0001 43.967398416886546
0010 44.046554089709765
0110 44.36317678100264
0100 44.52148812664908
1000 44.6006437994723
0001 44.67979947229552
0100 44.75895514511874
0010 44.83811081794196
0100 44.91726649076518
0001 44.99642216358839
1000 45.15473350923483
0100 45.23388918205805
0010 45.31304485488127
0001 45.47135620052771
1000 45.55051187335093
0001 45.62966754617415
0010 45.787978891820586
0100 45.946290237467025
1000 46.104601583113464
1300 46.421224274406335
0001 46.57953562005277
0100 46.73784696569921
0001 46.89615831134565
0010 47.05446965699209
1003 47.37109234828497
0100 47.5294036939314
0010 47.68771503957784
0100 47.84602638522428
1000 48.004337730870716
0310 48.320960422163594
0001 48.47927176781003
1000 48.63758311345647
0010 48.79589445910291
0100 48.95420580474934
1030 49.27082849604222
0100 49.42913984168866
0010 49.5874511873351
0001 49.74576253298154
1000 49.904073878627976
0103 50.22069656992085
0010 50.379007915567286
1000 50.537319261213725
0100 50.69563060686016
0010 50.8539419525066
0310 51.17056464379948
0001 51.32887598944592
1000 51.48718733509235
0010 51.64549868073879
1000 51.80381002638523
0130 52.120432717678106
0001 52.278744063324545
1001 52.595366754617416
1100 52.911989445910294
1000 53.22861213720317
0010 53.38692348284961
0100 53.54523482849605
0001 53.70354617414249
0310 54.02016886543536
1000 54.1784802110818
0001 54.33679155672824
0010 54.495102902374676
0100 54.653414248021114
0031 54.97003693931399
1000 55.128348284960424
0001 55.28665963060686
1000 55.4449709762533
0100 55.60328232189974
3010 55.91990501319262
0100 56.07821635883906
0001 56.236527704485496
0010 56.394839050131935
0100 56.55315039577837
0031 56.869773087071245
1000 57.028084432717684
0100 57.18639577836412
1000 57.34470712401056
0001 57.503018469657
3100 57.81964116094987
0010 57.97795250659631
0001 58.13626385224275
0100 58.29457519788919
0010 58.45288654353563
0301 58.769509234828504
1000 58.92782058047494
0100 59.086131926121375
0010 59.244443271767814
0001 59.40275461741425
0130 59.71937730870713
1000 59.87768865435357
1001 60.19431134564644
0101 60.51093403693932
0001 60.827556728232196
1000 60.985868073878635
0010 61.144179419525074
0100 61.30249076517151
0001 61.46080211081795
1000 61.61911345646438
0100 61.6982691292876
0010 61.85658047493404
0001 61.93573614775726
1000 62.01489182058048
0001 62.0940474934037
1001 62.41067018469658
1000 62.648137203166236
0100 62.72729287598945
0010 62.80644854881267
0100 62.88560422163589
1000 63.043915567282326
0100 63.202226912928765
1000 63.360538258575204
0010 63.51884960422164
0100 63.59800527704486
0001 63.67716094986808
1000 63.83547229551452
0100 63.91462796833774
0010 63.99378364116096
0001 64.07293931398418
1000 64.1520949868074
0001 64.23125065963062
0100 64.31040633245384
0010 64.46871767810028
1000 64.6270290237467
0100 64.78534036939314
0010 64.94365171503958
0001 65.10196306068602
1000 65.18111873350924
3010 65.33943007915568
0100 65.57689709762533
0001 65.89351978891821
1000 66.05183113456465
0100 66.13098680738787
0010 66.21014248021109
0001 66.36845382585753
1000 66.52676517150397
1000 66.6850765171504
0010 66.84338786279685
0100 67.00169920844328
0001 67.0808548812665
1000 67.16001055408972
0100 67.31832189973616
0010 67.39747757255938
0001 67.4766332453826
0001 67.63494459102904
1000 67.79325593667548
0010 67.8724116094987
0100 67.95156728232192
0010 68.10987862796836
1030 68.42650131926122
0001 68.58481266490766
0010 68.66396833773088
0100 68.7431240105541
1000 68.90143535620054
0001 68.98059102902376
1000 69.05974670184698
0010 69.21805804749341
0100 69.29721372031663
0001 69.37636939313985
1000 69.53468073878629
0100 69.69299208443272
0010 69.85130343007916
0001 69.93045910290238
1000 70.0096147757256
0010 70.16792612137203
1000 70.32623746701847
0100 70.48454881266491
0010 70.64286015831135
0001 70.80117150395779
1000 70.95948284960423
0001 71.11779419525067
0100 71.19694986807389
0010 71.2761055408971
1000 71.35526121372033
0010 71.43441688654354
1000 71.51357255936676
0001 71.59272823218998
0010 71.75103957783642
1100 71.90935092348286
3001 72.22597361477574
0100 72.30512928759896
0001 72.38428496042218
0100 72.4634406332454
0010 72.54259630606862
1000 72.78006332453828
0001 72.8592189973615
1000 73.09668601583115
0100 73.17584168865437
0010 73.25499736147759
0001 73.33415303430081
1000 73.49246437994724
1010 73.80908707124011
0010 74.04655408970977
0100 74.12570976253299
0001 74.20486543535621
1000 74.28402110817943
0100 74.36317678100265
0010 74.44233245382587
0011 74.75895514511873
0001 74.91726649076517
1000 74.99642216358839
0010 75.07557783641161
1000 75.15473350923483
0001 75.23388918205805
0010 75.31304485488127
0100 75.39220052770449
1000 75.55051187335093
0001 75.62966754617415
1000 75.70882321899737
0010 75.8671345646438
0100 75.94629023746703
0002 76.02544591029024
1003 76.34206860158312
0100 76.50037994722956
0010 76.658691292876
0001 76.81700263852244
0001 76.97531398416888
1000 77.13362532981532
0010 77.21278100263854
1000 77.29193667546176
0001 77.37109234828498
0010 77.4502480211082
0100 77.52940369393141
1000 77.60855936675463
0010 77.76687071240107
2000 77.92518205804751
3001 78.24180474934039
0010 78.32096042216361
0100 78.40011609498683
1000 78.45288654353564
0001 78.50565699208445
1000 78.55842744063325
0010 78.61119788918207
0100 78.66396833773088
0001 78.71673878627969
1000 78.79589445910291
0001 78.87505013192613
0010 79.03336147757257
0100 79.11251715039579
1000 79.19167282321901
0010 79.34998416886545
0100 79.50829551451189
0001 79.66660686015832
1000 79.82491820580475
0100 79.90407387862797
0010 79.98322955145119
0001 80.06238522427441
0010 80.14154089709763
0100 80.29985224274407
1000 80.37900791556729
0001 80.4581635883905
0100 80.53731926121372
0010 80.61647493403694
1000 80.69563060686016
0100 80.77478627968338
0010 80.8539419525066
0001 80.93309762532982
1000 81.09140897097626
0010 81.2497203166227
1000 81.40803166226914
0100 81.56634300791558
0010 81.72465435356202
0001 81.88296569920846
0100 82.0412770448549
0001 82.19958839050133
1000 82.35789973614777
0001 82.51621108179421
0010 82.59536675461743
0100 82.67452242744065
1000 82.75367810026387
0001 82.83283377308709
1000 82.99114511873353
0010 83.14945646437997
0100 83.22861213720319
0001 83.3077678100264
1000 83.46607915567284
0100 83.54523482849606
1000 83.62439050131927
0010 83.78270184696571
0100 83.94101319261215
0001 84.02016886543537
0100 84.09932453825859
0010 84.1784802110818
1000 84.25763588390502
0100 84.41594722955146
0010 84.49510290237468
0001 84.5742585751979
1000 84.73256992084434
0010 84.89088126649077
1000 85.0491926121372
0200 85.20750395778364
0310 85.52412664907652
0001 85.68243799472296
1000 85.8407493403694
0001 85.99906068601584
0010 86.05183113456465
0100 86.10460158311346
1000 86.15737203166228
0001 86.21014248021109
0100 86.2629129287599
0010 86.31568337730872
1000 86.47399472295515
0001 86.6323060686016
0010 86.71146174142481
0001 86.79061741424803
1000 86.94892875989447
0010 87.10724010554091
1000 87.42386279683379
0001 87.58217414248023
0010 87.74048548812667
0100 87.81964116094989
1000 87.8987968337731
0100 87.97795250659632
1000 88.05710817941954
0001 88.13626385224276
1000 88.21541952506598
0010 88.37373087071242
0100 88.53204221635886
0001 88.61119788918208
1000 88.69035356200528
0001 88.7695092348285
1000 88.84866490765172
0200 89.00697625329816
0310 89.32359894459104
0001 89.48191029023748
1000 89.64022163588392
0001 89.79853298153036
0100 89.85130343007917
0010 89.90407387862798
1000 89.95684432717678
0001 90.0096147757256
1000 90.06238522427441
0100 90.11515567282322
0010 90.27346701846966
0001 90.35262269129288
1000 90.4317783641161
0001 90.51093403693932
0100 90.59008970976254
0010 90.66924538258576
1000 90.74840105540898
0001 90.90671240105542
0010 91.06502374670185
0001 91.2233350923483
1000 91.38164643799473
0010 91.53995778364117
1000 91.69826912928761
0100 91.85658047493405
0010 92.01489182058049
0001 92.0940474934037
1000 92.25235883905015
0001 92.33151451187337
1000 92.41067018469658
0010 92.4898258575198
0110 92.80644854881268
0100 93.04391556728234
0001 93.12307124010556
1000 93.20222691292878
0001 93.281382585752
0010 93.43969393139844
0100 93.59800527704488
1000 93.6771609498681
0001 93.7563166226913
1000 93.91462796833774
0100 93.99378364116096
0010 94.07293931398418
0100 94.23125065963062
1000 94.31040633245384
0001 94.38956200527706
0100 94.5478733509235
0010 94.62702902374672
1000 94.70618469656993
0001 94.86449604221637
0010 95.0228073878628
0100 95.18111873350924
1000 95.33943007915568
0001 95.57689709762533
1003 95.73520844327177
0100 95.97267546174143
0010 96.28929815303431
0001 96.44760949868075
1000 96.52676517150397
0010 96.60592084432719
0100 96.76423218997363
0010 96.92254353562006
0010 97.0808548812665
1000 97.23916622691294
0001 97.39747757255938
0010 97.4766332453826
0100 97.55578891820582
0010 97.71410026385226
0001 97.79325593667548
1000 97.8724116094987
1000 98.03072295514514
0010 98.18903430079158
0100 98.2681899736148
0001 98.34734564643801
2000 98.50565699208445
3001 98.82227968337732
0010 98.98059102902376
0100 99.05974670184698
1000 99.1389023746702
0001 99.29721372031663
0100 99.37636939313985
0001 99.45552506596307
1000 99.69299208443273
0001 99.77214775725595
0010 99.93045910290239
0100 100.08877044854881
1000 100.24708179419525
0001 100.32623746701847
1000 100.40539313984169
0010 100.56370448548813
0100 100.72201583113457
0001 100.88032717678101
1000 101.03863852242745
0001 101.2761055408971
1000 101.35526121372033
0100 101.51357255936676
0010 101.59272823218998
0001 101.6718839050132
1000 101.75103957783642
0001 101.83019525065964
0100 101.90935092348286
0010 101.98850659630608
1000 102.14681794195252
0010 102.30512928759896
1030 102.62175197889184
0100 102.70090765171506
1000 102.78006332453828
0100 102.8592189973615
0010 102.93837467018471
0001 103.17584168865437
1000 103.25499736147759
0010 103.49246437994725
1000 103.57162005277047
0001 103.65077572559369
0010 103.72993139841691
0100 103.88824274406333
1100 104.20486543535621
1000 104.44233245382587
0001 104.52148812664909
1000 104.60064379947231
0001 104.67979947229553
0100 104.75895514511875
0010 104.83811081794197
1010 105.15473350923483
1000 105.31304485488127
0100 105.39220052770449
0010 105.47135620052771
0001 105.55051187335093
1000 105.62966754617415
0001 105.70882321899737
0100 105.78797889182059
0010 105.94629023746703
1000 106.02544591029024
0001 106.10460158311346
1000 106.2629129287599
0100 106.34206860158312
0020 106.42122427440634
0030 107.68771503957785
