TITLE Noisy Lover's Soul
BPM   190.0
NOTES
1001 10.411263157894735
0001 10.56915789473684
0100 10.727052631578946
0010 10.88494736842105
1000 10.963894736842104
0001 11.042842105263157
1000 11.200736842105261
0100 11.358631578947367
0010 11.516526315789472
0100 11.674421052631578
1000 11.832315789473682
0001 11.990210526315789
0100 12.148105263157893
0010 12.227052631578946
1000 12.306
0001 12.463894736842104
0010 12.62178947368421
0001 12.779684210526314
1001 12.93757894736842
1000 13.095473684210525
0010 13.253368421052631
1000 13.411263157894735
0001 13.490210526315789
0010 13.569157894736842
0100 13.727052631578946
0010 13.884947368421052
0001 14.042842105263157
1000 14.200736842105261
0010 14.358631578947366
0100 14.516526315789472
0001 14.674421052631576
1000 14.75336842105263
0100 14.832315789473682
0010 14.990210526315787
0100 15.148105263157893
1000 15.305999999999997
1010 15.463894736842104
0010 15.621789473684208
0100 15.779684210526314
0001 15.937578947368419
1000 16.016526315789474
0010 16.095473684210525
0100 16.25336842105263
0010 16.411263157894737
1000 16.569157894736843
0001 16.727052631578946
0010 16.884947368421052
0100 17.042842105263155
1000 17.20073684210526
0001 17.279684210526316
0100 17.358631578947367
0010 17.516526315789474
1000 17.674421052631576
0001 17.832315789473682
0011 17.99021052631579
0010 18.148105263157895
0001 18.305999999999997
1000 18.463894736842104
0001 18.54284210526316
0010 18.62178947368421
0001 18.779684210526316
1000 18.93757894736842
0010 19.095473684210525
0100 19.25336842105263
0001 19.411263157894737
1000 19.56915789473684
0001 19.727052631578946
0010 19.806
0100 19.884947368421052
0010 19.963894736842104
0001 20.04284210526316
1000 20.12178947368421
0001 20.20073684210526
0100 20.279684210526316
0010 20.358631578947367
1000 20.43757894736842
0010 20.516526315789474
1000 20.67442105263158
0100 20.832315789473682
0010 20.99021052631579
0001 21.069157894736843
1000 21.148105263157895
0010 21.306
0100 21.463894736842104
0001 21.62178947368421
1000 21.70073684210526
0001 21.779684210526316
0010 21.937578947368422
0001 22.095473684210525
0010 22.25336842105263
0100 22.332315789473686
1000 22.411263157894737
0002 22.569157894736843
1000 22.727052631578946
1003 22.884947368421052
0100 23.04284210526316
0010 23.200736842105265
0001 23.358631578947367
1000 23.516526315789474
0010 23.59547368421053
0100 23.67442105263158
0010 23.832315789473686
1000 23.99021052631579
0001 24.148105263157895
0100 24.227052631578946
0001 24.306
0010 24.463894736842107
0100 24.62178947368421
1000 24.779684210526316
0100 24.85863157894737
0010 24.937578947368422
0200 25.09547368421053
1000 25.25336842105263
1300 25.411263157894737
0010 25.569157894736843
0100 25.72705263157895
0001 25.884947368421052
0010 26.04284210526316
0100 26.121789473684213
1000 26.200736842105265
0001 26.35863157894737
0100 26.516526315789474
0010 26.67442105263158
1000 26.75336842105263
0010 26.832315789473682
1000 26.99021052631579
0100 27.14810526315789
0010 27.305999999999997
0001 27.384947368421052
1000 27.463894736842104
0020 27.62178947368421
0100 27.779684210526312
0130 27.93757894736842
0001 28.095473684210525
1000 28.25336842105263
0010 28.332315789473682
0100 28.411263157894734
0001 28.56915789473684
0010 28.648105263157895
0100 28.727052631578946
0010 28.884947368421052
0001 28.963894736842104
1000 29.042842105263155
0010 29.20073684210526
0100 29.279684210526316
0001 29.358631578947367
1000 29.516526315789474
0100 29.595473684210525
0010 29.674421052631576
0001 29.832315789473682
1000 29.911263157894737
0010 29.99021052631579
2000 30.148105263157895
0100 30.305999999999997
3100 30.463894736842104
0010 30.62178947368421
0001 30.779684210526316
1000 30.93757894736842
0010 31.095473684210525
0100 31.17442105263158
0001 31.25336842105263
1000 31.411263157894737
0100 31.56915789473684
0010 31.727052631578946
0001 31.806
1000 31.884947368421052
0010 32.042842105263155
0100 32.20073684210526
0010 32.35863157894737
1000 32.437578947368415
0001 32.51652631578947
0010 32.67442105263157
0100 32.83231578947368
0010 32.990210526315785
0001 33.06915789473684
1000 33.14810526315789
0010 33.30599999999999
0100 33.4638947368421
0001 33.6217894736842
0010 33.70073684210526
0100 33.779684210526305
1000 33.937578947368415
0001 34.09547368421052
0100 34.25336842105263
0001 34.332315789473675
1000 34.41126315789473
0100 34.56915789473683
0010 34.72705263157894
0001 34.884947368421045
1000 34.9638947368421
0010 35.04284210526315
0100 35.20073684210526
0001 35.35863157894736
0010 35.51652631578947
0100 35.59547368421052
1000 35.67442105263157
0001 35.832315789473675
0100 35.990210526315785
0010 36.14810526315789
1000 36.22705263157894
0001 36.30599999999999
1000 36.4638947368421
0100 36.6217894736842
0010 36.77968421052631
0001 36.85863157894736
1000 36.937578947368415
0010 37.09547368421052
0100 37.25336842105263
0001 37.41126315789473
0010 37.490210526315785
0100 37.56915789473683
0010 37.72705263157894
0001 37.884947368421045
1000 38.042842105263155
0010 38.1217894736842
0100 38.20073684210526
0001 38.35863157894736
1000 38.437578947368415
0100 38.51652631578947
0010 38.67442105263157
0001 38.75336842105263
1000 38.832315789473675
0010 38.990210526315785
0100 39.06915789473684
0001 39.14810526315789
1000 39.22705263157894
0100 39.306
0010 39.384947368421045
0001 39.4638947368421
1000 39.6217894736842
0010 39.77968421052631
0200 39.937578947368415
0301 40.25336842105263
1000 40.41126315789473
0100 40.490210526315785
0010 40.56915789473684
0001 40.64810526315789
2000 40.72705263157894
0010 41.042842105263155
3200 41.35863157894736
0310 41.67442105263157
0001 41.75336842105263
1000 41.83231578947368
0010 41.91126315789473
0100 41.990210526315785
0100 42.306
0100 42.6217894736842
0110 42.937578947368415
1001 43.25336842105263
1000 43.41126315789473
0010 43.56915789473684
0100 43.72705263157894
0001 43.806
1000 43.9638947368421
0100 44.042842105263155
0010 44.20073684210526
0001 44.35863157894737
1000 44.51652631578947
0010 44.67442105263157
0100 44.83231578947368
0001 44.990210526315785
0010 45.06915789473684
0100 45.22705263157894
1000 45.306
0001 45.4638947368421
0100 45.62178947368421
0010 45.77968421052631
1000 45.937578947368415
0001 46.095473684210525
0010 46.25336842105263
0100 46.33231578947368
1000 46.490210526315785
0001 46.56915789473684
0100 46.72705263157894
0010 46.88494736842105
1000 47.042842105263155
0100 47.20073684210526
0010 47.35863157894737
0001 47.51652631578947
1000 47.595473684210525
0010 47.75336842105263
0100 47.83231578947368
0001 47.990210526315785
1000 48.148105263157895
0100 48.306
0010 48.4638947368421
0100 48.62178947368421
1000 48.77968421052631
0001 48.85863157894737
0100 49.01652631578947
0001 49.095473684210525
1000 49.25336842105263
0001 49.41126315789474
0010 49.56915789473684
0100 49.72705263157894
1000 49.88494736842105
0001 50.042842105263155
0100 50.12178947368421
0010 50.27968421052631
1000 50.35863157894737
0001 50.51652631578947
1000 50.67442105263158
0100 50.83231578947368
0010 50.990210526315785
0100 51.148105263157895
1000 51.306
0001 51.38494736842105
0100 51.542842105263155
0001 51.62178947368421
1000 51.77968421052631
0100 51.93757894736842
1000 52.09547368421052
0001 52.25336842105262
0100 52.41126315789473
0010 52.56915789473683
1000 52.64810526315789
0001 52.727052631578935
1000 52.80599999999999
0100 52.884947368421045
0010 52.9638947368421
0001 53.04284210526315
1000 53.1217894736842
0010 53.20073684210526
0100 53.279684210526305
0001 53.35863157894736
0100 53.51652631578946
0001 53.67442105263157
1000 53.832315789473675
0100 53.91126315789473
0100 54.06915789473683
0001 54.14810526315789
1000 54.30599999999999
0010 54.4638947368421
0100 54.6217894736842
0001 54.779684210526305
0010 54.937578947368415
0100 55.09547368421052
0010 55.17442105263157
0010 55.332315789473675
1000 55.41126315789473
0001 55.56915789473683
0100 55.72705263157894
0010 55.884947368421045
1000 56.053368421052625
0001 56.221789473684204
0010 56.390210526315784
0100 56.47442105263157
0100 56.55863157894736
0001 56.64284210526315
1000 56.81126315789473
0001 56.97968421052631
0100 57.14810526315789
0010 57.30599999999999
1000 57.4638947368421
0001 57.6217894736842
0010 57.70073684210526
0010 57.85863157894736
1000 57.937578947368415
0001 58.09547368421052
0100 58.25336842105263
0010 58.41126315789473
1000 58.56915789473683
0001 58.72705263157894
1000 58.884947368421045
0100 58.9638947368421
0100 59.1217894736842
0010 59.20073684210526
1000 59.35863157894736
0010 59.51652631578947
0100 59.67442105263157
0001 59.832315789473675
1000 59.990210526315785
0100 60.14810526315789
0010 60.22705263157894
0010 60.384947368421045
1000 60.4638947368421
0001 60.6217894736842
0010 60.77968421052631
0100 60.937578947368415
1000 61.105999999999995
0001 61.274421052631574
0010 61.44284210526315
0100 61.52705263157894
0100 61.61126315789473
0001 61.69547368421052
1000 61.8638947368421
0010 62.03231578947368
0100 62.20073684210526
0001 62.35863157894736
0010 62.51652631578947
0001 62.67442105263157
0010 62.75336842105263
0010 62.91126315789473
0100 62.990210526315785
0001 63.14810526315789
1000 63.22705263157894
0010 63.306
1000 63.384947368421045
0001 63.4638947368421
0100 63.6217894736842
0001 63.77968421052631
0010 63.937578947368415
1000 64.01652631578948
1000 64.17442105263157
0100 64.25336842105263
0010 64.41126315789474
0001 64.56915789473683
1000 64.72705263157894
0100 64.89547368421051
1000 65.0638947368421
0010 65.23231578947367
0001 65.31652631578947
0001 65.40073684210526
0100 65.48494736842105
0001 65.65336842105263
0100 65.8217894736842
0010 65.99021052631578
1000 66.14810526315789
0010 66.30599999999998
0100 66.4638947368421
1000 66.54284210526315
1000 66.70073684210526
0010 66.7796842105263
1000 66.93757894736841
0010 67.09547368421052
1000 67.25336842105263
0001 67.4217894736842
0010 67.59021052631579
0100 67.75863157894736
0001 67.84284210526316
0001 67.92705263157895
0010 68.01126315789473
0001 68.17968421052632
0100 68.34810526315789
0010 68.51652631578946
1000 68.67442105263157
0001 68.83231578947367
0010 68.99021052631578
1000 69.06915789473683
1000 69.22705263157894
0001 69.30599999999998
0010 69.4638947368421
0001 69.6217894736842
1000 69.77968421052631
0001 69.94810526315788
0010 70.11652631578947
0100 70.28494736842104
0001 70.36915789473684
0001 70.45336842105263
1000 70.53757894736842
0010 70.706
0100 70.87442105263158
0001 71.04284210526315
0010 71.20073684210526
0001 71.35863157894735
0010 71.51652631578946
1000 71.59547368421052
1000 71.75336842105263
0001 71.83231578947367
0100 71.99021052631578
0010 72.14810526315789
1000 72.306
0100 72.46389473684211
0010 72.54284210526316
0001 72.6217894736842
1000 72.77968421052631
0001 72.85863157894737
0100 72.93757894736842
0010 73.09547368421052
0100 73.17442105263157
0001 73.25336842105263
1000 73.33231578947368
0100 73.41126315789474
0010 73.49021052631579
0001 73.56915789473683
1000 73.72705263157894
0010 73.88494736842104
0100 74.04284210526315
1000 74.1217894736842
1000 74.27968421052631
0001 74.35863157894735
0100 74.51652631578946
0010 74.67442105263157
1000 74.83231578947368
0001 75.00073684210525
0100 75.16915789473684
0010 75.33757894736841
0001 75.42178947368421
0001 75.506
1000 75.59021052631579
0010 75.75863157894737
0100 75.84284210526316
0001 75.92705263157895
0100 76.01126315789473
0010 76.09547368421052
1000 76.25336842105263
0100 76.41126315789472
0010 76.56915789473683
0001 76.64810526315789
1000 76.72705263157894
0001 76.88494736842104
1000 77.04284210526315
0010 77.1217894736842
0100 77.20073684210526
0001 77.27968421052631
1000 77.35863157894737
1000 77.67442105263157
1000 77.99021052631579
1000 78.306
1001 78.6217894736842
0001 78.77968421052631
0100 78.85863157894737
0010 78.93757894736841
1000 79.09547368421052
0001 79.25336842105263
0010 79.41126315789472
0100 79.56915789473683
1000 79.72705263157894
0001 79.88494736842105
0100 80.04284210526316
0010 80.20073684210526
1000 80.35863157894737
0100 80.51652631578948
0010 80.67442105263157
0001 80.83231578947368
0010 80.99021052631579
0011 81.14810526315789
0001 81.306
0100 81.38494736842105
0010 81.4638947368421
1000 81.6217894736842
0001 81.77968421052631
0010 81.93757894736841
0100 82.09547368421052
1000 82.25336842105263
0100 82.41126315789472
1000 82.56915789473683
0001 82.72705263157893
0100 82.88494736842104
0010 83.04284210526315
1000 83.20073684210524
0100 83.35863157894735
1000 83.51652631578946
1010 83.67442105263157
0010 83.83231578947368
0100 83.91126315789474
0001 83.99021052631578
1000 84.14810526315789
0100 84.306
0010 84.4638947368421
0001 84.6217894736842
0010 84.77968421052631
0001 84.93757894736841
1000 85.09547368421052
0010 85.25336842105261
1000 85.41126315789472
0001 85.56915789473683
0010 85.72705263157893
0100 85.88494736842104
1000 86.04284210526315
1001 86.20073684210526
0001 86.35863157894737
0100 86.43757894736842
0010 86.51652631578946
1000 86.67442105263157
0100 86.83231578947368
1000 86.99021052631578
0001 87.14810526315789
0100 87.306
0001 87.4638947368421
1000 87.6217894736842
0100 87.7796842105263
0010 87.93757894736841
0001 88.09547368421052
1000 88.17442105263157
0001 88.25336842105261
0100 88.33231578947367
0010 88.41126315789472
1000 88.49021052631578
0001 88.56915789473683
0010 88.64810526315789
0100 88.72705263157894
1000 88.88494736842105
0001 89.04284210526315
0100 89.20073684210526
0010 89.35863157894737
1000 89.51652631578946
0001 89.59547368421052
0010 89.67442105263157
0100 89.75336842105263
1000 89.83231578947368
0001 89.99021052631578
0100 90.14810526315789
0010 90.30599999999998
1000 90.4638947368421
0001 90.6217894736842
1000 90.7796842105263
0100 90.85863157894735
0010 90.93757894736841
0100 91.01652631578946
1000 91.09547368421052
1001 91.25336842105263
0001 91.41126315789474
0100 91.56915789473683
0001 91.72705263157894
1000 91.88494736842105
0001 92.04284210526315
0010 92.1217894736842
0001 92.20073684210526
1000 92.27968421052631
0010 92.35863157894737
0100 92.51652631578946
0001 92.67442105263157
1000 92.83231578947367
0100 92.99021052631578
0010 93.14810526315789
0100 93.30599999999998
1000 93.38494736842104
0001 93.4638947368421
1000 93.54284210526315
0010 93.6217894736842
0110 93.77968421052631
0100 93.93757894736842
0001 94.09547368421052
0010 94.25336842105263
0100 94.41126315789474
1000 94.56915789473683
0001 94.64810526315789
0100 94.72705263157894
0010 94.806
1000 94.88494736842105
0001 95.04284210526315
0010 95.20073684210526
0100 95.35863157894735
1000 95.51652631578946
0001 95.67442105263157
1000 95.83231578947367
0010 95.91126315789472
0100 95.99021052631578
0010 96.06915789473683
1000 96.14810526315789
1001 96.306
0001 96.46389473684211
0010 96.6217894736842
0001 96.77968421052631
1000 96.93757894736842
0001 97.09547368421052
0100 97.17442105263157
0001 97.25336842105263
1000 97.33231578947368
0100 97.41126315789474
0010 97.56915789473683
0001 97.72705263157894
1000 97.806
0010 97.88494736842104
0100 97.9638947368421
0001 98.04284210526315
1000 98.1217894736842
0100 98.20073684210526
0010 98.35863157894735
0001 98.51652631578946
1000 98.67442105263157
2002 98.83231578947368
0003 102.306
3100 102.46389473684211
0010 102.54284210526316
0001 102.6217894736842
