TITLE Now a NEW Day
BPM   158.0
NOTES
1001 4.268962025316456
1000 4.458835443037975
0010 4.648708860759494
0100 4.838582278481013
0001 5.028455696202531
0100 5.21832911392405
0001 5.4082025316455695
0020 5.598075949367089
0130 5.977822784810127
1000 6.167696202531646
0010 6.357569620253165
0100 6.547443037974684
0010 6.737316455696202
1000 6.9271898734177215
0020 7.117063291139241
1030 7.496810126582279
0100 7.686683544303798
0010 7.876556962025317
0001 8.066430379746835
0100 8.256303797468355
0001 8.446177215189874
0020 8.636050632911392
0031 9.01579746835443
1000 9.20567088607595
0100 9.395544303797468
0010 9.585417721518988
0001 9.775291139240506
0100 9.965164556962026
0001 10.155037974683545
0010 10.344911392405063
0001 10.534784810126581
0100 10.724658227848101
0010 10.91453164556962
1000 11.10440506329114
0001 11.294278481012658
0010 11.484151898734178
0200 11.674025316455696
1300 12.053772151898734
0001 12.243645569620254
0100 12.433518987341772
0010 12.623392405063292
1000 12.81326582278481
0001 13.00313924050633
0020 13.193012658227849
0031 13.572759493670887
1000 13.762632911392407
0100 13.952506329113925
0010 14.142379746835445
0001 14.332253164556963
1000 14.522126582278483
0020 14.712000000000002
0130 15.091746835443038
0100 15.281620253164558
0001 15.471493670886076
1000 15.661367088607596
3100 15.851240506329116
0010 16.041113924050634
0031 16.230987341772153
1000 16.42086075949367
0001 16.61073417721519
0011 16.800607594936707
0010 16.99048101265823
0100 17.180354430379747
1000 17.370227848101266
1001 17.560101265822784
0002 17.749974683544306
0103 18.129721518987342
0110 18.31959493670886
0010 18.509468354430382
1000 18.6993417721519
0001 18.88921518987342
0011 19.079088607594937
0010 19.26896202531646
0100 19.458835443037977
0010 19.648708860759495
0011 19.838582278481013
0001 20.028455696202535
1000 20.218329113924053
0010 20.40820253164557
1010 20.59807594936709
2000 20.78794936708861
3100 21.167696202531644
1100 21.357569620253162
1000 21.547443037974684
0001 21.737316455696202
1000 21.92718987341772
1010 22.11706329113924
0010 22.306936708860757
1000 22.49681012658228
0001 22.686683544303797
0101 22.876556962025315
0100 23.066430379746837
0010 23.256303797468355
1000 23.446177215189874
1001 23.63605063291139
0002 23.82592405063291
0013 24.20567088607595
0110 24.395544303797468
0100 24.58541772151899
1000 24.775291139240508
0001 24.965164556962026
0101 25.155037974683545
0100 25.344911392405063
0010 25.534784810126585
0100 25.724658227848103
0101 25.91453164556962
0001 26.104405063291143
0010 26.29427848101266
0100 26.48415189873418
1000 26.674025316455698
0001 26.76896202531646
1000 26.863898734177216
0001 26.958835443037977
1000 27.053772151898738
0010 27.243645569620256
0100 27.433518987341774
0001 27.623392405063296
1000 27.718329113924053
0001 27.908202531645575
0010 28.003139240506332
0110 28.19301265822785
0100 28.38288607594937
0010 28.47782278481013
0001 28.572759493670887
1000 28.762632911392405
1001 28.952506329113923
0001 29.142379746835445
0010 29.332253164556963
0110 29.617063291139242
1100 29.90187341772152
1000 30.09174683544304
0001 30.281620253164558
0101 30.471493670886076
0100 30.661367088607598
0001 30.851240506329116
0010 30.946177215189874
0100 31.136050632911395
1000 31.230987341772153
0001 31.325924050632914
1000 31.420860759493674
0001 31.51579746835443
1000 31.610734177215193
0100 31.80060759493671
1100 31.990481012658233
1000 32.18035443037975
0001 32.37022784810127
0010 32.560101265822794
1100 32.74997468354431
0001 32.93984810126583
1000 33.129721518987346
0010 33.31959493670887
0110 33.50946835443038
0100 33.699341772151904
0001 33.88921518987342
1000 33.98415189873418
0001 34.1740253164557
1000 34.26896202531646
1100 34.45883544303798
0100 34.6487088607595
0010 34.83858227848102
0011 35.028455696202535
0001 35.21832911392406
1000 35.40820253164557
1000 35.59807594936709
1100 35.787949367088615
0100 35.97782278481013
0010 36.16769620253165
0001 36.35756962025317
1001 36.54744303797469
1000 36.73731645569621
0010 36.927189873417724
0100 37.02212658227849
0001 37.212
0010 37.30693670886077
0110 37.49681012658228
0100 37.686683544303804
1000 37.876556962025326
1100 38.06643037974684
0100 38.25630379746836
0010 38.44617721518988
0001 38.6360506329114
1001 38.82592405063292
1000 39.015797468354435
0010 39.20567088607596
1010 39.58541772151899
1000 39.96516455696203
0001 40.060101265822794
0100 40.15503797468355
0010 40.24997468354431
1000 40.43984810126583
0001 40.53478481012659
0010 40.62972151898735
0100 40.72465822784811
1000 40.91453164556963
0001 41.00946835443039
1000 41.104405063291146
0001 41.29427848101267
0100 41.48415189873418
0010 41.57908860759495
1000 41.76896202531646
0100 41.863898734177226
0010 41.958835443037984
0001 42.05377215189874
1000 42.148708860759506
0001 42.243645569620256
1000 42.33858227848101
0001 42.528455696202535
0100 42.62339240506329
0010 42.813265822784814
1000 43.00313924050633
0001 43.19301265822785
0101 43.38288607594937
0100 43.57275949367089
0010 43.76263291139241
1000 43.95250632911393
0001 44.142379746835445
0010 44.33225316455697
0100 44.52212658227848
1000 44.712
0001 44.901873417721525
0010 44.99681012658228
0001 45.09174683544304
0100 45.186683544303804
0010 45.28162025316456
1000 45.37655696202532
0100 45.47149367088608
0010 45.56643037974684
0001 45.6613670886076
0100 45.75630379746836
0010 45.85124050632912
1000 45.94617721518988
0100 46.041113924050634
1000 46.1360506329114
0001 46.230987341772156
0100 46.32592405063291
0010 46.42086075949368
1000 46.515797468354435
0010 46.61073417721519
0100 46.70567088607596
0001 46.800607594936714
1000 46.990481012658236
0001 47.08541772151899
0010 47.18035443037975
0100 47.37022784810127
0010 47.56010126582279
0001 47.74997468354431
1000 47.93984810126583
0010 48.03478481012659
0100 48.129721518987346
0001 48.22465822784811
1000 48.31959493670887
0100 48.50946835443039
0010 48.604405063291146
0001 48.699341772151904
1000 48.889215189873426
0001 49.07908860759494
0100 49.26896202531646
0110 49.458835443037984
0010 49.6487088607595
1000 49.83858227848102
0001 49.93351898734178
0010 50.1233924050633
0100 50.21832911392406
1000 50.40820253164558
0001 50.503139240506336
1000 50.59807594936709
0100 50.787949367088615
0010 50.97782278481014
0001 51.072759493670894
0010 51.16769620253165
0001 51.262632911392416
1000 51.35756962025317
0010 51.547443037974695
0100 51.73731645569621
0001 51.92718987341773
1000 52.117063291139246
0100 52.21200000000001
1000 52.30693670886077
0010 52.401873417721525
0100 52.49681012658229
0001 52.59174683544305
0010 52.686683544303804
0100 52.78162025316457
1000 52.876556962025326
0001 53.06643037974685
0110 53.25630379746836
1000 53.446177215189884
0001 53.6360506329114
0100 53.82592405063292
1010 54.01579746835444
0001 54.20567088607596
0010 54.39554430379748
0100 54.585417721519
0011 54.775291139240515
1000 54.96516455696204
0001 55.15503797468355
0010 55.34491139240507
1100 55.534784810126595
1000 55.72465822784811
0001 55.914531645569625
0100 56.104405063291146
1010 56.29427848101266
0001 56.48415189873418
0100 56.6740253164557
0001 56.86389873417722
0110 57.05377215189874
1000 57.243645569620256
0010 57.43351898734178
0100 57.6233924050633
1001 57.813265822784814
0010 58.003139240506336
0100 58.19301265822785
0010 58.287949367088615
0100 58.47782278481013
0010 58.572759493670894
0110 58.76263291139241
0100 58.95250632911393
0010 59.14237974683545
1001 59.33225316455697
1000 59.52212658227849
0010 59.712
0100 59.901873417721525
0101 60.09174683544305
1000 60.28162025316456
0010 60.47149367088608
0100 60.661367088607605
1010 60.85124050632912
1000 61.04111392405064
0100 61.230987341772156
0010 61.42086075949368
1001 61.6107341772152
1000 61.800607594936714
0001 61.990481012658236
1000 62.18035443037976
0011 62.37022784810127
1000 62.560101265822794
0100 62.74997468354431
0100 62.93984810126583
1100 63.12972151898735
1001 63.31959493670887
1000 63.50946835443039
0100 63.604405063291146
0010 63.889215189873426
0001 64.07908860759494
1000 64.26896202531647
0010 64.36389873417723
0100 64.55377215189874
0001 64.6487088607595
0100 64.74364556962026
0001 64.83858227848103
1000 65.02845569620254
0001 65.21832911392406
0011 65.40820253164559
0010 65.5980759493671
0001 65.78794936708861
1000 65.97782278481014
1010 66.16769620253166
0020 66.35756962025317
0130 66.7373164556962
0101 66.92718987341773
0001 67.11706329113925
1000 67.30693670886076
0100 67.49681012658229
0110 67.6866835443038
0010 67.87655696202532
0001 68.06643037974685
1000 68.25630379746836
1001 68.44617721518989
0001 68.6360506329114
1000 68.82592405063292
0100 69.01579746835445
1100 69.20567088607596
2000 69.39554430379748
3001 69.77529113924051
1001 69.96516455696204
1000 70.15503797468355
0010 70.34491139240507
0100 70.5347848101266
0110 70.72465822784811
0010 70.91453164556962
0100 71.10440506329115
0001 71.29427848101267
1001 71.4841518987342
1000 71.67402531645571
0100 71.86389873417723
0010 72.05377215189876
0011 72.24364556962027
0002 72.43351898734178
1003 72.81326582278481
1010 73.00313924050634
0010 73.19301265822786
1000 73.38288607594937
0001 73.5727594936709
0011 73.76263291139242
0010 73.95250632911393
0100 74.14237974683545
1000 74.33225316455696
1001 74.52212658227849
0001 74.712
0100 74.90187341772152
0001 75.09174683544305
1001 75.28162025316456
1000 75.47149367088608
0001 75.6613670886076
0010 75.75630379746836
0100 76.04111392405065
1000 76.23098734177216
0001 76.32592405063292
1000 76.51579746835444
0010 76.6107341772152
0100 76.80060759493672
0010 76.89554430379748
1000 76.99048101265824
0010 77.085417721519
0100 77.18035443037975
0001 77.37022784810127
1000 77.5601012658228
0100 77.74997468354431
0010 77.93984810126582
0001 78.03478481012658
0010 78.12972151898735
0001 78.22465822784811
1000 78.31959493670887
0100 78.50946835443038
0010 78.60440506329114
0001 78.69934177215191
1000 78.88921518987343
0001 78.98415189873418
0100 79.07908860759495
0010 79.17402531645571
1000 79.26896202531647
0001 79.36389873417723
1000 79.45883544303798
0010 79.55377215189874
0100 79.74364556962027
0001 79.83858227848103
1000 80.02845569620254
0100 80.1233924050633
0010 80.21832911392406
0001 80.40820253164557
0010 80.50313924050633
0001 80.69301265822786
1000 80.78794936708861
0010 80.97782278481013
1000 81.07275949367089
0100 81.26263291139242
0010 81.35756962025317
0001 81.54744303797469
1000 81.64237974683545
0001 81.73731645569622
0100 81.92718987341773
0010 82.02212658227849
1000 82.21200000000002
0001 82.30693670886077
1000 82.49681012658229
0100 82.59174683544305
0010 82.68668354430382
0011 82.87655696202533
0001 83.06643037974685
1000 83.1613670886076
0001 83.25630379746836
0010 83.44617721518988
0100 83.54111392405063
1000 83.73098734177216
0001 83.82592405063292
0100 84.01579746835444
0010 84.11073417721519
1000 84.20567088607596
0001 84.30060759493672
0010 84.39554430379748
0100 84.49048101265824
0010 84.585417721519
0001 84.68035443037975
0100 84.77529113924051
0010 84.96516455696202
1000 85.15503797468355
0001 85.34491139240507
0101 85.53478481012658
0100 85.72465822784811
0010 85.91453164556962
1000 86.00946835443038
0001 86.1993417721519
1000 86.29427848101267
0100 86.38921518987343
0010 86.48415189873418
0001 86.57908860759494
0010 86.67402531645571
0100 86.86389873417723
1000 86.95883544303798
0001 87.1487088607595
0100 87.24364556962027
0010 87.43351898734178
1000 87.52845569620254
0001 87.71832911392406
1000 87.81326582278481
0100 87.90820253164557
0010 88.09807594936709
0001 88.19301265822786
1000 88.38288607594937
0010 88.47782278481013
1000 88.66769620253164
0001 88.76263291139242
0010 88.85756962025317
0100 88.95250632911393
1000 89.04744303797469
0100 89.14237974683545
1000 89.33225316455697
0001 89.52212658227849
0110 89.71200000000002
1000 89.90187341772153
0001 90.09174683544305
0010 90.28162025316458
1100 90.47149367088609
1000 90.6613670886076
0001 90.85124050632912
0100 91.04111392405063
1010 91.23098734177216
0100 91.42086075949368
0010 91.61073417721519
0100 91.80060759493672
1001 91.99048101265824
1000 92.18035443037975
0010 92.37022784810128
0100 92.5601012658228
1001 92.74997468354432
0001 92.93984810126584
0100 93.12972151898735
0001 93.31959493670888
1010 93.5094683544304
1000 93.69934177215191
0100 93.88921518987343
0010 94.07908860759494
1100 94.26896202531647
0001 94.45883544303798
0010 94.6487088607595
0001 94.83858227848103
1001 95.02845569620254
1000 95.21832911392406
0010 95.31326582278481
0100 95.40820253164559
0001 95.5980759493671
1010 95.78794936708863
1000 95.97782278481014
0100 96.16769620253166
0010 96.35756962025319
0110 96.5474430379747
0001 96.73731645569622
1000 96.92718987341773
0100 97.11706329113925
0011 97.30693670886077
1000 97.49681012658229
0001 97.6866835443038
0100 97.87655696202533
1010 98.06643037974685
1000 98.25630379746836
0001 98.44617721518988
0010 98.63605063291139
1001 98.82592405063292
0100 99.01579746835444
0010 99.20567088607595
0100 99.39554430379748
1001 99.585417721519
1000 99.77529113924051
0010 99.96516455696204
0101 100.15503797468355
0101 100.34491139240508
0101 100.5347848101266
1000 100.72465822784811
0010 100.81959493670887
0100 101.0094683544304
0001 101.10440506329115
2001 101.29427848101267
0002 102.6233924050633
3003 103.95250632911394
