TITLE Poof Magic
BPM   146.0
NOTES
0001 6.593342465753424
1000 6.798821917808219
0010 7.004301369863013
0100 7.209780821917808
0001 7.415260273972602
0010 7.620739726027397
0100 7.826219178082192
1000 8.031698630136987
0001 8.23717808219178
0100 8.64813698630137
0010 8.95635616438356
1000 9.059095890410958
0010 9.161835616438356
0100 9.264575342465752
0001 9.36731506849315
1000 9.675534246575342
0001 9.881013698630138
0010 10.291972602739728
0100 10.60019178082192
0010 10.702931506849316
0001 10.805671232876714
1000 10.90841095890411
0001 11.011150684931508
1000 11.3193698630137
0200 11.524849315068494
1000 11.935808219178083
0310 12.346767123287671
0001 12.44950684931507
1000 12.654986301369863
0001 12.757726027397261
0100 12.860465753424657
0001 12.963205479452055
1000 13.065945205479453
0010 13.16868493150685
0100 13.271424657534247
0001 13.476904109589041
1000 13.682383561643835
0100 13.887863013698631
0010 13.990602739726027
0001 14.196082191780821
1000 14.401561643835617
0010 14.60704109589041
0100 14.812520547945205
0001 15.017999999999999
1000 15.223479452054795
0100 15.428958904109589
0010 15.634438356164383
0001 15.839917808219177
0010 16.045397260273973
0001 16.25087671232877
1000 16.45635616438356
0010 16.661835616438356
0100 16.86731506849315
0001 17.072794520547944
0010 17.27827397260274
0001 17.483753424657532
1000 17.689232876712328
0100 17.89471232876712
1000 18.100191780821916
0010 18.305671232876712
0100 18.511150684931504
0001 18.7166301369863
0010 18.922109589041096
0100 19.127589041095888
1000 19.333068493150684
0001 19.53854794520548
1000 19.744027397260275
0010 19.846767123287673
0100 20.052246575342465
0001 20.25772602739726
0010 20.463205479452057
0100 20.565945205479455
0010 20.771424657534247
0001 20.976904109589043
1000 21.18238356164384
0010 21.38786301369863
0100 21.593342465753427
0010 21.79882191780822
1000 22.004301369863015
0100 22.20978082191781
0010 22.415260273972603
0100 22.6207397260274
1000 22.82621917808219
0001 23.031698630136987
0100 23.237178082191782
0010 23.442657534246575
1000 23.64813698630137
0001 23.853616438356166
0010 24.05909589041096
0100 24.264575342465754
1000 24.47005479452055
0001 24.675534246575342
0100 24.77827397260274
0010 24.983753424657532
1000 25.189232876712328
0100 25.394712328767124
0010 25.497452054794522
0001 25.702931506849314
1001 25.90841095890411
1000 26.113890410958902
0010 26.319369863013698
0100 26.524849315068494
0101 26.730328767123286
0001 26.93580821917808
1000 27.141287671232877
0100 27.34676712328767
0110 27.552246575342465
0010 27.75772602739726
0001 27.963205479452053
1001 28.37416438356164
1000 28.785123287671233
1100 29.19608219178082
0100 29.60704109589041
0010 29.9152602739726
0001 30.223479452054793
1000 30.42895890410959
0010 30.73717808219178
0100 31.045397260273973
0010 31.250876712328765
1000 31.661835616438353
0001 31.86731506849315
2000 32.072794520547944
3200 32.48375342465753
0310 32.89471232876712
0001 33.100191780821916
1001 33.30567123287671
1000 33.5111506849315
0010 33.716630136986296
0100 33.92210958904109
0101 34.12758904109589
0001 34.333068493150684
0010 34.53854794520548
0100 34.84676712328767
1000 35.15498630136986
0001 35.360465753424656
0100 35.77142465753425
0010 35.97690410958904
1000 36.18238356164383
0100 36.38786301369863
1100 36.59334246575342
1000 36.79882191780821
0001 37.00430136986301
0100 37.2097808219178
0101 37.4152602739726
0001 37.620739726027395
0010 37.82621917808219
0100 38.23717808219178
1000 38.44265753424657
0001 38.64813698630137
1000 38.75087671232877
0001 38.956356164383564
0100 39.05909589041096
0010 39.16183561643835
1000 39.264575342465754
0001 39.36731506849315
0010 39.47005479452055
0100 39.675534246575346
1000 39.88101369863014
0001 40.291972602739726
1000 40.90841095890411
0100 41.1138904109589
0010 41.216630136986296
0001 41.42210958904109
1000 41.62758904109589
0010 41.833068493150684
0100 41.93580821917808
0001 42.141287671232874
0010 42.34676712328767
0100 42.552246575342465
1000 42.75772602739726
0010 42.96320547945206
0100 43.16868493150685
0010 43.57964383561644
1000 44.196082191780825
0001 44.40156164383561
0100 44.60704109589041
0010 44.812520547945205
1000 45.22347945205479
0100 45.428958904109585
0010 45.63443835616438
0001 45.83991780821918
1000 46.04539726027397
0010 46.25087671232877
0100 46.456356164383564
0001 46.86731506849315
1000 47.483753424657536
0010 47.689232876712325
0100 47.89471232876712
0001 48.100191780821916
1000 48.5111506849315
0100 48.716630136986296
0010 48.92210958904109
0100 49.12758904109589
1000 49.333068493150684
0001 49.641287671232874
0100 49.84676712328767
0010 50.052246575342465
1000 50.15498630136986
0100 50.360465753424656
0010 50.56594520547945
0100 50.77142465753425
1000 50.976904109589036
0001 51.38786301369863
1000 51.69608219178082
0100 51.79882191780821
0010 52.00430136986301
0001 52.2097808219178
1000 52.4152602739726
0001 52.620739726027395
0100 52.72347945205479
0101 52.928958904109585
0101 53.13443835616438
0001 53.33991780821918
1000 53.44265753424657
0100 53.64813698630137
0010 53.85361643835616
0001 54.05909589041096
1000 54.16183561643835
0010 54.264575342465754
0100 54.47005479452055
0010 54.675534246575346
1000 54.881013698630134
0100 55.08649315068493
0010 55.18923287671233
0001 55.39471232876713
1000 55.49745205479452
0010 55.70293150684932
1000 55.908410958904106
0001 56.0111506849315
1001 56.216630136986296
1001 56.42210958904109
1000 56.62758904109589
0010 56.73032876712328
0100 56.93580821917808
0001 57.141287671232874
0010 57.24402739726027
0001 57.34676712328767
0010 57.449506849315064
0001 57.552246575342465
0100 57.75772602739726
0010 57.860465753424656
1000 58.06594520547945
0001 58.27142465753425
1000 58.37416438356164
0100 58.47690410958904
0010 58.68238356164383
0001 58.88786301369863
0010 59.09334246575342
0100 59.19608219178082
1000 59.40156164383561
0001 59.50430136986301
0100 59.7097808219178
0001 59.8125205479452
0010 60.017999999999994
0100 60.22347945205479
1000 60.326219178082184
0010 60.53169863013698
1000 60.63443835616438
0001 60.83991780821918
1000 61.04539726027397
0100 61.14813698630137
0010 61.35361643835616
0001 61.45635616438356
1000 61.55909589041096
0001 61.66183561643835
0100 61.86731506849315
0010 61.97005479452055
1000 62.17553424657534
0001 62.27827397260274
0010 62.381013698630134
0100 62.48375342465753
1000 62.689232876712325
0001 62.79197260273972
0010 62.997452054794515
0001 63.10019178082191
0100 63.305671232876705
0010 63.5111506849315
1000 63.6138904109589
0100 63.81936986301369
0010 63.92210958904109
0001 64.12758904109589
1000 64.33306849315068
0010 64.43580821917809
1000 64.64128767123287
0001 64.74402739726027
0010 64.8125205479452
0100 64.88101369863014
1000 64.94950684931507
0001 65.15498630136986
0100 65.25772602739725
0001 65.46320547945206
0010 65.56594520547945
0100 65.66868493150685
1000 65.77142465753424
0001 65.97690410958903
0100 66.07964383561644
0010 66.28512328767123
1000 66.38786301369862
0100 66.59334246575342
0010 66.79882191780821
0001 66.9015616438356
1000 67.10704109589041
0001 67.2097808219178
1000 67.4152602739726
0010 67.6207397260274
0100 67.7234794520548
0001 67.92895890410959
0010 68.03169863013699
0100 68.13443835616438
1000 68.23717808219179
0100 68.44265753424658
0010 68.54539726027397
0100 68.75087671232878
1000 68.85361643835617
0001 68.95635616438356
0100 69.05909589041096
0001 69.26457534246575
0100 69.36731506849316
0010 69.57279452054794
1000 69.67553424657534
0100 69.88101369863014
1000 70.08649315068493
0001 70.18923287671232
0010 70.39471232876713
0100 70.49745205479452
1000 70.56594520547945
0100 70.63443835616438
1000 70.70293150684931
0001 70.9084109589041
0100 71.1138904109589
0010 71.2166301369863
1000 71.31936986301369
0010 71.42210958904109
0100 71.5248493150685
0001 71.73032876712328
2000 71.93580821917807
3100 72.34676712328766
0100 72.65498630136986
0100 72.86046575342465
0100 73.06594520547944
0010 73.16868493150685
0010 73.47690410958903
0010 73.68238356164383
0010 73.88786301369862
0001 73.99060273972603
0001 74.29882191780823
0001 74.50430136986301
0001 74.7097808219178
1000 74.81252054794521
1000 75.1207397260274
1000 75.3262191780822
1000 75.53169863013699
0010 75.63443835616438
0010 75.94265753424658
0010 76.14813698630137
0010 76.35361643835616
0100 76.45635616438356
0100 76.76457534246575
0100 76.97005479452055
0100 77.17553424657534
0001 77.27827397260273
0001 77.58649315068493
0001 77.79197260273972
0001 77.99745205479451
1000 78.10019178082192
1000 78.4084109589041
1000 78.6138904109589
1000 78.81936986301369
0100 78.9221095890411
0100 79.2303287671233
0100 79.43580821917809
0100 79.64128767123287
0010 79.74402739726028
0010 80.05224657534247
0010 80.25772602739727
0010 80.46320547945206
0100 80.56594520547945
0100 80.87416438356165
0100 81.07964383561644
0100 81.28512328767123
1000 81.38786301369863
1000 81.69608219178082
1000 81.90156164383562
1000 82.10704109589041
0001 82.2097808219178
0010 82.3125205479452
0100 82.41526027397259
1000 82.518
0100 82.6207397260274
0010 82.72347945205479
0001 82.82621917808218
1000 82.92895890410958
0001 83.03169863013699
0100 83.13443835616438
0010 83.23717808219178
1000 83.33991780821917
0010 83.44265753424656
0100 83.54539726027397
0001 83.64813698630137
1000 83.75087671232876
0001 83.85361643835616
0010 84.26457534246575
0100 84.47005479452054
1000 84.57279452054793
0001 84.67553424657534
0100 84.77827397260273
0001 84.88101369863013
0100 84.98375342465752
0010 85.08649315068492
1000 85.18923287671232
0001 85.29197260273972
1000 85.49745205479452
0100 85.70293150684931
0010 85.80567123287672
0001 86.01115068493151
1000 86.1138904109589
0010 86.3193698630137
0100 86.5248493150685
0001 86.62758904109589
1000 86.83306849315069
0100 86.93580821917809
0010 87.14128767123287
0100 87.34676712328766
1000 87.44950684931507
0001 87.65498630136986
0010 87.75772602739725
0001 87.86046575342465
1000 87.96320547945206
0010 88.16868493150685
0100 88.27142465753424
0001 88.47690410958904
1000 88.57964383561644
0001 88.68238356164383
0100 88.78512328767123
0001 88.99060273972601
1000 89.09334246575342
0100 89.29882191780821
0010 89.4015616438356
0001 89.60704109589041
1000 89.8125205479452
0010 89.91526027397259
0100 90.1207397260274
0010 90.22347945205479
1000 90.42895890410958
0001 90.63443835616437
0010 90.73717808219178
0100 90.94265753424656
1000 91.04539726027396
0001 91.11389041095889
0100 91.18238356164383
0010 91.25087671232876
1000 91.45635616438355
0001 91.55909589041094
0100 91.76457534246575
0010 91.86731506849314
1000 91.97005479452054
0001 92.07279452054794
0010 92.27827397260273
0100 92.38101369863014
0010 92.58649315068493
0001 92.68923287671232
1000 92.89471232876713
0010 93.10019178082192
0100 93.20293150684931
0001 93.40841095890411
1000 93.51115068493151
0100 93.7166301369863
0010 93.92210958904109
0001 94.0248493150685
1000 94.23032876712328
0001 94.33306849315068
0100 94.43580821917807
0010 94.53854794520548
0100 94.74402739726027
0001 94.84676712328766
1000 95.05224657534247
0100 95.15498630136986
0010 95.25772602739725
0001 95.36046575342465
1000 95.46320547945204
0010 95.66868493150685
0100 95.87416438356163
0001 96.07964383561642
0010 96.18238356164383
0100 96.38786301369862
0010 96.59334246575341
0001 96.79882191780821
1000 97.00430136986301
0010 97.2097808219178
0100 97.31252054794521
0001 97.518
1000 97.72347945205479
0100 97.8262191780822
0010 97.92895890410959
0001 98.03169863013699
1000 98.13443835616438
0001 98.23717808219178
0100 98.33991780821918
0010 98.44265753424658
1000 98.54539726027397
0001 98.64813698630137
0010 98.85361643835616
0100 98.95635616438356
0010 99.16183561643835
0001 99.26457534246575
1000 99.47005479452055
0010 99.67553424657534
0100 99.77827397260273
0001 99.98375342465754
1000 100.08649315068493
0100 100.29197260273972
0010 100.49745205479451
0001 100.70293150684931
1000 101.1138904109589
0010 101.31936986301369
0100 101.52484931506848
0001 101.73032876712328
1000 101.93580821917807
0100 102.14128767123286
1000 102.24402739726027
0001 102.44950684931506
0100 102.55224657534245
0010 102.75772602739725
1000 102.96320547945204
0100 103.06594520547944
0010 103.27142465753424
0001 103.37416438356163
1000 103.57964383561644
0001 103.78512328767123
0010 103.88786301369863
0001 104.09334246575342
1000 104.19608219178082
0010 104.26457534246575
0100 104.33306849315068
0001 104.40156164383562
1000 104.60704109589041
0001 104.7097808219178
0010 104.9152602739726
0100 105.018
0010 105.1207397260274
0001 105.22347945205479
1000 105.42895890410958
0010 105.53169863013699
0100 105.73717808219178
0010 105.83991780821917
1000 106.04539726027397
0001 106.25087671232876
0100 106.35361643835616
0001 106.55909589041096
1000 106.66183561643835
0100 106.86731506849314
0010 107.07279452054793
0100 107.27827397260273
1000 107.68923287671232
0001 107.89471232876711
0010 108.1001917808219
0001 108.3056712328767
1000 108.51115068493151
0010 108.7166301369863
0100 108.8193698630137
0001 109.0248493150685
1000 109.12758904109589
0100 109.33306849315069
0010 109.53854794520548
0100 109.64128767123287
1000 109.84676712328768
0001 109.94950684931507
1000 110.15498630136986
0010 110.36046575342465
0100 110.46320547945206
0001 110.66868493150685
1000 110.77142465753424
0001 110.83991780821917
0010 110.90841095890411
0100 110.97690410958904
1000 111.18238356164383
0001 111.28512328767123
0100 111.49060273972603
0010 111.59334246575342
1000 111.69608219178082
0010 111.79882191780821
0100 111.9015616438356
0001 112.10704109589041
1000 112.3125205479452
0100 112.51799999999999
0010 112.6207397260274
0001 112.82621917808218
1000 113.03169863013697
0010 113.23717808219178
0100 113.44265753424656
0010 113.64813698630135
1010 113.85361643835616
1000 114.05909589041094
0001 114.26457534246575
0010 114.47005479452054
0110 114.67553424657532
0100 114.88101369863013
1000 115.08649315068493
0001 115.29197260273972
1001 115.49745205479452
1000 115.70293150684931
0010 115.90841095890411
0100 116.1138904109589
0101 116.31936986301369
0001 116.5248493150685
0010 116.73032876712328
0100 116.93580821917807
1100 117.14128767123287
1000 117.34676712328766
0010 117.55224657534247
1000 117.75772602739725
1001 117.96320547945204
0001 118.16868493150685
0010 118.37416438356163
0100 118.57964383561642
1000 118.78512328767123
0100 118.99060273972601
1000 119.19608219178082
0001 119.4015616438356
0100 119.6070410958904
0010 119.8125205479452
1000 120.018
0100 120.22347945205479
0110 120.42895890410959
0010 120.63443835616438
0001 120.83991780821918
1000 121.04539726027397
1001 121.25087671232876
0001 121.45635616438356
0100 121.66183561643835
0010 121.86731506849314
1010 122.07279452054794
1000 122.27827397260273
0100 122.48375342465754
0010 122.68923287671232
0011 122.89471232876711
0001 123.10019178082192
1000 123.3056712328767
0010 123.4084109589041
0100 123.5111506849315
0301 123.7166301369863
1000 123.81936986301369
0001 123.92210958904109
1000 124.02484931506848
0001 124.12758904109589
0010 124.23032876712328
0100 124.43580821917807
1000 124.53854794520547
0100 124.64128767123287
0010 124.74402739726027
0001 124.84676712328766
1000 124.94950684931506
0010 125.05224657534245
0100 125.25772602739725
0010 125.46320547945204
1000 125.66868493150683
0001 125.77142465753424
0010 125.97690410958903
0100 126.18238356164382
1000 126.38786301369862
0010 126.59334246575342
0100 127.00430136986301
0001 127.3125205479452
1000 127.4152602739726
0001 127.518
0100 127.6207397260274
0001 127.72347945205479
1000 128.031698630137
0100 128.23717808219178
0010 128.64813698630135
0001 128.95635616438355
1000 129.05909589041096
0010 129.16183561643834
0100 129.26457534246575
0001 129.36731506849316
1000 129.67553424657532
0100 129.88101369863014
0010 130.29197260273972
0100 130.60019178082192
1000 130.70293150684932
0100 130.8056712328767
1000 130.9084109589041
0001 131.01115068493152
0100 131.3193698630137
0010 131.52484931506848
1000 131.73032876712327
0010 131.93580821917806
0100 132.14128767123287
0001 132.34676712328766
0010 132.55224657534245
0100 132.75772602739724
1000 132.96320547945203
0001 133.16868493150685
0100 133.57964383561642
0001 133.88786301369862
0010 133.99060273972603
0100 134.0933424657534
1000 134.19608219178082
0100 134.29882191780823
1000 134.6070410958904
0001 134.8125205479452
0100 135.2234794520548
0010 135.531698630137
1000 135.6344383561644
0001 135.73717808219178
0010 135.83991780821918
0100 135.9426575342466
0010 136.25087671232876
0001 136.45635616438355
1000 136.86731506849313
0010 137.17553424657532
1000 137.27827397260273
0010 137.3810136986301
1000 137.48375342465752
0001 137.58649315068493
0020 137.8947123287671
0030 138.10019178082192
