TITLE Quick Pain Release
BPM   200.0
NOTES
1001 9.138
1000 9.288
0001 9.363
1000 9.438
0001 9.513
1000 9.588
0001 9.888
0010 10.187999999999999
0100 10.263
0010 10.338
0001 10.488
1000 10.638
0100 10.713
0010 10.787999999999998
0100 10.937999999999999
1000 11.012999999999998
0001 11.088
1000 11.162999999999998
0001 11.237999999999998
0010 11.387999999999998
0100 11.463
1000 11.537999999999998
0100 11.612999999999998
1000 11.687999999999999
0001 11.838
1003 11.988
0001 14.387999999999998
1000 14.687999999999999
0001 14.987999999999998
0100 15.062999999999999
0010 15.137999999999998
1000 15.287999999999998
0100 15.437999999999999
0010 15.512999999999998
0001 15.588
1000 15.738
0010 15.812999999999999
1000 15.888
0010 15.963
0100 16.038
0001 16.188
0100 16.262999999999998
0001 16.338
0100 16.413
0010 16.488
1000 16.637999999999998
3001 16.788
0010 16.863
0001 16.938
0010 17.013
0100 17.088
0010 17.163
0100 17.238
1000 17.388
0001 17.538
0010 17.688
0001 17.838
1000 17.988
0001 18.137999999999998
0010 18.288
0100 18.363
1000 18.438
0001 18.512999999999998
1000 18.588
0100 18.738
1000 18.887999999999998
0010 18.963
0100 19.038
0001 19.188
1000 19.488
0001 19.788
0100 19.863
0010 19.938
0100 20.087999999999997
0001 20.238
1000 20.313
0100 20.387999999999998
0010 20.537999999999997
0001 20.613
0100 20.688
0001 20.762999999999998
1000 20.837999999999997
0100 20.988
0010 21.063
0001 21.137999999999998
0010 21.212999999999997
0001 21.287999999999997
1000 21.438
3002 21.587999999999997
0003 21.662999999999997
0020 21.737999999999996
0030 21.813
0002 21.887999999999998
0003 21.962999999999997
2000 22.112999999999996
3020 22.188
0030 22.262999999999998
2000 22.487999999999996
3000 22.563
0200 22.637999999999998
0300 22.712999999999997
0020 22.788
0030 22.863
0002 22.938
0003 23.013
0020 23.088
0030 23.163
0200 23.238
0300 23.313
2000 23.388
3000 23.463
0020 23.538
0030 23.613
0100 23.688
0010 23.763
1000 23.838
0001 23.913
0010 23.988
0100 24.137999999999998
1000 24.213
0001 24.288
1000 24.438
0100 24.512999999999998
0010 24.588
0001 24.738
1000 24.887999999999998
0010 25.038
0100 25.113
0001 25.188
0100 25.262999999999998
0001 25.337999999999997
1000 25.488
0010 25.563
1000 25.637999999999998
0001 25.788
0010 25.938
0100 26.012999999999998
1000 26.087999999999997
0100 26.163
1000 26.238
0001 26.313
1000 26.387999999999998
0100 26.462999999999997
1000 26.537999999999997
0100 26.613
1000 26.688
0100 26.762999999999998
0010 26.837999999999997
0011 27.438
0001 27.587999999999997
1100 27.737999999999996
1100 27.887999999999998
1000 28.037999999999997
0001 28.188
0100 28.262999999999998
0001 28.337999999999997
1000 28.487999999999996
0100 28.563
0010 28.637999999999998
0001 28.712999999999997
0010 28.787999999999997
0001 29.087999999999997
1000 29.387999999999998
0100 29.462999999999997
1000 29.537999999999997
0010 29.687999999999995
0100 29.837999999999997
0001 29.912999999999997
1000 29.988
0100 30.137999999999998
0010 30.213
0001 30.288
0010 30.363
0001 30.438
1000 30.588
0001 30.663
1000 30.738
0001 30.813
0100 30.887999999999998
0001 31.038
2003 31.188
3000 31.262999999999998
0200 31.337999999999997
0300 31.413
2000 31.488
3000 31.563
0002 31.712999999999997
2003 31.788
3000 31.863
0002 32.088
0003 32.163
0200 32.238
0300 32.313
0020 32.388
0030 32.463
0200 32.538
0300 32.613
0002 32.687999999999995
0003 32.763
2000 32.838
3000 32.913
0200 32.988
0300 33.062999999999995
0020 33.138
0030 33.213
0100 33.288
1000 33.363
0001 33.437999999999995
1000 33.513
0001 33.588
1000 33.738
0001 33.813
1000 33.888
0100 34.038000000000004
0010 34.113
0001 34.188
1000 34.338
0001 34.488
0100 34.638
0010 34.713
1000 34.788
0001 34.863
1000 34.937999999999995
0100 35.087999999999994
0010 35.163
0100 35.238
0010 35.388
0001 35.538
1000 35.613
0100 35.687999999999995
0010 35.763
0001 35.837999999999994
1000 35.913
0001 35.988
1000 36.138
0100 36.213
1000 36.288
0001 36.438
1000 36.588
0001 36.738
0100 36.813
0001 36.888
1000 37.038
0001 37.187999999999995
0100 37.638
0001 37.712999999999994
1000 37.788
0001 37.86299999999999
0100 37.937999999999995
0001 38.013
1000 38.087999999999994
0100 38.163
0010 38.23799999999999
0001 38.312999999999995
1000 38.388
0010 38.687999999999995
1000 38.988
0001 39.062999999999995
0100 39.138
0010 39.288
1000 39.437999999999995
0100 39.513
0010 39.588
0001 39.738
0010 39.813
0001 39.888
1000 39.963
0001 40.038000000000004
1000 40.188
0010 40.263
1000 40.338
0001 40.413000000000004
1000 40.488
0010 40.638
0300 40.788
0002 40.888
0200 40.988
0300 41.087999999999994
0002 41.187999999999995
0023 41.288
0200 41.587999999999994
0300 41.687999999999995
2000 41.788
3000 41.888
0002 41.988
0003 42.063
2000 42.138
3000 42.213
0020 42.288
0030 42.363
2000 42.438
3000 42.513
0002 42.588
0003 42.663
0200 42.738
0300 42.813
0010 42.888
1000 42.963
0100 43.038
1000 43.113
0001 43.187999999999995
0010 43.337999999999994
0100 43.413
0010 43.48799999999999
0001 43.638
1000 43.712999999999994
0010 43.788
0100 43.937999999999995
0001 44.087999999999994
1000 44.23799999999999
0001 44.312999999999995
0100 44.388
0001 44.463
1000 44.538
0100 44.687999999999995
0010 44.763
0001 44.838
1000 44.988
0001 45.138
0100 45.213
0001 45.288
0100 45.363
0010 45.437999999999995
1000 45.513
0001 45.588
1000 45.663000000000004
0001 45.738
0010 45.813
0100 45.888
1000 45.963
0001 46.038000000000004
1001 46.638
1000 46.788
0101 46.937999999999995
0101 47.087999999999994
0001 47.238
0100 47.388
0001 47.462999999999994
1000 47.538
0010 47.687999999999995
0100 47.763
0010 47.837999999999994
1000 47.913
0001 47.988
1001 50.388
1100 52.788
0002 57.587999999999994
0003 57.663
2000 58.48799999999999
3000 58.562999999999995
0020 58.788
0030 58.863
0200 59.988
0300 60.288
0002 61.187999999999995
0003 61.48799999999999
1001 61.937999999999995
1000 62.087999999999994
0001 62.163
1000 62.23799999999999
0001 62.312999999999995
1000 62.388
0100 62.463
0010 62.538
0001 62.613
1000 62.687999999999995
0010 62.763
1000 62.838
1001 63.437999999999995
0001 63.587999999999994
1010 63.73799999999999
1010 63.88799999999999
1000 64.038
0010 64.18799999999999
0100 64.26299999999999
0001 64.338
1000 64.488
0100 64.56299999999999
0010 64.63799999999999
0001 64.713
2000 64.788
3200 65.088
0320 65.38799999999999
0030 65.463
0002 65.688
2003 65.988
3002 66.288
0003 66.363
0200 66.588
0320 66.888
0030 66.963
2000 67.038
3000 67.113
0001 67.188
0100 67.263
0010 67.33800000000001
0100 67.413
0001 67.488
1000 67.563
0100 67.638
0010 67.788
0001 67.938
1000 68.08800000000001
0010 68.238
1000 68.38799999999999
0001 68.538
0010 68.68799999999999
0100 68.76299999999999
1000 68.838
0001 68.913
1000 68.98799999999999
0010 69.13799999999999
1000 69.288
0100 69.36299999999999
1000 69.43799999999999
0001 69.588
1000 69.738
0001 69.81299999999999
1000 69.88799999999999
0010 70.038
0100 70.18799999999999
0001 70.338
1000 70.413
0001 70.488
1000 70.63799999999999
0001 70.788
0010 71.238
0100 71.313
1000 71.38799999999999
0100 71.463
0010 71.538
0100 71.613
1000 71.688
0010 71.76299999999999
0100 71.838
0001 71.913
1000 71.988
0100 72.063
1000 72.138
0001 72.213
0010 72.288
0001 72.363
1000 72.438
0100 72.588
0010 72.738
0001 72.888
0010 73.038
0100 73.188
0010 73.33800000000001
0001 73.488
1000 73.563
0001 73.638
0010 73.71300000000001
0100 73.788
1000 73.938
0001 74.08800000000001
0100 74.163
0001 74.238
1000 74.38799999999999
0100 74.463
0010 74.538
0100 74.61299999999999
0010 74.68799999999999
0011 74.98799999999999
1001 75.43799999999999
1000 75.738
1001 75.88799999999999
0001 76.038
1000 76.18799999999999
0100 76.26299999999999
1000 76.338
0100 76.413
0010 76.488
0001 76.56299999999999
0010 76.63799999999999
0100 76.713
1000 76.788
0001 77.088
0010 77.38799999999999
0100 77.463
1000 77.538
0100 77.688
0010 77.838
0001 77.913
1000 77.988
0001 78.138
1000 78.213
0100 78.288
1000 78.363
0010 78.438
1000 78.588
0001 78.663
0010 78.738
0100 78.813
1000 78.888
0001 79.038
1003 79.188
0010 79.263
1000 79.33800000000001
0010 79.413
1000 79.488
0100 79.563
1000 79.638
0001 79.788
1000 79.938
0010 80.08800000000001
0100 80.238
0001 80.38799999999999
1000 80.538
0001 80.68799999999999
0100 80.76299999999999
0010 80.838
1000 80.913
0010 80.98799999999999
1000 81.13799999999999
0001 81.288
0010 81.36299999999999
0100 81.43799999999999
1000 81.51299999999999
0001 81.588
0010 81.738
0001 81.81299999999999
1000 81.88799999999999
0001 82.038
1000 82.113
0001 82.18799999999999
1000 82.338
0010 82.488
1000 82.63799999999999
0100 82.713
0010 82.788
0001 82.863
0010 82.938
0100 83.088
1000 83.163
0001 83.238
1000 83.38799999999999
0010 83.538
1000 83.613
0100 83.688
0010 83.76299999999999
0001 83.838
1000 83.913
0010 83.988
0100 84.063
0010 84.138
0100 84.213
0010 84.288
0100 84.363
0001 84.438
0101 85.038
0001 85.188
1010 85.33800000000001
1010 85.488
0010 85.638
1000 85.788
0001 85.863
0010 85.938
0001 86.08800000000001
1000 86.163
0001 86.238
0100 86.313
0001 86.38799999999999
1000 86.68799999999999
0100 86.98799999999999
0010 87.06299999999999
0001 87.13799999999999
1000 87.288
0010 87.43799999999999
1000 87.51299999999999
0001 87.588
0100 87.738
0001 87.81299999999999
0010 87.88799999999999
0100 87.963
0010 88.038
0001 88.18799999999999
1000 88.26299999999999
0010 88.338
1000 88.413
0001 88.488
0010 88.63799999999999
0130 88.788
1000 88.863
0100 88.938
0010 89.01299999999999
0001 89.088
1000 89.163
0001 89.238
1001 89.838
1000 89.988
0011 90.138
0011 90.288
0001 90.438
0010 90.588
0100 90.663
1000 90.738
0100 90.888
0010 90.963
0001 91.038
1000 91.113
0001 91.188
1000 91.33800000000001
0010 91.413
1000 91.488
0001 91.638
0010 91.71300000000001
0001 91.788
1000 91.938
0100 92.08800000000001
0010 92.238
0100 92.313
1000 92.38799999999999
0001 92.463
0100 92.538
0001 92.68799999999999
1000 92.76299999999999
0100 92.838
0010 92.98799999999999
0001 93.13799999999999
1000 93.213
0010 93.288
0100 93.36299999999999
0001 93.43799999999999
1000 93.588
0100 93.738
0010 93.81299999999999
0001 93.88799999999999
1000 94.038
0001 94.18799999999999
1000 94.338
0100 94.413
0010 94.488
0001 94.63799999999999
1000 94.788
0001 95.238
1000 95.313
0010 95.38799999999999
1000 95.463
0001 95.538
0100 95.613
0010 95.688
1000 95.76299999999999
0010 95.838
0100 95.913
0002 95.988
0003 96.288
