TITLE rainbow flyer
BPM   172.0
NOTES
0001 5.572395348837209
1000 5.921232558139534
0010 6.270069767441861
1000 6.618906976744186
0100 6.967744186046511
0010 7.316581395348837
0001 7.665418604651163
0100 8.014255813953488
0010 8.363093023255814
1000 8.71193023255814
0001 9.060767441860465
0010 9.409604651162791
0001 9.758441860465116
1000 10.107279069767442
0010 10.456116279069766
0100 10.63053488372093
0101 10.804953488372092
1001 11.153790697674419
1000 11.502627906976745
0010 11.85146511627907
0100 12.200302325581395
0001 12.549139534883722
0010 12.897976744186048
0100 13.246813953488372
1000 13.595651162790698
0001 13.77006976744186
0100 14.293325581395349
0001 14.642162790697673
0100 14.991
0010 15.339837209302326
1000 15.688674418604652
0100 16.037511627906976
0010 16.21193023255814
0011 16.386348837209304
1001 16.73518604651163
1000 17.084023255813953
0010 17.43286046511628
0100 17.781697674418606
0101 18.13053488372093
0001 18.479372093023255
0010 18.828209302325583
0100 19.177046511627907
1000 19.35146511627907
1001 19.52588372093023
0010 19.874720930232556
1001 20.223558139534884
0100 20.572395348837208
1001 20.921232558139536
1000 21.27006976744186
0100 21.61890697674419
1000 21.967744186046513
0100 22.054953488372096
0010 22.142162790697675
0001 22.229372093023258
0010 22.316581395348837
0010 22.40379069767442
1000 22.491
0001 22.578209302325583
0100 22.752627906976745
0001 22.927046511627907
1000 23.10146511627907
0100 23.188674418604652
0100 23.27588372093023
0001 23.363093023255814
1000 23.537511627906976
0010 23.71193023255814
0010 23.79913953488372
0100 23.8863488372093
1000 23.973558139534884
0001 24.147976744186046
0100 24.322395348837208
0010 24.49681395348837
0100 24.584023255813953
0100 24.671232558139533
1000 24.758441860465116
0001 24.932860465116278
0010 25.107279069767444
0010 25.194488372093026
0100 25.281697674418606
0001 25.36890697674419
1000 25.54332558139535
0010 25.717744186046513
1000 25.892162790697675
0100 25.979372093023258
0100 26.066581395348837
0010 26.15379069767442
1000 26.328209302325583
0001 26.502627906976745
1000 26.677046511627907
0010 26.76425581395349
1000 26.938674418604652
0001 27.02588372093023
1000 27.200302325581397
0100 27.287511627906976
0110 27.54913953488372
2001 27.897976744186046
3020 28.5956511627907
0130 28.85727906976744
0001 28.944488372093023
1000 29.031697674418606
0001 29.118906976744185
0100 29.206116279069768
0010 29.29332558139535
0010 29.40960465116279
0010 29.525883720930235
1000 29.642162790697675
0100 29.729372093023258
0010 29.81658139534884
0001 29.90379069767442
1000 29.991000000000003
1000 30.107279069767444
1000 30.223558139534887
0010 30.339837209302328
1000 30.42704651162791
0001 30.51425581395349
1000 30.601465116279073
0200 30.688674418604652
0320 31.386348837209304
0031 31.647976744186046
1000 31.73518604651163
0010 31.82239534883721
0100 31.90960465116279
0001 31.99681395348837
0100 32.08402325581395
0301 32.43286046511628
0001 32.54913953488372
0001 32.665418604651165
2000 32.7816976744186
3200 32.95611627906977
0310 33.13053488372093
0001 33.21774418604651
1000 33.30495348837209
0010 33.392162790697675
0200 33.47937209302326
0302 34.17704651162791
1003 34.438674418604656
0100 34.52588372093024
0010 34.613093023255814
0001 34.7003023255814
1000 34.78751162790698
0010 34.874720930232556
0010 34.991
0010 35.107279069767436
0100 35.22355813953488
0001 35.31076744186046
0100 35.397976744186046
0010 35.48518604651163
1000 35.572395348837205
1000 35.68867441860465
1000 35.80495348837209
0001 35.921232558139536
0010 36.00844186046511
0100 36.095651162790695
1000 36.18286046511628
0002 36.27006976744186
0103 36.96774418604651
0010 37.142162790697675
1000 37.22937209302326
0001 37.316581395348834
1000 37.40379069767442
0100 37.491
0010 37.57820930232558
1000 38.688674418604656
0001 38.78169767441861
0010 38.87472093023256
0100 38.96774418604652
0010 39.06076744186046
0010 39.147976744186046
1000 39.23518604651163
0001 39.322395348837205
0100 39.49681395348837
0010 39.671232558139536
1000 39.845651162790695
0010 39.93286046511628
0010 40.02006976744186
0001 40.10727906976744
1000 40.2816976744186
0100 40.45611627906977
0100 40.54332558139535
0010 40.630534883720934
1000 40.71774418604651
0001 40.892162790697675
0010 41.06658139534884
0001 41.241
0100 41.32820930232558
0010 41.50262790697674
1000 41.589837209302324
0010 41.76425581395349
0100 41.80786046511628
0001 41.85146511627907
1000 42.02588372093024
0001 42.113093023255814
0100 42.28751162790698
0010 42.461930232558146
1000 42.54913953488372
0001 42.72355813953489
0010 42.81076744186047
0100 42.98518604651163
1000 43.159604651162795
0100 43.24681395348837
0100 43.33402325581395
0001 43.421232558139536
0010 43.595651162790695
0100 43.68286046511628
1000 43.85727906976744
0001 44.0316976744186
0010 44.118906976744185
0010 44.20611627906977
1000 44.29332558139535
0001 44.46774418604651
0100 44.642162790697675
0100 44.72937209302326
1000 44.81658139534884
0001 44.90379069767442
0010 45.07820930232558
0100 45.25262790697675
1000 45.42704651162791
0100 45.51425581395349
0100 45.60146511627907
0001 45.68867441860465
1000 45.863093023255814
0010 46.03751162790698
0010 46.12472093023256
0100 46.211930232558146
1000 46.29913953488372
0001 46.47355813953489
0100 46.64797674418605
0001 46.82239534883721
0010 46.909604651162795
0100 47.08402325581396
1000 47.171232558139536
0100 47.3456511627907
0010 47.38925581395349
0001 47.43286046511628
1000 47.60727906976744
0001 47.69448837209302
0010 47.868906976744185
0100 48.04332558139535
1000 48.13053488372093
0001 48.30495348837209
0100 48.392162790697675
0010 48.566581395348834
1000 48.741
0010 48.82820930232558
0010 48.915418604651165
0001 49.00262790697675
0010 49.089837209302324
0010 49.17704651162791
1000 49.26425581395349
0100 49.35146511627907
0100 49.438674418604656
0001 49.52588372093023
0100 49.613093023255814
0100 49.7003023255814
1000 49.78751162790698
0001 49.874720930232556
0010 49.96193023255814
0100 50.04913953488372
1000 50.136348837209304
0001 50.22355813953489
1000 50.31076744186047
0010 50.39797674418605
0100 50.48518604651163
0001 50.57239534883721
0010 50.659604651162795
0100 50.74681395348838
1000 50.83402325581396
0001 50.921232558139536
0100 50.97937209302326
0001 51.03751162790698
0100 51.0956511627907
0010 51.182860465116285
1000 51.27006976744187
0001 51.35727906976744
0010 51.444488372093026
0100 51.53169767441861
0100 51.67828352300841
0001 51.76734834240475
1000 51.856413161801086
0010 51.94547798119743
0100 52.03454280059376
0001 52.1236076199901
1000 52.21267243938644
0100 52.30173725878278
0010 52.39080207817912
0001 52.479866897575455
1000 52.53924344383968
0001 52.598619990103906
1000 52.65799653636813
0100 52.74706135576447
0010 52.836126175160814
0001 52.89550272142504
0010 52.954879267689265
0001 53.01425581395349
1000 53.10146511627907
0010 53.188674418604656
0100 53.27588372093023
0010 53.363093023255814
1000 53.4503023255814
0001 53.53751162790698
0010 53.62472093023256
0100 53.71193023255814
1000 53.77006976744186
0100 53.82820930232558
0010 53.886348837209304
0001 53.97355813953489
1000 54.06076744186046
0010 54.147976744186046
1000 54.23518604651163
0010 54.32239534883721
0010 54.49681395348838
0001 54.58402325581396
1000 54.671232558139536
0001 54.75844186046512
0100 54.8456511627907
0010 54.932860465116285
1000 55.02006976744187
0001 55.10727906976744
0010 55.194488372093026
0100 55.28169767441861
1000 55.33983720930233
0001 55.39797674418605
1000 55.456116279069775
0010 55.54332558139535
0100 55.630534883720934
0001 55.688674418604656
1000 55.74681395348838
0001 55.80495348837209
0010 55.892162790697675
0100 55.97937209302326
0010 56.066581395348834
0001 56.15379069767442
1000 56.241
0010 56.32820930232558
0100 56.415418604651165
0001 56.50262790697674
0010 56.56076744186046
0100 56.618906976744185
1000 56.67704651162791
0001 56.76425581395349
0100 56.85146511627907
0010 56.93867441860465
1000 57.02588372093023
0100 57.113093023255814
0100 57.28751162790698
0001 57.37472093023256
1000 57.46193023255814
0001 57.54913953488372
0010 57.636348837209304
0100 57.72355813953489
1000 57.81076744186047
0001 57.897976744186046
0010 57.98518604651163
0001 58.07239534883721
1000 58.130534883720934
0010 58.188674418604656
0100 58.24681395348837
0010 58.33402325581395
1000 58.421232558139536
0100 58.47937209302326
0010 58.53751162790698
0001 58.5956511627907
1000 58.682860465116285
0010 58.77006976744187
0100 58.85727906976744
0001 58.944488372093026
0010 59.03169767441861
0001 59.11890697674419
1000 59.206116279069775
0010 59.29332558139535
0100 59.35146511627907
0001 59.409604651162795
0100 59.46774418604652
0010 59.5549534883721
1000 59.64216279069768
0100 59.72937209302326
0010 59.81658139534884
0100 59.903790697674424
0100 60.050376546264225
0001 60.139441365660566
1000 60.2285061850569
0010 60.31757100445324
0100 60.40663582384958
0001 60.49570064324592
0010 60.58476546264225
0100 60.673830282038594
1000 60.762895101434935
0010 60.85195992083127
1000 60.911336467095495
0001 60.97071301335972
1000 61.030089559623946
0100 61.11915437902029
0010 61.20821919841663
0001 61.267595744680854
1000 61.32697229094508
0001 61.386348837209304
0010 61.47355813953489
0100 61.56076744186047
0010 61.647976744186046
0001 61.73518604651163
1000 61.82239534883721
0010 61.909604651162795
0100 61.99681395348838
0001 62.08402325581395
0010 62.142162790697675
0100 62.2003023255814
1000 62.25844186046512
0001 62.3456511627907
0100 62.43286046511628
0001 62.52006976744186
1000 62.60727906976744
0010 62.694488372093026
0010 62.86890697674419
0001 62.956116279069775
1000 63.04332558139535
0001 63.130534883720934
0100 63.21774418604652
0010 63.3049534883721
1000 63.39216279069768
0001 63.47937209302326
0010 63.56658139534884
0100 63.653790697674424
1000 63.711930232558146
0001 63.77006976744187
1000 63.82820930232559
0010 63.915418604651165
1000 64.00262790697676
0100 64.06076744186046
0010 64.11890697674419
0001 64.1770465116279
1000 64.26425581395348
0001 64.35146511627907
0100 64.43867441860465
0010 64.52588372093024
1000 64.61309302325581
0001 64.70030232558139
0010 64.78751162790698
0001 64.87472093023256
0100 64.93286046511628
0010 64.991
1000 65.04913953488372
0001 65.1363488372093
1000 65.22355813953489
0100 65.31076744186046
0010 65.39797674418605
0100 65.48518604651163
0100 65.63177189510144
0001 65.72083671449776
1000 65.8099015338941
0100 65.89896635329045
0010 65.98803117268679
0001 66.07709599208312
1000 66.16616081147946
0001 66.2552256308758
0010 66.31460217714003
0100 66.37397872340425
0010 66.43335526966848
0001 66.4927318159327
1000 66.55210836219693
0010 66.61148490846115
0100 66.67086145472538
0001 66.7302380009896
0100 66.78961454725383
0001 66.84899109351805
1000 66.90836763978228
0100 66.96774418604652
0010 67.31658139534885
0001 67.491
1000 67.66541860465117
0010 67.83983720930233
0100 68.0142558139535
0001 68.71193023255815
1000 68.8863488372093
0100 69.06076744186046
0020 69.4096046511628
0030 69.75844186046511
0001 70.10727906976744
1000 70.2816976744186
0001 70.45611627906976
0100 70.63053488372093
0010 70.80495348837209
1000 71.50262790697676
0100 71.6770465116279
0010 71.85146511627907
0002 72.2003023255814
0003 72.54913953488372
0100 72.89797674418605
0010 73.0723953488372
1000 73.24681395348837
0001 73.42123255813954
0010 73.5956511627907
0100 74.29332558139535
1000 74.4677441860465
0001 74.64216279069767
0020 74.991
0030 75.33983720930233
0100 75.68867441860466
1000 75.86309302325581
0001 76.03751162790698
1000 76.21193023255815
0010 76.38634883720931
0100 77.08402325581396
0001 77.25844186046511
1000 77.43286046511628
0100 77.52006976744187
1000 77.60727906976744
0001 77.69448837209302
0100 77.78169767441861
0010 77.86890697674419
1000 77.95611627906978
0001 78.04332558139535
1000 78.13053488372093
0100 78.2177441860465
0010 78.30495348837209
0001 78.39216279069767
0100 78.47937209302326
0001 78.56658139534883
1000 78.65379069767441
0001 78.741
0010 78.82820930232558
0100 78.91541860465117
1000 79.00262790697674
0010 79.08983720930232
0100 79.1770465116279
0001 79.26425581395348
0010 79.35146511627907
0100 79.43867441860465
1000 79.52588372093024
0001 79.61309302325581
1000 79.7003023255814
0010 79.78751162790698
0100 79.87472093023257
0001 79.96193023255815
0010 80.04913953488372
0001 80.13634883720931
1000 80.22355813953489
0010 80.31076744186048
1000 80.39797674418605
0001 80.48518604651163
0010 80.57239534883722
0100 80.6596046511628
1000 80.74681395348838
0010 80.83402325581396
1000 80.92123255813954
0100 81.00844186046511
0010 81.0956511627907
0001 81.18286046511628
0100 81.27006976744187
0010 81.35727906976744
0100 81.44448837209302
0001 81.53169767441861
1000 81.61890697674419
0100 81.70611627906978
0010 81.79332558139535
0100 81.88053488372093
1000 81.96774418604652
0010 82.05495348837209
0100 82.14216279069768
0010 82.22937209302326
1000 82.31658139534883
0001 82.40379069767441
0010 82.491
0100 82.57820930232558
1000 82.66541860465117
0010 82.75262790697674
1000 82.83983720930232
0001 82.9270465116279
0010 83.01425581395348
0001 83.10146511627907
0100 83.18867441860465
0010 83.27588372093022
1000 83.36309302325581
0100 83.45030232558139
0010 83.53751162790698
0001 83.62472093023256
1000 83.71193023255815
0010 83.79913953488372
0100 83.88634883720931
0001 83.97355813953489
0010 84.06076744186048
0001 84.14797674418605
1000 84.23518604651163
0001 84.32239534883722
0100 84.4096046511628
0010 84.49681395348838
1000 84.58402325581396
0100 84.67123255813954
0010 84.75844186046513
0001 84.8456511627907
0100 84.93286046511629
0010 85.02006976744187
1000 85.10727906976744
0001 85.19448837209302
1000 85.28169767441861
0100 85.36890697674419
0010 85.45611627906978
0001 85.54332558139535
0100 85.63053488372093
0001 85.71774418604652
1000 85.80495348837209
0100 85.89216279069768
1000 85.97937209302326
0001 86.06658139534883
0100 86.15379069767442
0010 86.241
1000 86.32820930232559
0100 86.41541860465117
1000 86.50262790697674
0010 86.58983720930232
0100 86.6770465116279
0001 86.76425581395348
0010 86.85146511627907
0100 86.93867441860465
0010 87.02588372093022
0001 87.11309302325581
1000 87.20030232558139
0010 87.28751162790698
0100 87.37472093023256
0010 87.46193023255813
1000 87.54913953488372
0100 87.6363488372093
0010 87.72355813953489
0100 87.81076744186046
1000 87.89797674418605
0001 87.98518604651163
0100 88.07239534883722
0010 88.1596046511628
1000 88.24681395348838
0100 88.33402325581396
1000 88.42123255813954
0001 88.50844186046513
0100 88.5956511627907
0001 88.68286046511629
0010 88.77006976744187
0100 88.85727906976744
1000 88.94448837209303
0001 89.29332558139535
0010 89.38053488372093
0100 89.46774418604652
1000 89.55495348837209
0010 89.64216279069768
1000 89.72937209302326
0001 89.81658139534883
1000 89.90379069767442
0100 89.991
0010 90.07820930232559
0001 90.16541860465117
0100 90.25262790697674
0010 90.33983720930233
1000 90.4270465116279
0100 90.5142558139535
0010 90.60146511627907
0001 90.68867441860465
1000 90.77588372093022
0001 90.86309302325581
0100 90.95030232558139
0010 91.03751162790698
1000 91.12472093023256
0100 91.21193023255813
1000 91.29913953488372
0001 91.3863488372093
0100 91.47355813953489
0001 91.56076744186046
1000 91.64797674418604
0100 91.73518604651163
0010 91.8223953488372
0001 91.9096046511628
0100 91.99681395348837
0001 92.08402325581396
0010 92.17123255813954
0100 92.25844186046513
1000 92.3456511627907
0010 92.43286046511629
0100 92.52006976744187
0010 92.60727906976744
1000 92.69448837209303
0001 92.78169767441861
0010 92.8689069767442
0100 92.95611627906978
0010 93.04332558139535
0001 93.13053488372094
0100 93.21774418604652
0010 93.3049534883721
0100 93.39216279069768
0001 93.47937209302326
1000 93.56658139534883
0100 93.65379069767442
0010 93.741
0001 93.82820930232559
0100 93.91541860465117
0001 94.00262790697674
1000 94.08983720930233
0100 94.1770465116279
1000 94.2642558139535
0010 94.35146511627907
0100 94.43867441860465
0001 94.52588372093024
0010 94.61309302325581
0100 94.7003023255814
1000 94.78751162790698
0001 94.87472093023256
0100 94.96193023255813
0010 95.04913953488372
1000 95.1363488372093
0100 95.22355813953489
1000 95.31076744186046
0001 95.39797674418604
1000 95.48518604651163
0010 95.5723953488372
0100 95.6596046511628
0001 95.74681395348837
0010 95.83402325581395
0100 95.92123255813954
1000 96.00844186046511
0010 96.0956511627907
0100 96.18286046511628
0001 96.27006976744187
1000 96.35727906976744
0001 96.44448837209303
0010 96.53169767441861
0100 96.6189069767442
1000 96.70611627906978
0010 96.79332558139535
1000 96.88053488372094
0001 96.96774418604652
0010 97.0549534883721
0001 97.14216279069768
1000 97.22937209302326
0010 97.31658139534885
0100 97.40379069767442
0001 97.49100000000001
0010 97.57820930232559
0001 97.66541860465117
0100 97.75262790697674
0010 97.83983720930233
1000 97.9270465116279
0100 98.0142558139535
0010 98.10146511627907
0100 98.18867441860465
1000 98.27588372093024
0001 98.36309302325581
0100 98.4503023255814
0010 98.53751162790698
0100 98.62472093023256
0001 98.71193023255815
0010 98.79913953488372
0100 98.88634883720931
0010 98.97355813953489
0001 99.06076744186046
1000 99.14797674418604
0010 99.23518604651163
0100 99.3223953488372
0001 99.4096046511628
0010 99.49681395348837
0001 99.58402325581395
1000 99.67123255813954
0010 99.75844186046511
1000 99.8456511627907
0100 99.93286046511628
0010 100.02006976744185
0001 100.10727906976744
0100 100.19448837209302
0010 100.28169767441861
1000 100.36890697674419
0001 100.45611627906978
0100 100.54332558139535
0001 100.63053488372094
0010 100.71774418604652
0100 100.8049534883721
1000 100.89216279069768
0001 100.97937209302326
0100 101.06658139534885
0010 101.15379069767442
1000 101.24100000000001
0100 101.32820930232559
0010 101.41541860465117
0001 101.50262790697676
0100 101.58983720930233
0001 101.67704651162792
0010 101.7642558139535
0001 101.85146511627907
1000 101.93867441860465
0100 102.02588372093024
1000 102.11309302325581
0010 102.2003023255814
0100 102.28751162790698
0001 102.37472093023256
1000 102.46193023255815
0100 102.54913953488372
1000 102.63634883720931
0010 102.72355813953489
0100 102.81076744186046
0010 102.89797674418605
1000 102.98518604651163
0100 103.07239534883722
0010 103.1596046511628
0001 103.24681395348837
0100 103.33402325581395
0010 103.42123255813954
1000 103.50844186046511
0010 103.5956511627907
0100 103.68286046511628
0001 103.77006976744185
0010 103.85727906976744
0001 103.94448837209302
0100 104.03169767441861
0010 104.11890697674419
1000 104.20611627906976
0001 104.29332558139535
0010 104.38053488372093
0001 104.46774418604652
0100 104.55495348837209
0001 104.64216279069768
0010 104.72937209302326
0100 104.81658139534885
1000 104.90379069767442
0010 104.99100000000001
0100 105.07820930232559
0001 105.16541860465117
1000 105.25262790697676
0001 105.33983720930233
0010 105.42704651162792
0001 105.5142558139535
0100 105.60146511627907
0010 105.68867441860466
1000 105.77588372093024
0100 105.86309302325583
1000 105.9503023255814
0001 106.03751162790698
0100 106.12472093023256
0001 106.21193023255815
0010 106.29913953488372
0100 106.38634883720931
1000 106.47355813953489
0001 106.56076744186046
0100 106.64797674418605
0010 106.73518604651163
1000 106.82239534883722
0100 106.9096046511628
0010 106.99681395348837
0001 107.08402325581396
0100 107.17123255813954
0001 107.25844186046513
0010 107.3456511627907
0001 107.43286046511628
1000 107.52006976744185
0100 107.60727906976744
1000 107.69448837209302
0010 107.78169767441861
0100 107.86890697674419
0001 107.95611627906976
1000 108.04332558139535
0100 108.13053488372093
1000 108.21774418604652
0010 108.30495348837209
0100 108.39216279069767
0010 108.47937209302326
1000 108.56658139534883
0100 108.65379069767442
0010 108.741
0001 108.82820930232559
0100 108.91541860465117
0010 109.00262790697676
1000 109.08983720930233
0010 109.17704651162792
0100 109.2642558139535
0001 109.35146511627907
0010 109.43867441860466
0001 109.52588372093024
0100 109.61309302325583
0010 109.7003023255814
1000 109.78751162790698
0001 109.87472093023257
0010 109.96193023255815
0001 110.04913953488374
0100 110.13634883720931
0001 110.22355813953489
0010 110.31076744186046
0100 110.39797674418605
1000 110.48518604651163
0010 110.57239534883722
0100 110.6596046511628
0001 110.74681395348837
1000 110.83402325581396
0001 110.92123255813954
0010 110.97937209302326
0100 111.03751162790698
1000 111.0956511627907
0001 111.15379069767442
0100 111.21193023255815
0010 111.27006976744187
0100 111.32820930232559
0001 111.38634883720931
1000 111.44448837209303
0100 111.50262790697674
1000 111.56076744186046
0002 111.61890697674419
0003 117.2003023255814
