TITLE Renai Circulation
BPM   119.94
NOTES
0001 0.7547144286428928
1000 0.897643035803616
0200 1.0405716429643392
0300 1.3264288572857859
0100 1.469357464446509
0010 1.8981432859286786
0002 2.184000500250125
0003 2.4341255627813907
0001 2.5591880940470233
1000 2.934375687843922
0001 3.0594382191095546
0200 3.1845007503751876
0300 3.4346258129064533
0100 3.559688344172086
0010 3.934875937968984
1000 4.18500100050025
1001 4.5601885942971485
1000 4.935376188094047
0001 5.06043871935968
0020 5.185501250625313
0030 5.435626313156579
0010 5.560688844422211
0001 5.810813906953477
0100 5.935876438219109
0020 6.1860015007503755
0030 6.436126563281642
0010 6.561189094547274
0010 6.81131415707854
1000 6.936376688344172
0002 7.186501750875438
0003 7.436626813406704
0001 7.561689344672336
1000 7.811814407203602
0100 7.936876938469235
0010 8.1870020010005
0101 8.687252126063033
2001 9.187502251125563
0001 9.562689844922462
3000 9.687752376188094
0001 9.812814907453728
0010 9.93787743871936
0020 10.188002501250626
0230 10.563190095047524
1300 10.938377688844422
0001 11.063440220110056
0200 11.188502751375689
0300 11.438627813906955
0100 11.563690345172587
0010 11.813815407703853
1000 11.938877938969485
0200 12.189003001500751
0001 12.56419059529765
0310 12.939378189094548
1001 13.189503251625814
0001 13.43962831415708
0010 13.564690845422712
0100 13.93987843921961
1000 14.190003501750876
0001 14.440128564282142
1000 14.565191095547775
0100 14.940378689344673
1000 15.190503751875939
0001 15.315566283141571
0020 15.565691345672837
0130 15.940878939469735
2002 16.191004002001
0010 16.441129064532266
0010 16.691254127063534
3003 16.941379189594798
1002 17.191504252126066
1000 17.566691845922964
0003 17.691754377188595
1000 17.81681690845423
0100 17.941879439719862
0020 18.192004502251127
0100 18.567192096048025
0030 18.69225462731366
1000 18.942379689844923
0001 19.067442221110557
0200 19.192504752376188
1000 19.56769234617309
0300 19.69275487743872
0001 19.817817408704354
1000 19.942879939969988
0020 20.193005002501252
0230 20.56819259629815
0301 20.94338019009505
1001 21.193505252626316
1000 21.44363031515758
0010 21.568692846423215
0100 21.943880440220113
0001 22.194005502751377
1000 22.44413056528264
0001 22.569193096548275
0100 22.944380690345174
0010 23.194505752876438
1000 23.319568284142072
0200 23.56969334667334
1300 23.944880940470238
1001 24.195006003001502
0110 24.728606136401535
0001 25.12880623645156
0010 25.26220626980157
0001 25.395606303151578
0010 25.529006336501585
0001 25.662406369851595
1000 25.92920643655161
0100 26.196006503251628
0100 26.446131565782892
0100 26.69625662831416
0010 26.946381690845424
0001 27.071444222111058
1000 27.446631815907956
0100 27.57169434717359
1000 27.69675687843922
0001 27.94688194097049
1000 28.07194447223612
0010 28.197007003501753
0200 28.339935610662476
0301 28.4828642178232
1002 28.768721432144645
1003 29.05457864646609
0100 29.197507253626814
0010 29.483364467948263
0001 29.626293075108986
1000 30.055078896591155
0010 30.198007503751878
0100 30.323070035017512
0001 30.448132566283142
0010 30.573195097548776
0100 30.82332016008004
1000 30.948382691345675
0001 31.07344522261131
0100 31.19850775387694
0002 31.323570285142573
1003 31.69875787893947
1000 31.94888294147074
0001 32.07394547273637
0020 32.199008004002
0130 32.46580807070202
1000 32.59920810405203
0001 33.13280823745206
0100 33.26620827080207
0001 33.399608304152075
0100 33.53300833750209
0010 33.666408370852096
1000 33.93320843755211
0010 34.20000850425213
0100 34.325071035517766
0020 34.4501335667834
1030 34.70025862931466
0001 34.95038369184593
0010 35.07544622311156
0100 35.200508754377196
2000 35.32557128564283
3001 35.57569634817409
0100 35.700758879439725
0020 35.82582141070536
1030 36.07594647323663
1000 36.33440903785226
0100 36.46780907120227
1000 36.601209104552275
0020 36.73460913790229
0030 36.8680091712523
0100 37.13480923795231
0001 37.26820927130232
1000 37.40160930465233
0001 37.53500933800234
1000 37.66840937135235
0100 37.801809404702354
0010 37.93520943805236
0001 38.06860947140237
1000 38.202009504752375
0001 38.32707203601801
0200 38.45213456728364
0310 38.702259629814904
1000 39.20250975487744
1000 39.4526348174087
0100 39.577697348674334
1000 39.70275987993997
0001 39.952884942471236
1000 40.07794747373687
0010 40.203010005002504
0100 40.32807253626814
0020 40.45313506753377
1030 40.70326013006503
0100 41.20351025512757
0310 41.7037603801901
0031 42.20401050525263
1000 42.70426063031516
3010 43.2045107553777
0130 43.704760880440226
0001 44.205011005502755
0001 44.45513606803402
1000 44.70526113056528
0100 44.95538619309655
0010 45.20551125562782
0001 45.33057378689345
0100 45.580698849424714
0010 45.83082391195598
1000 45.955886443221615
0001 46.206011505752876
0010 46.33107403701851
0100 46.58119909954978
1000 46.83132416208104
0010 46.95638669334667
0100 47.20651175587794
0100 47.581699349674835
0010 47.8318244122061
1000 47.95688694347174
2002 48.207012006003005
0010 48.45713706853427
0010 48.707262131065534
3003 48.9573871935968
0010 49.20751225612807
1030 49.7077623811906
3001 50.208012506253134
0001 50.70826263131566
0013 51.2085127563782
0130 51.70876288144073
1000 52.209013006503255
1000 52.45913806903452
0001 52.709263131565784
0100 52.95938819409705
0010 53.20951325662832
1000 53.334575787893954
0100 53.584700850425214
0010 53.83482591295648
0001 53.959888444222116
0100 54.21001350675338
0010 54.33507603801901
1000 54.460138569284645
0001 54.58520110055028
1000 54.83532616308154
0100 54.960388694347174
1000 55.21051375687844
0010 55.335576288144075
0100 55.585701350675336
0001 55.835826413206604
1000 55.96088894447224
0110 56.211014007003506
0020 56.87801417375355
2030 57.54501434050359
3200 58.212014507253635
0302 58.71226463231616
0010 58.96238969484743
0013 59.2125147573787
0001 59.46263981990996
0100 59.71276488244123
1000 59.962889944972495
0010 60.213015007503756
0010 60.463140070035024
0100 60.713265132566285
0001 60.96339019509755
0020 61.21351525762882
2030 61.71376538269135
3200 62.21401550775388
1300 62.71426563281641
1000 62.964390695347674
0010 63.21451575787894
0001 63.4646408204102
0100 63.71476588294147
0020 63.96489094547274
1000 64.46514107053528
1030 64.71526613306655
3002 65.21551625812907
0203 65.7157663831916
2300 66.21601650825414
3020 66.71626663331668
1030 67.2165167583792
1000 67.46664182091047
0100 67.71676688344174
0002 67.966891945973
0010 68.46714207103554
0013 68.7172671335668
0100 68.96739219609807
2000 69.21751725862933
3020 69.71776738369186
0032 70.21801750875439
0203 70.71826763381692
1300 71.21851775887944
0010 71.34358029014508
0100 71.59370535267635
0100 71.8438304152076
0010 71.96889294647325
2000 72.21901800900451
0100 72.48581807570453
3100 72.75261814240454
1001 73.15281824245457
0001 73.41961830915459
0100 73.5530183425046
0100 73.81981840920461
0010 73.95321844255463
1000 74.22001850925464
0001 74.47014357178591
1000 74.59520610305154
0001 74.8453311655828
0100 74.97039369684845
0010 75.2205187593797
0100 75.47064382191097
0010 75.59570635317661
1000 75.84583141570786
0100 75.9708939469735
0010 76.22101900950476
0010 76.47114407203603
0001 76.59620660330165
1000 76.97139419709856
0001 77.09645672836419
0100 77.22151925962982
0010 77.47164432216108
0100 77.59670685342672
0100 77.84683191595798
0001 77.97189444722362
0010 78.22201950975489
0100 78.47214457228615
0010 78.59720710355178
0010 78.84733216608305
0001 78.97239469734869
1001 79.22251975987994
1000 79.47264482241121
0100 79.59770735367685
0010 79.8478324162081
0001 79.97289494747375
2002 80.22302001000502
0010 80.47314507253628
0010 80.72327013506755
3003 80.84833266633318
0100 81.22352026013007
0010 81.47364532266134
0100 81.59870785392698
0001 81.84883291645824
1000 81.97389544772388
0100 82.22402051025514
0110 82.59920810405204
0001 82.97439569784895
1000 83.09945822911457
0100 83.2245207603802
1000 83.47464582291147
0100 83.59970835417711
1000 83.84983341670836
0010 83.974895947974
0100 84.22502101050527
0110 84.60020860430217
1000 84.97539619809908
0001 85.1004587293647
0010 85.22552126063033
0100 85.4756463231616
1000 85.60070885442724
1000 85.85083391695849
0001 85.97589644822413
0100 86.22602151075539
0100 86.60120910455228
0100 86.85133416708355
0010 86.97639669834919
1000 87.22652176088044
1000 87.60170935467735
0001 87.85183441720861
1000 87.97689694847425
1001 88.22702201100552
