TITLE Rend Ens
BPM   145.0
NOTES
0001 6.198103448275862
1000 6.405
0010 6.611896551724138
0100 6.818793103448276
1000 7.025689655172414
0100 7.232586206896552
0001 7.43948275862069
0010 7.646379310344828
1000 7.8532758620689656
0010 8.060172413793103
0001 8.267068965517241
0100 8.473965517241378
1000 8.680862068965517
0100 8.887758620689656
0010 9.094655172413793
1000 9.301551724137932
0001 9.508448275862069
1000 9.715344827586208
1020 9.922241379310345
0031 10.33603448275862
0010 10.54293103448276
1000 10.749827586206896
0100 10.956724137931035
0001 11.163620689655172
0100 11.37051724137931
1000 11.577413793103448
0010 11.784310344827587
0001 11.991206896551724
0010 12.198103448275862
1000 12.405
0100 12.611896551724138
0001 13.025689655172414
2000 13.232586206896551
3001 13.646379310344827
0100 13.853275862068966
1000 14.060172413793103
0010 14.267068965517241
0001 14.473965517241378
0010 14.680862068965517
1000 14.887758620689654
0100 15.094655172413793
0001 15.30155172413793
0100 15.508448275862069
0010 15.715344827586206
0001 15.922241379310345
1000 16.12913793103448
0100 16.33603448275862
0120 16.54293103448276
1030 16.956724137931037
0010 17.163620689655176
0001 17.370517241379314
0100 17.57741379310345
1000 17.78431034482759
0100 17.991206896551727
0001 18.198103448275866
0010 18.405
1000 18.61189655172414
0010 18.81879310344828
0100 19.025689655172418
0010 19.232586206896553
1000 19.64637931034483
0002 19.85327586206897
0103 20.267068965517243
1000 20.473965517241382
0001 20.68086206896552
0010 20.887758620689656
0001 20.991206896551727
0100 21.094655172413795
0010 21.301551724137934
1000 21.508448275862072
0100 21.715344827586208
1000 21.81879310344828
0010 21.922241379310346
0100 22.129137931034485
0001 22.336034482758624
0100 22.54293103448276
0001 22.64637931034483
0010 22.749827586206898
0001 22.956724137931037
1000 23.163620689655176
0010 23.37051724137931
1000 23.473965517241382
0100 23.57741379310345
1000 23.78431034482759
0001 23.991206896551727
0010 24.198103448275862
0001 24.301551724137934
0100 24.405
0001 24.61189655172414
0010 24.81879310344828
0100 25.025689655172414
1000 25.129137931034485
0010 25.232586206896553
0100 25.43948275862069
0001 25.64637931034483
0100 25.853275862068966
0010 26.060172413793104
2000 26.473965517241382
3001 26.887758620689656
1000 27.094655172413795
0010 27.301551724137934
0100 27.50844827586207
0001 27.61189655172414
0100 27.715344827586208
0001 27.922241379310346
1000 28.129137931034485
0001 28.33603448275862
0010 28.43948275862069
0001 28.54293103448276
1000 28.749827586206898
0100 28.956724137931037
0010 29.163620689655172
0001 29.267068965517243
0010 29.37051724137931
0001 29.57741379310345
1000 29.78431034482759
0010 29.991206896551724
0100 30.094655172413795
0010 30.198103448275862
1000 30.405
0001 30.61189655172414
1000 30.818793103448275
0100 30.922241379310346
1000 31.025689655172414
0001 31.232586206896553
0100 31.43948275862069
0010 31.646379310344827
1000 31.749827586206898
0010 31.853275862068966
0100 32.060172413793104
0001 32.26706896551724
1000 32.47396551724138
0010 32.577413793103446
1000 32.68086206896552
0001 32.88775862068965
0020 33.094655172413795
1030 33.50844827586207
0010 33.71534482758621
0001 33.92224137931035
0100 34.129137931034485
1000 34.33603448275863
0100 34.54293103448276
0001 34.7498275862069
0010 34.95672413793104
1000 35.163620689655176
0010 35.37051724137931
0100 35.57741379310345
1000 35.78431034482759
0001 35.99120689655173
0010 36.198103448275866
0210 36.405
0301 36.81879310344828
0100 37.025689655172414
1000 37.232586206896556
0010 37.43948275862069
0001 37.646379310344834
0010 37.85327586206897
1000 38.060172413793104
0100 38.26706896551725
0001 38.47396551724138
0100 38.68086206896552
1000 38.88775862068966
0010 39.094655172413795
0001 39.50844827586207
2000 39.71534482758621
3100 40.129137931034485
0001 40.33603448275862
1000 40.54293103448276
0001 40.7498275862069
0100 40.95672413793104
0010 41.163620689655176
1000 41.37051724137931
0100 41.57741379310345
0010 41.78431034482759
0001 41.991206896551724
1000 42.198103448275866
0010 42.405
0100 42.61189655172414
0010 42.81879310344828
1000 43.025689655172414
0001 43.232586206896556
1000 43.43948275862069
0100 43.64637931034483
1000 43.85327586206897
0001 44.060172413793104
0100 44.26706896551725
0010 44.47396551724138
1000 44.68086206896552
0001 44.88775862068966
0010 45.094655172413795
0100 45.30155172413793
1000 45.50844827586207
0100 45.71534482758621
0010 45.92224137931035
0001 46.129137931034485
1000 46.33603448275862
0010 46.54293103448276
0100 46.7498275862069
0010 46.95672413793103
1000 47.163620689655176
0001 47.37051724137931
1000 47.57741379310345
0100 47.78431034482759
0010 47.991206896551724
0100 48.198103448275866
1000 48.405
0100 48.611896551724136
0010 48.81879310344828
0001 49.025689655172414
0010 49.232586206896556
0001 49.43948275862069
0100 49.64637931034483
0010 49.85327586206897
0100 50.060172413793104
0001 50.26706896551724
1000 50.47396551724138
0100 50.68086206896552
1000 50.88775862068966
0010 51.094655172413795
0100 51.30155172413793
0001 51.50844827586207
1000 51.71534482758621
0100 51.92224137931034
0010 52.129137931034485
0001 52.33603448275862
0010 52.54293103448276
0100 52.7498275862069
0010 52.95672413793103
0001 53.163620689655176
1000 53.37051724137931
0100 53.577413793103446
0001 53.78431034482759
0200 53.991206896551724
1300 54.405
0001 54.611896551724136
0100 54.81879310344828
0010 55.025689655172414
0100 55.23258620689655
1000 55.43948275862069
0100 55.64637931034483
0002 55.85327586206897
2003 56.26706896551724
3100 56.68086206896552
0010 56.88775862068965
1000 57.094655172413795
0020 57.30155172413793
0031 57.71534482758621
1000 57.92224137931034
0001 58.129137931034485
0100 58.33603448275862
0010 58.542931034482756
1000 58.7498275862069
0001 58.95672413793103
2001 59.163620689655176
3001 59.577413793103446
0010 59.78431034482759
1000 59.991206896551724
0010 60.19810344827586
0001 60.405
0200 60.611896551724136
0310 61.025689655172414
1000 61.23258620689655
0001 61.43948275862069
0010 61.64637931034483
0100 61.85327586206896
1000 62.060172413793104
0100 62.26706896551724
0120 62.47396551724138
0031 62.88775862068965
0100 63.094655172413795
1000 63.30155172413793
0100 63.508448275862065
0010 63.71534482758621
2000 63.92224137931034
3001 64.33603448275862
0010 64.54293103448276
0100 64.74982758620689
2000 64.95672413793103
3001 65.3705172413793
0100 65.57741379310345
0120 65.78431034482759
1030 66.19810344827586
0100 66.405
0001 66.61189655172414
0100 66.81879310344829
1000 67.02568965517241
0020 67.23258620689656
0130 67.64637931034483
0001 67.85327586206897
1000 68.06017241379311
0001 68.26706896551724
0010 68.47396551724138
0100 68.68086206896551
1000 68.88775862068965
1002 69.0946551724138
0103 69.50844827586207
0010 69.71534482758621
0001 69.92224137931035
0010 70.12913793103449
0100 70.33603448275862
0002 70.54293103448276
1003 70.95672413793103
0010 71.16362068965518
0100 71.37051724137932
0001 71.57741379310345
1000 71.78431034482759
0001 71.85327586206897
1000 71.92224137931034
0001 71.99120689655172
0010 72.19810344827586
0210 72.405
0001 72.81879310344827
0310 73.23258620689656
0001 73.4394827586207
1000 73.64637931034483
0001 73.85327586206897
0010 74.06017241379311
0100 74.26706896551724
0001 74.47396551724138
0200 74.68086206896552
1300 75.0946551724138
0001 75.30155172413792
0100 75.50844827586207
0020 75.71534482758621
1030 76.12913793103448
0100 76.33603448275862
0001 76.54293103448276
0100 76.7498275862069
0010 76.95672413793103
0001 77.16362068965518
1000 77.37051724137932
1001 77.78431034482759
1001 78.19810344827586
0001 78.405
0010 78.61189655172413
0100 78.81879310344827
0001 79.02568965517241
0100 79.23258620689654
1000 79.43948275862068
0010 79.64637931034483
0001 79.85327586206897
0010 80.06017241379311
1000 80.26706896551724
0100 80.47396551724138
0001 80.68086206896552
0100 80.88775862068965
1000 81.0946551724138
0100 81.30155172413794
0010 81.50844827586207
0001 81.71534482758621
0021 81.92224137931034
1030 82.33603448275862
0010 82.54293103448275
0001 82.74982758620689
0100 82.95672413793103
1000 83.16362068965518
0100 83.37051724137932
0001 83.57741379310345
0010 83.78431034482759
1000 83.99120689655173
0010 84.19810344827586
0100 84.405
0010 84.61189655172414
1000 85.02568965517241
0002 85.23258620689654
1003 85.64637931034483
0010 85.85327586206895
0001 86.0601724137931
0100 86.26706896551724
1000 86.47396551724138
0100 86.68086206896552
0001 86.88775862068965
0010 87.0946551724138
1000 87.30155172413794
0010 87.50844827586207
0001 87.71534482758621
0010 87.92224137931035
0100 88.12913793103448
1000 88.33603448275862
1200 88.54293103448275
0301 88.95672413793103
0100 89.16362068965516
1000 89.3705172413793
0010 89.57741379310345
0001 89.78431034482759
0010 89.99120689655173
1000 90.19810344827586
0100 90.405
0001 90.61189655172414
0100 90.81879310344827
1000 91.02568965517241
0010 91.23258620689656
0001 91.67593596059113
2000 91.91238916256157
3000 92.38529556650246
