TITLE Retention
BPM   130.0
NOTES
1000 6.303789473684211
0100 6.402473684210527
0010 6.501157894736843
0001 6.599842105263158
1000 6.698526315789474
0010 6.79721052631579
1000 6.895894736842106
0001 6.994578947368422
0100 7.093263157894738
0010 7.1919473684210535
0100 7.290631578947369
0010 7.3893157894736845
1000 7.488
0001 7.586684210526316
0010 7.685368421052632
0100 7.784052631578948
1000 7.882736842105264
0100 7.98142105263158
0010 8.080105263157895
0100 8.17878947368421
1000 8.277473684210527
0001 8.376157894736842
0100 8.474842105263157
0010 8.573526315789474
1000 8.672210526315789
0001 8.770894736842106
0100 8.86957894736842
0001 8.968263157894738
1000 9.066947368421053
0100 9.16563157894737
0010 9.264315789473685
0001 9.363
1000 9.461684210526315
0100 9.56036842105263
1000 9.659052631578946
0001 9.757736842105261
0100 9.856421052631578
0001 9.955105263157893
1000 10.053789473684208
0100 10.152473684210525
0010 10.25115789473684
0001 10.349842105263157
0100 10.448526315789472
0010 10.547210526315789
1000 10.645894736842104
0010 10.74457894736842
0100 10.843263157894736
0001 10.94194736842105
1000 11.040631578947368
0010 11.139315789473683
1000 11.238
0001 11.336684210526315
0010 11.435368421052631
0100 11.534052631578946
1000 11.632736842105263
0100 11.731421052631578
2000 11.830105263157893
3010 12.027473684210525
0002 12.224842105263157
0013 12.422210526315789
1000 12.61957894736842
0010 12.718263157894736
1000 12.816947368421053
0001 12.915631578947368
0100 13.014315789473685
0010 13.113
1000 13.211684210526315
0010 13.310368421052631
0100 13.409052631578946
0001 13.507736842105263
0010 13.606421052631578
0100 13.705105263157895
0010 13.80378947368421
0001 13.902473684210527
1000 14.001157894736842
0100 14.099842105263157
1000 14.198526315789474
0001 14.297210526315789
0100 14.395894736842106
0010 14.49457894736842
0100 14.593263157894738
0010 14.691947368421053
1000 14.79063157894737
0010 14.889315789473685
1000 14.988
0001 15.086684210526316
0010 15.185368421052631
0100 15.284052631578948
1000 15.382736842105263
0100 15.481421052631578
0010 15.580105263157895
0001 15.67878947368421
1000 15.777473684210527
0001 15.876157894736842
0100 15.974842105263159
0001 16.073526315789476
1000 16.17221052631579
0010 16.270894736842106
1000 16.36957894736842
0001 16.468263157894736
0100 16.566947368421054
0010 16.66563157894737
0100 16.764315789473685
0010 16.863
1000 16.961684210526315
0001 17.060368421052633
0010 17.159052631578948
0100 17.257736842105263
1000 17.35642105263158
0100 17.455105263157893
0010 17.55378947368421
0001 17.652473684210527
0100 17.751157894736842
0010 17.849842105263157
1000 17.948526315789472
0001 18.047210526315787
0020 18.145894736842106
0130 18.343263157894736
0002 18.54063157894737
0103 18.738
2200 18.93536842105263
3300 19.13273684210526
2002 19.330105263157893
3003 19.527473684210523
0001 19.724842105263157
0100 19.823526315789472
0001 19.922210526315787
0100 20.119578947368417
0010 20.218263157894736
0100 20.31694736842105
1010 20.514315789473685
1000 20.711684210526315
0001 20.909052631578948
0010 21.10642105263158
0100 21.205105263157893
1000 21.303789473684212
0010 21.501157894736842
0100 21.599842105263157
0001 21.698526315789472
1000 21.79721052631579
0001 21.895894736842106
1000 21.99457894736842
0100 22.093263157894736
0010 22.290631578947366
0001 22.389315789473685
0010 22.488
0001 22.68536842105263
1000 22.784052631578945
0001 22.882736842105263
1000 23.080105263157893
0010 23.17878947368421
1000 23.277473684210527
0001 23.376157894736842
1000 23.474842105263157
0100 23.573526315789472
0010 23.67221052631579
0001 23.86957894736842
0100 23.96826315789474
0001 24.066947368421054
1000 24.264315789473685
0010 24.363
1000 24.461684210526318
0001 24.659052631578948
0010 24.757736842105263
0001 24.856421052631582
0010 24.955105263157897
0100 25.053789473684212
1000 25.152473684210527
0001 25.251157894736842
1000 25.448526315789472
0010 25.54721052631579
1000 25.645894736842106
0001 25.843263157894736
0100 25.94194736842105
0001 26.04063157894737
1000 26.238
0100 26.336684210526315
0010 26.43536842105263
0001 26.534052631578948
0100 26.632736842105263
0001 26.73142105263158
1000 26.830105263157893
0001 27.027473684210523
0010 27.126157894736842
0001 27.224842105263157
1000 27.422210526315787
0100 27.520894736842102
1000 27.61957894736842
0010 27.81694736842105
0100 27.915631578947366
0010 28.014315789473685
1000 28.113
0001 28.211684210526315
0100 28.31036842105263
0001 28.409052631578948
1000 28.60642105263158
0100 28.705105263157897
1000 28.803789473684212
0001 29.001157894736842
0100 29.099842105263157
0001 29.198526315789476
0100 29.395894736842106
0010 29.49457894736842
1000 29.59326315789474
0001 29.691947368421054
0010 29.79063157894737
0100 29.889315789473685
1000 29.988
0001 30.18536842105263
0010 30.284052631578948
0100 30.382736842105263
0010 30.580105263157893
0001 30.67878947368421
1000 30.777473684210527
0010 30.974842105263157
0100 31.073526315789472
0001 31.172210526315787
0100 31.270894736842106
0001 31.36957894736842
1000 31.468263157894736
0010 31.566947368421054
1000 31.79251127819549
0001 31.90529323308271
1000 32.01807518796993
0001 32.243639097744364
0100 32.35642105263158
0100 32.4692030075188
0100 32.58198496240602
0010 32.69476691729324
1000 32.92033082706767
0100 33.03311278195489
0010 33.1458947368421
0001 33.34326315789473
1000 33.54063157894736
0010 33.738
0100 33.836684210526315
0001 33.93536842105263
1000 34.13273684210526
0100 34.231421052631575
0010 34.33010526315789
0001 34.428789473684205
0010 34.52747368421052
0001 34.62615789473684
1000 34.72484210526316
0010 34.92221052631579
1000 35.0208947368421
0010 35.11957894736842
0100 35.316947368421054
0001 35.41563157894737
0100 35.514315789473685
0010 35.711684210526315
1000 35.81036842105263
0100 35.909052631578945
0010 36.00773684210526
0001 36.106421052631575
1000 36.2051052631579
0001 36.30378947368421
0010 36.50115789473684
0100 36.59984210526316
1000 36.69852631578947
0100 36.89589473684211
0010 36.994578947368424
0001 37.09326315789474
0100 37.29063157894737
0010 37.389315789473685
1000 37.488
0001 37.586684210526315
0100 37.68536842105263
0001 37.78405263157895
1000 37.88273684210526
0100 38.08010526315789
1000 38.178789473684205
0100 38.27747368421052
0010 38.47484210526316
0001 38.57352631578947
0010 38.67221052631579
0001 38.86957894736842
1000 38.96826315789473
0010 39.06694736842105
1000 39.16563157894736
0100 39.26431578947368
0010 39.363
0001 39.461684210526315
1000 39.659052631578945
0010 39.75773684210526
0100 39.856421052631575
0001 40.05378947368421
0100 40.15247368421053
0010 40.25115789473684
1000 40.44852631578947
0100 40.54721052631579
1000 40.6458947368421
0001 40.74457894736842
0100 40.84326315789473
0010 40.941947368421054
1000 41.04063157894737
0001 41.238
0010 41.336684210526315
0001 41.43536842105263
1000 41.63273684210527
0010 41.73142105263158
1000 41.8301052631579
0010 42.02747368421053
0100 42.12615789473684
0001 42.22484210526316
0010 42.32352631578947
0100 42.42221052631579
1000 42.52089473684211
0001 42.619578947368424
1000 42.816947368421054
0100 42.91563157894737
0010 43.014315789473685
0100 43.21168421052632
1000 43.31036842105264
0001 43.40905263157895
0100 43.60642105263158
0010 43.7051052631579
1000 43.80378947368421
0001 43.90247368421053
1000 44.00115789473684
0001 44.099842105263164
2000 44.19852631578947
3000 44.42409022556391
0033 44.76243609022556
0100 44.988
0001 45.10078195488722
1000 45.326345864661654
0100 45.43912781954887
1000 45.55190977443609
1002 45.77747368421053
0013 46.17221052631579
2000 46.369578947368424
3020 46.764315789473685
0032 47.159052631578945
0003 47.55378947368421
2000 47.75115789473684
3020 48.14589473684211
2030 48.54063157894737
3002 48.93536842105263
0013 49.33010526315789
2000 49.52747368421053
3010 49.92221052631579
0001 50.11957894736842
0100 50.31694736842105
0010 50.514315789473685
1030 50.909052631578945
3010 51.30378947368421
1030 51.69852631578947
3001 52.09326315789474
0010 52.29063157894737
0002 52.68536842105264
2003 53.0801052631579
3010 53.67221052631579
0100 53.86957894736842
0020 54.264315789473685
2030 54.659052631578945
3000 55.053789473684205
1001 55.25115789473684
1001 55.44852631578947
1000 55.6458947368421
0100 55.84326315789474
0120 56.238
0031 56.63273684210526
1001 56.8301052631579
1010 57.02747368421053
0010 57.22484210526316
0100 57.619578947368424
0101 57.816947368421054
0001 58.014315789473685
2001 58.211684210526315
3100 58.606421052631575
0010 58.803789473684205
0100 59.00115789473684
1000 59.19852631578947
0001 59.3958947368421
0100 59.59326315789473
0010 59.79063157894736
2000 59.988
3100 60.18536842105263
0002 60.38273684210526
0103 60.5801052631579
1000 60.67878947368421
0001 60.87615789473684
0100 60.97484210526316
0001 61.07352631578947
1000 61.17221052631579
0100 61.2708947368421
1000 61.36957894736842
2200 61.566947368421054
0011 61.961684210526315
3300 62.15905263157895
1000 62.35642105263158
0001 62.55378947368421
0100 62.75115789473684
0010 62.94852631578947
1010 63.34326315789474
0022 63.73800000000001
0033 64.3301052631579
0202 64.72484210526316
1010 65.11957894736842
0303 65.31694736842105
0001 65.51431578947368
1000 65.71168421052633
0100 65.90905263157896
0020 66.10642105263159
0130 66.50115789473683
1000 66.69852631578947
0002 66.8958947368421
1003 67.488
0001 67.88273684210526
0100 68.08010526315789
0110 68.27747368421052
0010 68.47484210526315
1000 68.67221052631578
0001 68.86957894736842
0011 69.06694736842105
0010 69.26431578947368
0002 69.46168421052631
1003 69.65905263157894
2010 69.85642105263157
3010 70.0537894736842
0200 70.25115789473683
0301 70.44852631578948
0012 70.64589473684211
0013 70.84326315789474
0200 71.04063157894737
1300 71.238
2001 71.43536842105263
3002 71.63273684210526
0103 71.83010526315789
0010 72.02747368421053
1010 72.22484210526316
1000 72.4222105263158
0001 72.61957894736842
0103 73.01431578947368
1300 73.40905263157894
3010 73.80378947368422
0100 74.19852631578948
1000 74.46168421052631
0010 74.72484210526316
0100 74.988
1000 75.25115789473685
0010 75.51431578947368
0001 75.77747368421052
1030 76.3037894736842
3100 76.83010526315789
0010 77.35642105263157
1000 77.61957894736841
0100 77.88273684210526
0010 78.1458947368421
1000 78.40905263157894
0200 78.67221052631578
0002 78.93536842105263
1010 79.33010526315789
0303 79.52747368421052
0001 79.72484210526315
0100 79.9222105263158
0010 80.11957894736842
1000 80.31694736842105
1010 80.71168421052631
0022 81.10642105263157
0033 81.69852631578948
0220 82.09326315789474
1001 82.488
0330 82.68536842105263
0100 82.88273684210526
1000 83.0801052631579
0001 83.27747368421053
0200 83.47484210526316
0310 83.86957894736842
1000 84.06694736842105
0002 84.26431578947368
0013 84.85642105263159
0001 85.25115789473685
1000 85.44852631578948
1010 85.64589473684211
0010 85.84326315789474
0100 86.04063157894737
0001 86.23800000000001
0011 86.43536842105264
0010 86.63273684210527
0002 86.83010526315789
1003 87.02747368421052
2010 87.22484210526315
3010 87.42221052631578
0200 87.61957894736841
0301 87.81694736842105
0012 88.01431578947368
0013 88.21168421052631
0200 88.40905263157894
0310 88.60642105263157
0012 88.8037894736842
2003 89.00115789473683
3010 89.19852631578947
0100 89.39589473684211
0101 89.59326315789474
0001 89.79063157894737
1000 89.988
3100 90.51431578947368
0013 91.04063157894737
1030 91.56694736842105
0100 91.83010526315789
0010 92.09326315789474
1000 92.35642105263157
0100 92.61957894736842
0010 92.88273684210526
1000 93.14589473684211
3010 93.6722105263158
0103 94.19852631578948
1300 94.72484210526316
0010 94.988
0100 95.25115789473685
1000 95.51431578947368
0010 95.77747368421053
0100 96.04063157894737
1000 96.3037894736842
0100 96.40247368421052
1000 96.50115789473683
0001 97.88273684210526
1000 97.98142105263157
0010 98.08010526315789
1000 98.1787894736842
0001 98.27747368421052
0100 98.37615789473683
0010 98.47484210526315
1000 98.57352631578947
0001 98.67221052631578
0100 98.7708947368421
0010 98.86957894736842
1000 98.96826315789474
0010 99.06694736842105
0100 99.16563157894737
0001 99.26431578947368
1000 99.363
0001 99.46168421052631
0010 99.56036842105263
0100 99.65905263157894
1000 99.75773684210526
0100 99.85642105263157
1000 99.95510526315789
0001 100.0537894736842
0100 100.15247368421052
0001 100.25115789473683
0100 100.34984210526315
0010 100.44852631578948
1000 100.5472105263158
0001 100.64589473684211
0010 100.74457894736842
0100 100.84326315789474
1000 100.94194736842105
0001 101.04063157894737
0100 101.13931578947368
0001 101.238
1000 101.33668421052631
0100 101.43536842105263
0010 101.53405263157894
0100 101.63273684210526
1000 101.73142105263157
0001 101.83010526315789
0100 101.9287894736842
0010 102.02747368421053
1000 102.12615789473685
0100 102.22484210526316
0010 102.32352631578948
0100 102.4222105263158
1000 102.52089473684211
0001 102.61957894736842
0010 102.71826315789474
0100 102.81694736842105
0010 102.91563157894737
0001 103.01431578947368
0100 103.113
0010 103.21168421052631
1000 103.31036842105263
0001 103.40905263157894
0100 103.50773684210526
0001 103.60642105263159
1000 103.7051052631579
0010 103.80378947368422
0100 103.90247368421053
0001 104.00115789473685
1000 104.09984210526316
0001 104.19852631578948
1000 104.2972105263158
0100 104.39589473684211
0010 104.49457894736842
0001 104.59326315789474
1000 104.69194736842105
0100 104.79063157894737
0010 104.88931578947368
0100 104.988
1000 105.08668421052631
0001 105.18536842105264
1000 105.28405263157896
0010 105.38273684210527
0100 105.48142105263159
0001 105.5801052631579
1000 105.67878947368422
0001 105.77747368421053
0010 105.87615789473685
0100 105.97484210526316
1000 106.07352631578948
0001 106.1722105263158
0010 106.27089473684211
0001 106.36957894736842
1000 106.46826315789474
0020 106.56694736842105
0130 106.7643157894737
2000 106.96168421052633
3100 107.15905263157896
0001 107.35642105263157
1000 107.45510526315789
0100 107.5537894736842
1000 107.65247368421052
0001 107.75115789473683
0010 107.84984210526315
0100 107.94852631578947
0010 108.04721052631578
0001 108.1458947368421
1000 108.24457894736841
0010 108.34326315789474
0100 108.44194736842105
0001 108.54063157894737
0100 108.63931578947368
0001 108.738
1000 108.83668421052631
0100 108.93536842105263
0010 109.03405263157894
0001 109.13273684210526
0010 109.23142105263157
0001 109.33010526315789
1000 109.4287894736842
0010 109.52747368421052
0100 109.62615789473683
0001 109.72484210526315
0010 109.82352631578947
0100 109.9222105263158
1000 110.02089473684211
0100 110.11957894736842
1000 110.21826315789474
0001 110.31694736842105
0100 110.41563157894737
0010 110.51431578947368
1000 110.613
0100 110.71168421052631
1000 110.81036842105263
0001 110.90905263157894
0100 111.00773684210526
0010 111.10642105263157
1000 111.20510526315789
0010 111.3037894736842
0100 111.40247368421052
0001 111.50115789473685
0010 111.59984210526316
0100 111.69852631578948
1000 111.7972105263158
0100 111.89589473684211
1000 111.99457894736842
0001 112.09326315789474
0100 112.19194736842105
0001 112.29063157894737
1000 112.38931578947368
0100 112.488
0010 112.58668421052631
0100 112.68536842105263
0010 112.78405263157894
0002 112.88273684210526
0103 113.0801052631579
2000 113.27747368421053
3100 113.47484210526316
0002 113.6722105263158
0013 113.86957894736842
2000 114.06694736842105
3010 114.26431578947368
0002 114.46168421052631
0103 114.65905263157896
2000 114.85642105263159
3100 115.05378947368422
0101 115.51431578947368
1001 115.77747368421053
1100 116.04063157894737
0110 116.30378947368422
0011 116.56694736842105
2002 116.83010526315789
3003 121.96168421052631
1000 6.171694915254237
0100 6.235254237288135
0010 6.298813559322034
0100 6.362372881355932
1000 6.425932203389831
0001 6.489491525423729
0010 6.5530508474576274
0100 6.616610169491525
1000 6.680169491525424
0001 6.743728813559322
0100 6.80728813559322
0001 6.870847457627119
1000 6.934406779661017
0010 6.9979661016949155
0100 7.061525423728813
0010 7.125084745762711
1000 7.18864406779661
0001 7.252203389830508
0100 7.315762711864407
0001 7.379322033898305
1000 7.442881355932204
0010 7.5064406779661015
0100 7.57
0010 7.633559322033898
1000 7.697118644067796
0001 7.760677966101695
0010 7.824237288135593
0100 7.887796610169492
0010 7.9513559322033895
0100 8.014915254237287
1000 8.078474576271187
0100 8.142033898305085
0010 8.205593220338983
0001 8.26915254237288
1000 8.332711864406779
0100 8.396271186440678
0010 8.459830508474576
0001 8.523389830508474
0010 8.586949152542372
0001 8.650508474576272
1000 8.71406779661017
0001 8.777627118644068
0100 8.841186440677966
0001 8.904745762711864
1000 8.968305084745763
0010 9.031864406779661
1000 9.095423728813559
0001 9.158983050847457
1000 9.222542372881357
0100 9.286101694915255
0010 9.349661016949153
0001 9.413220338983052
0010 9.47677966101695
0100 9.540338983050848
0010 9.603898305084746
0001 9.667457627118646
1000 9.731016949152544
0001 9.794576271186441
0100 9.85813559322034
0001 9.921694915254237
0100 9.985254237288137
0010 10.048813559322035
1000 10.112372881355933
0001 10.17593220338983
0100 10.239491525423729
0001 10.303050847457627
1000 10.366610169491524
0001 10.430169491525424
0010 10.493728813559322
0100 10.55728813559322
1000 10.620847457627118
0001 10.684406779661018
0010 10.747966101694916
0100 10.811525423728813
0010 10.875084745762711
0100 10.93864406779661
1000 11.002203389830509
0100 11.065762711864407
0010 11.129322033898305
0001 11.192881355932203
0010 11.2564406779661
0001 11.319999999999999
1000 11.383559322033896
0001 11.447118644067796
0100 11.510677966101694
0010 11.574237288135592
1000 11.63779661016949
0001 11.70135593220339
0100 11.764915254237287
0001 11.828474576271185
1000 11.892033898305083
0010 11.955593220338981
1000 12.01915254237288
0001 12.082711864406779
0100 12.146271186440677
0001 12.209830508474575
0100 12.273389830508474
0001 12.336949152542372
0100 12.40050847457627
0010 12.46406779661017
1000 12.527627118644068
0001 12.591186440677966
0010 12.654745762711864
0100 12.718305084745763
1000 12.781864406779661
0001 12.845423728813559
0010 12.908983050847457
0100 12.972542372881355
0010 13.036101694915255
0001 13.099661016949153
0010 13.16322033898305
0001 13.226779661016948
1000 13.290338983050848
0010 13.353898305084746
0100 13.417457627118644
0001 13.481016949152544
1000 13.544576271186441
0001 13.60813559322034
0100 13.671694915254237
0001 13.735254237288137
1000 13.798813559322035
0100 13.92593220338983
0010 14.053050847457628
0001 14.180169491525424
0100 14.30728813559322
0010 14.434406779661016
1010 14.561525423728813
1001 14.815762711864407
0011 15.07
0110 15.324237288135592
0100 15.451355932203388
1000 15.578474576271185
0100 15.705593220338981
0010 15.832711864406779
0001 15.959830508474575
0101 16.08694915254237
0110 16.341186440677966
1010 16.595423728813557
1001 16.849661016949153
0001 16.97677966101695
0010 17.103898305084744
0001 17.231016949152544
0100 17.35813559322034
0010 17.485254237288135
1010 17.61237288135593
1001 17.866610169491526
0001 18.120847457627118
0010 18.205593220338983
0001 18.290338983050848
1000 18.375084745762713
0010 18.459830508474578
0100 18.544576271186443
0001 18.629322033898305
0100 18.71406779661017
0010 18.798813559322035
1000 18.8835593220339
0001 18.968305084745765
0010 19.053050847457627
0100 19.13779661016949
0210 19.392033898305083
1300 19.646271186440675
0001 19.709830508474575
0100 19.773389830508474
0010 19.83694915254237
2000 19.90050847457627
3001 20.154745762711862
0020 20.28186440677966
0130 20.66322033898305
1000 20.72677966101695
0100 20.790338983050848
0010 20.853898305084744
0002 20.917457627118644
1003 21.171694915254236
0020 21.298813559322035
0130 21.680169491525422
0001 21.743728813559322
1000 21.80728813559322
0001 21.870847457627118
0020 21.934406779661018
0130 22.061525423728813
0020 22.18864406779661
0031 22.31576271186441
2000 22.4428813559322
3020 22.569999999999997
0032 22.697118644067793
0023 22.824237288135592
2030 22.951355932203388
0001 23.078474576271184
3001 23.33271186440678
1000 23.459830508474575
0100 23.54457627118644
0010 23.629322033898305
0001 23.714067796610166
0100 23.79881355932203
0010 23.883559322033896
1000 23.96830508474576
0001 24.158983050847457
0021 24.349661016949153
0100 24.603898305084744
0130 24.73101694915254
1000 24.85813559322034
1010 24.985254237288135
0100 25.17593220338983
1002 25.366610169491526
0010 25.620847457627118
0013 25.747966101694914
0100 25.875084745762713
1000 25.93864406779661
0001 26.00220338983051
1000 26.129322033898305
0010 26.2564406779661
1000 26.3835593220339
0100 26.510677966101696
0010 26.574237288135595
0100 26.63779661016949
1000 26.70135593220339
0100 26.764915254237287
0010 26.828474576271187
0001 26.892033898305087
1000 26.955593220338983
0001 27.019152542372883
0200 27.273389830508474
0301 27.781864406779658
0010 27.845423728813557
0100 27.908983050847457
1000 27.972542372881353
0002 28.036101694915253
1003 28.290338983050844
0200 28.417457627118644
0310 28.79881355932203
0001 28.86237288135593
0010 28.92593220338983
0100 28.989491525423727
2000 29.053050847457627
3010 29.307288135593218
0200 29.434406779661018
0301 29.815762711864405
1000 29.879322033898305
0100 29.942881355932204
0010 30.0064406779661
0001 30.07
0100 30.260677966101696
0101 30.45135593220339
1000 30.578474576271184
0100 30.76915254237288
1100 30.959830508474575
0001 31.08694915254237
1000 31.15050847457627
0001 31.214067796610166
1000 31.277627118644066
0001 31.341186440677962
0100 31.404745762711862
0010 31.46830508474576
1000 31.531864406779658
0010 31.595423728813557
0100 31.658983050847457
0001 31.722542372881353
1000 31.786101694915253
0100 31.84966101694915
0010 31.97677966101695
0001 32.040338983050844
1000 32.10389830508474
0001 32.294576271186436
0021 32.48525423728813
0100 32.73949152542373
0130 32.86661016949152
0010 32.99372881355932
0011 33.120847457627114
1000 33.31152542372881
0201 33.502203389830505
0010 33.756440677966104
0310 33.883559322033896
1000 34.010677966101696
1002 34.13779661016949
1003 34.39203389830509
0100 34.51915254237288
1000 34.58271186440678
0100 34.64627118644068
0010 34.77338983050848
0001 34.90050847457627
0100 35.02762711864407
0001 35.091186440677966
0100 35.15474576271186
0010 35.218305084745765
1000 35.28186440677966
0001 35.34542372881356
1000 35.40898305084746
0010 35.47254237288136
1000 35.53610169491525
0001 35.599661016949156
0010 35.66322033898305
0100 35.72677966101695
1000 35.79033898305085
0100 35.85389830508475
1000 35.917457627118644
0100 35.98101694915255
0010 36.04457627118644
0001 36.10813559322034
1000 36.171694915254236
0010 36.298813559322035
0100 36.425932203389834
0001 36.55305084745763
1000 36.680169491525426
0010 36.807288135593225
0100 36.93440677966102
0001 37.06152542372882
1000 37.18864406779661
0100 37.31576271186441
0010 37.44288135593221
0001 37.57
1000 37.69711864406779
0100 37.86661016949152
0010 38.03610169491525
0001 38.205593220338976
1000 38.375084745762706
0001 38.544576271186436
0010 38.714067796610166
0100 38.883559322033896
1000 39.05305084745763
0100 39.22254237288135
1000 39.39203389830508
0100 39.56152542372881
1000 39.73101694915254
0010 39.90050847457627
0101 40.07
0100 40.23949152542372
0010 40.40898305084745
1000 40.578474576271184
0001 40.747966101694914
0010 40.87508474576271
0100 41.002203389830505
1000 41.129322033898305
0100 41.2564406779661
0010 41.383559322033896
0001 41.510677966101696
1000 41.63779661016949
0001 41.76491525423729
0100 41.89203389830509
0010 42.01915254237288
1000 42.14627118644068
0001 42.27338983050847
1100 42.40050847457627
1000 42.65474576271186
0011 42.78186440677966
0001 43.03610169491525
1010 43.16322033898305
1000 43.417457627118644
0101 43.54457627118644
1001 43.798813559322035
1000 43.925932203389834
0010 44.05305084745763
0100 44.180169491525426
0001 44.30728813559322
1000 44.37084745762712
0100 44.43440677966102
0010 44.497966101694914
0100 44.56152542372882
1000 44.62508474576271
0001 44.68864406779661
0010 44.75220338983051
0100 44.8157627118644
1000 44.8793220338983
0001 44.9428813559322
0100 45.0064406779661
0001 45.06999999999999
1000 45.133559322033896
0010 45.19711864406779
0100 45.26067796610169
0010 45.324237288135585
1000 45.38779661016949
0001 45.451355932203384
0010 45.51491525423728
0100 45.578474576271184
0010 45.64203389830508
0001 45.705593220338976
1000 45.76915254237288
0010 45.832711864406775
0100 45.89627118644067
0001 45.959830508474575
1000 46.02338983050847
0001 46.08694915254237
0010 46.15050847457627
0100 46.214067796610166
1000 46.27762711864406
0001 46.34118644067796
0010 46.40474576271186
0100 46.46830508474576
1000 46.531864406779654
0100 46.59542372881356
0010 46.65898305084745
0001 46.72254237288135
1000 46.78610169491525
0010 46.84966101694915
1000 46.913220338983045
0001 46.97677966101695
0100 47.040338983050844
0001 47.10389830508474
1000 47.167457627118644
0100 47.23101694915254
0010 47.294576271186436
0001 47.35813559322033
0010 47.421694915254236
0100 47.48525423728813
1000 47.54881355932203
0001 47.61237288135593
0100 47.67593220338983
0010 47.73949152542372
0100 47.80305084745763
0010 47.86661016949152
1000 47.93016949152542
0001 47.99372881355932
0010 48.05728813559322
0100 48.120847457627114
0010 48.18440677966102
0100 48.247966101694914
1000 48.31152542372881
0100 48.375084745762706
0010 48.43864406779661
0001 48.502203389830505
1000 48.5657627118644
0010 48.629322033898305
1000 48.6928813559322
0010 48.7564406779661
0100 48.82
0001 48.883559322033896
1000 48.94711864406779
0010 49.010677966101696
1000 49.07423728813559
0001 49.13779661016949
0010 49.20135593220339
0100 49.26491525423729
1000 49.328474576271184
0001 49.39203389830508
1000 49.45559322033898
0010 49.51915254237288
1000 49.582711864406775
0001 49.64627118644068
0100 49.709830508474575
0001 49.77338983050847
1000 49.836949152542374
0100 49.90050847457627
0010 49.964067796610166
0001 50.02762711864407
1000 50.091186440677966
0010 50.15474576271186
1000 50.218305084745765
0001 50.28186440677966
0100 50.34542372881356
0010 50.40898305084745
1000 50.47254237288136
0010 50.53610169491525
0100 50.59966101694915
0010 50.66322033898305
0100 50.72677966101695
0001 50.790338983050844
1000 50.85389830508475
0100 50.917457627118644
0010 50.98101694915254
0001 51.04457627118644
0010 51.10813559322034
0100 51.171694915254236
1000 51.23525423728814
0001 51.298813559322035
0100 51.36237288135593
0010 51.42593220338983
1000 51.48949152542373
0010 51.55305084745763
0100 51.61661016949152
0001 51.680169491525426
1000 51.74372881355932
0001 51.80728813559322
1000 51.87084745762712
0100 51.93440677966102
0010 51.997966101694914
0100 52.06152542372882
1000 52.12508474576271
0001 52.18864406779661
0100 52.25220338983051
0010 52.31576271186441
1000 52.379322033898305
0001 52.4428813559322
2001 52.6971186440678
3010 52.95135593220339
0100 53.07847457627119
0001 53.20559322033898
0021 53.33271186440678
0130 53.586949152542374
1000 53.71406779661017
1020 53.841186440677966
0130 54.09542372881356
0001 54.22254237288135
1000 54.34966101694915
0200 54.47677966101694
0300 54.60389830508474
0012 54.73101694915254
1003 54.98525423728813
0010 55.11237288135593
0100 55.23949152542372
0201 55.36661016949152
0310 55.620847457627114
1000 55.747966101694914
1200 55.875084745762706
0310 56.129322033898305
0001 56.2564406779661
1000 56.383559322033896
0010 56.51067796610169
1002 56.76491525423729
0013 57.01915254237288
0100 57.14627118644068
0010 57.27338983050847
0012 57.40050847457627
1003 57.65474576271186
0010 57.78186440677966
2010 57.90898305084745
3001 58.16322033898305
0010 58.22677966101695
0001 58.290338983050844
0010 58.35389830508475
0100 58.417457627118644
1000 58.48101694915254
0001 58.544576271186436
0100 58.629322033898305
0010 58.714067796610166
1000 58.798813559322035
0001 58.883559322033896
0100 58.96830508474576
0010 59.05305084745763
1000 59.13779661016949
0010 59.22254237288136
1000 59.30728813559322
0100 59.39203389830509
0010 59.47677966101695
0100 59.56152542372881
1000 59.64627118644068
0001 59.73101694915254
0010 59.81576271186441
0100 59.90050847457627
1000 59.98525423728813
0001 60.07
0100 60.15474576271186
0010 60.23949152542373
1000 60.32423728813559
0010 60.40898305084746
0100 60.49372881355932
0001 60.578474576271184
1000 60.66322033898305
0010 60.747966101694914
1000 60.83271186440678
0100 60.917457627118644
0010 61.002203389830505
0001 61.08694915254237
0010 61.17169491525423
0100 61.2564406779661
1000 61.34118644067796
0001 61.42593220338983
1000 61.51067796610169
0010 61.59542372881355
0100 61.65898305084745
0010 61.72254237288135
1000 61.786101694915246
0001 61.84966101694915
0100 61.913220338983045
0001 61.97677966101694
1000 62.040338983050844
0100 62.10389830508474
0010 62.16745762711864
0001 62.23101694915254
1000 62.294576271186436
0100 62.35813559322033
0010 62.421694915254236
0100 62.48525423728813
1000 62.54881355932203
0001 62.612372881355924
0100 62.67593220338983
0010 62.73949152542372
1000 62.80305084745762
0001 62.86661016949152
0010 62.93016949152542
0100 62.993728813559315
1000 63.05728813559322
0010 63.120847457627114
0100 63.18440677966101
0001 63.247966101694914
0100 63.31152542372881
0010 63.375084745762706
1000 63.43864406779661
0001 63.502203389830505
0010 63.5657627118644
0100 63.6293220338983
1000 63.6928813559322
0001 63.7564406779661
0010 63.81999999999999
0100 63.883559322033896
1000 63.94711864406779
0100 64.01067796610168
0010 64.07423728813558
0001 64.13779661016949
1000 64.20135593220338
0010 64.26491525423728
1000 64.32847457627118
0001 64.39203389830509
0100 64.45559322033898
0010 64.51915254237288
1000 64.58271186440678
0010 64.64627118644067
0100 64.70983050847457
0001 64.77338983050848
1000 64.83694915254237
0001 64.90050847457627
0100 64.96406779661017
0010 65.02762711864406
1000 65.09118644067796
0001 65.15474576271185
1000 65.21830508474575
0100 65.28186440677965
1000 65.34542372881354
0010 65.40898305084745
0100 65.47254237288135
0001 65.53610169491525
0010 65.59966101694914
0200 65.66322033898304
1300 65.91745762711864
0001 66.04457627118643
0100 66.29881355932201
0010 66.42593220338982
1010 66.6801694915254
1001 66.934406779661
0021 67.1886440677966
0130 67.4428813559322
1000 67.57
0001 67.69711864406779
0100 67.82423728813559
0020 67.95135593220338
1030 68.20559322033897
0001 68.45983050847457
1000 68.58694915254236
1100 68.71406779661015
0100 68.96830508474575
0010 69.09542372881354
0001 69.22254237288135
1001 69.47677966101695
1000 69.73101694915253
0010 69.85813559322034
0100 69.98525423728813
0001 70.11237288135592
1000 70.23949152542372
0001 70.49372881355931
0010 70.62084745762711
0001 70.7479661016949
1000 71.0022033898305
0010 71.0657627118644
0100 71.12932203389829
0001 71.2564406779661
1000 71.5106779661017
0100 71.63779661016949
0120 71.76491525423728
0031 72.01915254237288
1000 72.14627118644067
0010 72.27338983050846
0210 72.52762711864406
0301 72.78186440677965
1000 72.90898305084745
0100 73.03610169491525
0010 73.16322033898304
0011 73.29033898305084
0001 73.41745762711864
1000 73.54457627118644
0010 73.67169491525424
0100 73.79881355932203
0001 73.92593220338983
1001 74.05305084745763
1100 74.30728813559321
0011 74.56152542372881
0101 74.8157627118644
0100 74.9428813559322
0010 75.07
1000 75.19711864406779
0001 75.32423728813558
0010 75.45135593220337
0110 75.57847457627118
1100 75.83271186440676
1001 76.08694915254236
0101 76.34118644067796
0100 76.46830508474575
0001 76.59542372881356
1000 76.72254237288135
0100 76.84966101694914
0010 76.97677966101695
0011 77.10389830508474
0110 77.35813559322033
0100 77.61237288135592
1000 77.69711864406779
0010 77.78186440677965
0100 77.86661016949151
0001 77.95135593220337
1000 78.03610169491525
0100 78.12084745762711
1000 78.20559322033897
0010 78.29033898305083
0100 78.3750847457627
0001 78.45983050847457
0010 78.54457627118643
0100 78.6293220338983
1002 78.88355932203389
0103 79.13779661016949
0010 79.20135593220338
1000 79.26491525423728
0001 79.32847457627118
2000 79.39203389830507
3001 79.64627118644067
0021 79.77338983050846
0130 80.15474576271185
1000 80.21830508474575
0100 80.28186440677965
0010 80.34542372881354
0002 80.40898305084745
1003 80.66322033898305
1020 80.79033898305084
0130 81.17169491525424
0001 81.23525423728813
1000 81.29881355932203
0001 81.36237288135592
0020 81.42593220338982
0130 81.55305084745761
0002 81.68016949152542
0103 81.80728813559321
2000 81.934406779661
3020 82.06152542372881
0032 82.1886440677966
0023 82.3157627118644
2030 82.44288135593219
0001 82.56999999999998
3001 82.82423728813558
1000 82.95135593220337
0010 83.01491525423727
1000 83.07847457627118
0001 83.14203389830507
0100 83.20559322033897
0010 83.26915254237286
1000 83.33271186440676
0001 83.39627118644066
0010 83.45983050847457
0110 83.65050847457626
0012 83.84118644067796
1000 84.09542372881356
1003 84.22254237288135
0010 84.34966101694914
0110 84.47677966101693
0001 84.66745762711862
2001 84.85813559322033
0100 85.11237288135592
3100 85.23949152542372
0010 85.36661016949151
0001 85.4301694915254
1000 85.49372881355931
0010 85.62084745762711
0001 85.74796610169491
0010 85.8750847457627
0110 86.0022033898305
1010 86.1928813559322
1001 86.38355932203389
0001 86.51067796610168
0010 86.59542372881354
0100 86.6801694915254
0010 86.76491525423728
0001 86.84966101694914
0100 86.934406779661
0010 87.01915254237286
1000 87.10389830508473
0100 87.1886440677966
0010 87.27338983050846
0001 87.35813559322033
0100 87.44288135593219
0010 87.52762711864406
1010 87.78186440677966
1001 88.03610169491525
0001 88.29033898305084
0010 88.35389830508474
0100 88.41745762711864
1000 88.48101694915253
0001 88.54457627118643
1000 88.62932203389829
0001 88.71406779661015
1000 88.79881355932203
0100 88.88355932203389
0010 88.96830508474575
0001 89.05305084745761
0010 89.13779661016947
0100 89.22254237288135
1000 89.30728813559321
0001 89.37084745762711
0100 89.434406779661
0010 89.4979661016949
1000 89.5615254237288
1001 89.75220338983048
0011 89.94288135593219
0110 90.06999999999998
1100 90.26067796610168
1001 90.45135593220337
0001 90.57847457627118
0100 90.64203389830507
0001 90.70559322033897
1000 90.76915254237286
0001 90.83271186440678
0100 90.89627118644067
0001 90.95983050847457
1000 91.02338983050846
0100 91.08694915254236
0010 91.15050847457626
0001 91.21406779661017
1000 91.27762711864406
0001 91.34118644067796
1000 91.46830508474575
0100 91.53186440677965
0010 91.59542372881354
0011 91.78610169491523
2001 91.97677966101693
3010 92.23101694915253
0100 92.35813559322033
0001 92.48525423728812
1001 92.61237288135592
0010 92.80305084745761
0102 92.99372881355931
1003 93.24796610169491
0100 93.3750847457627
0010 93.5022033898305
0002 93.62932203389829
1003 93.88355932203389
0100 93.96830508474575
0010 94.05305084745761
0100 94.13779661016947
1000 94.22254237288134
0010 94.30728813559321
0100 94.39203389830507
0001 94.47677966101693
0100 94.5615254237288
0001 94.64627118644067
1000 94.70983050847457
0100 94.77338983050846
0010 94.83694915254236
0100 94.90050847457627
1000 94.96406779661017
0001 95.02762711864406
0100 95.09118644067796
0001 95.15474576271185
1000 95.21830508474575
0010 95.28186440677966
0100 95.34542372881356
0001 95.40898305084745
0100 95.47254237288135
0010 95.53610169491525
1000 95.59966101694914
0002 95.66322033898304
0003 96.55305084745761
1001 96.68016949152542
1100 96.87084745762711
0110 97.06152542372881
0011 97.2522033898305
0101 97.4428813559322
0110 97.57
1000 97.69711864406779
0001 97.78186440677965
1000 97.86661016949151
0100 97.95135593220338
1000 98.03610169491525
0001 98.12084745762711
0100 98.20559322033897
0001 98.29033898305083
1000 98.3750847457627
0100 98.45983050847457
0010 98.54457627118643
0001 98.62932203389829
0010 98.71406779661015
0100 98.79881355932201
1000 98.88355932203388
0001 98.96830508474575
0100 99.05305084745761
0001 99.13779661016947
1000 99.22254237288134
0010 99.3072881355932
0100 99.39203389830507
0001 99.47677966101693
0100 99.5615254237288
0010 99.64627118644066
1000 99.73101694915253
0001 99.82346687211093
0010 99.91591679506932
0010 100.00836671802773
0100 100.10081664098612
1000 100.19326656394452
0100 100.28571648690291
0010 100.37816640986132
0001 100.47061633281972
1000 100.56306625577811
0001 100.6555161787365
0100 100.7479661016949
0001 100.83271186440676
1000 100.91745762711862
0100 101.0022033898305
1000 101.08694915254236
0010 101.17169491525422
0100 101.25644067796608
0001 101.34118644067794
0010 101.42593220338982
0100 101.51067796610168
1000 101.59542372881354
0001 101.6801694915254
0100 101.76491525423728
0010 101.85736517719567
1000 101.94981510015407
0100 102.04226502311248
1000 102.13471494607087
0010 102.22716486902927
0001 102.31961479198766
0010 102.41206471494607
0100 102.50451463790446
1000 102.59696456086286
0100 102.68941448382125
0010 102.78186440677965
0001 102.86661016949151
0100 102.95135593220337
0001 103.03610169491525
1000 103.09966101694914
0001 103.16322033898304
0100 103.22677966101693
0001 103.29033898305083
1000 103.35389830508473
0100 103.41745762711864
0010 103.48101694915253
0001 103.54457627118643
0010 103.60813559322033
0100 103.67169491525422
1000 103.73525423728812
0001 103.79881355932203
0100 103.89126348228042
0010 103.98371340523882
1000 104.07616332819723
0100 104.16861325115562
1000 104.26106317411401
0100 104.35351309707241
0010 104.44596302003082
0001 104.53841294298921
0100 104.6308628659476
1000 104.723312788906
0001 104.8157627118644
0100 104.90050847457626
0001 104.98525423728812
1000 105.07
0010 105.15474576271185
1000 105.23949152542372
0001 105.32423728813558
0100 105.40898305084744
0010 105.49372881355931
1000 105.57847457627118
0100 105.66322033898304
1000 105.7479661016949
0001 105.83271186440678
0010 105.92516178736517
0100 106.01761171032356
1000 106.11006163328197
0010 106.20251155624037
0100 106.29496147919876
0010 106.38741140215716
0100 106.47986132511556
0001 106.57231124807396
0010 106.66476117103235
1000 106.75721109399075
0001 106.84966101694914
0100 106.934406779661
0001 107.01915254237286
1000 107.10389830508474
0100 107.1886440677966
0010 107.27338983050846
0100 107.35813559322033
1000 107.44288135593219
0001 107.52762711864406
0010 107.61237288135592
0001 107.69711864406779
0010 107.78186440677965
0100 107.86661016949151
1000 107.9590600924499
0010 108.0515100154083
0001 108.1439599383667
0100 108.2364098613251
0010 108.3288597842835
1000 108.42130970724189
0001 108.5137596302003
0100 108.60620955315869
0001 108.69865947611709
1000 108.79110939907548
0100 108.88355932203389
0010 108.96830508474575
0001 109.05305084745761
1000 109.13779661016949
0100 109.20135593220338
1000 109.26491525423728
0100 109.32847457627118
0010 109.39203389830507
0001 109.45559322033897
1000 109.51915254237288
0010 109.58271186440678
0100 109.64627118644067
0001 109.70983050847457
1000 109.77338983050846
0001 109.83694915254236
1000 109.90050847457626
0100 109.98525423728812
0010 110.06999999999998
0001 110.15474576271185
0010 110.23949152542372
0100 110.32423728813558
1000 110.40898305084744
0001 110.4937288135593
0100 110.57847457627118
0010 110.66322033898304
0100 110.7479661016949
0002 110.83271186440676
2000 110.91745762711864
3003 111.68016949152542
1000 111.934406779661
0100 112.13779661016947
1000 112.34118644067796
0010 112.54457627118643
0100 112.7479661016949
0001 112.95135593220338
0010 113.12084745762711
1000 113.29033898305084
0100 113.45983050847457
0100 113.6293220338983
0001 113.79881355932203
1000 114.34966101694914
0001 114.41322033898304
1000 114.47677966101693
0010 114.54033898305083
0100 114.60389830508474
0001 114.66745762711864
0100 114.73101694915253
0010 114.79457627118643
1000 114.85813559322033
0001 114.92169491525422
0010 114.98525423728812
0100 115.04881355932201
1000 115.11237288135591
0100 115.1759322033898
0010 115.23949152542372
0100 115.30305084745761
1000 115.36661016949151
0001 115.4301694915254
0100 115.4937288135593
0010 115.5572881355932
1000 115.62084745762711
0100 115.684406779661
0010 115.7479661016949
0001 115.8115254237288
0100 115.87508474576269
0010 115.93864406779659
1000 116.0022033898305
0001 116.0657627118644
0100 116.12932203389829
0001 116.19288135593219
1000 116.2564406779661
0100 116.32
0010 116.38355932203389
0001 116.44711864406779
0100 116.51067796610168
0010 116.57423728813558
0100 116.63779661016949
0010 116.70135593220338
1000 116.76491525423728
0001 116.82847457627118
0010 116.89203389830507
0100 116.95559322033897
1000 117.01915254237286
0100 117.08271186440676
0010 117.14627118644066
0100 117.20983050847455
1000 117.27338983050846
0100 117.33694915254236
0010 117.40050847457626
0100 117.46406779661015
1000 117.52762711864405
1100 7.49
1000 7.724375
0001 7.95875
0100 8.0759375
0010 8.3103125
1000 8.4275
0001 8.5446875
1000 8.661875
0100 8.89625
0010 9.0134375
0001 9.130625
0200 9.2478125
0300 9.4821875
0010 9.599375
1000 9.7165625
0001 9.83375
0010 9.9509375
0100 10.068125
2000 10.1853125
3001 10.536875
0100 10.77125
0010 11.005625
1000 11.24
0001 11.474375
0010 11.70875
0001 11.8259375
1000 12.0603125
0010 12.1775
1000 12.2946875
0001 12.411875
0010 12.64625
0100 12.7634375
1000 12.880625
0020 12.9978125
0030 13.2321875
0100 13.349375
0001 13.4665625
1000 13.58375
0100 13.7009375
0010 13.818125
0001 13.9353125
1000 14.0525
0010 14.1696875
1000 14.286875
0010 14.4040625
0100 14.52125
0010 14.755625
1001 14.99
1000 15.224375
0100 15.45875
0010 15.5759375
0002 15.8103125
1003 16.0446875
0010 16.161875
0100 16.39625
0001 16.5134375
1000 16.630625
0200 16.7478125
0300 16.9821875
0010 17.099375
0001 17.2165625
1000 17.33375
0010 17.4509375
0200 17.6853125
0301 18.036875
1000 18.27125
0100 18.3884375
2000 18.6228125
3001 18.974375
0100 19.20875
0010 19.3259375
0200 19.5603125
0301 19.911875
1000 20.14625
0100 20.2634375
0020 20.4978125
0031 20.849375
1000 21.08375
0001 21.2009375
0100 21.4353125
0010 21.6696875
1000 21.9040625
0001 22.1384375
0011 22.49
0010 22.724375
0100 22.95875
1000 23.193125
0002 23.3103125
0103 23.661875
0010 23.7790625
1000 24.0134375
0002 24.2478125
1003 24.599375
0100 24.7165625
1000 24.9509375
0001 25.1853125
0100 25.4196875
0010 25.6540625
1000 25.8884375
0002 26.1228125
0013 26.474375
0100 26.70875
1000 26.8259375
0002 27.0603125
0103 27.2946875
0010 27.411875
1000 27.64625
0100 27.7634375
0010 27.880625
0001 27.9978125
2000 28.115
3001 29.0525
0100 29.1696875
0010 29.286875
1000 29.4040625
0001 29.52125
1000 29.755625
1001 29.99
0001 30.224375
0100 30.45875
0010 30.5759375
0100 30.8103125
0001 30.9275
0100 31.0446875
0001 31.161875
1000 31.39625
0100 31.5134375
0010 31.630625
0002 31.7478125
0003 31.9821875
1000 32.099375
0100 32.2165625
1000 32.33375
0001 32.4509375
0100 32.568125
0020 32.6853125
1030 33.036875
0001 33.27125
0010 33.505625
0001 33.74
0100 33.974375
0010 34.20875
1000 34.3259375
0010 34.5603125
0100 34.6775
0001 34.7946875
0100 34.911875
0010 35.14625
1000 35.2634375
0001 35.380625
0020 35.4978125
0030 35.7321875
0100 35.849375
1000 35.9665625
0001 36.08375
1000 36.2009375
0010 36.318125
0200 36.4353125
0301 36.786875
1000 37.02125
0100 37.255625
0010 37.49
0001 37.724375
1001 37.95875
1000 38.193125
0010 38.4275
0100 38.661875
0101 38.89625
0001 39.130625
0010 39.365
0100 39.599375
1100 39.83375
1000 40.068125
0001 40.3025
0100 40.536875
0110 40.77125
0010 41.005625
1000 41.24
0001 41.474375
0011 41.70875
0010 41.943125
0100 42.1775
1000 42.411875
1001 42.64625
0001 42.880625
0100 43.115
0010 43.349375
1010 43.58375
1000 43.818125
0001 44.0525
0010 44.1696875
0100 44.286875
1000 44.4040625
0001 44.52125
0100 44.755625
1010 44.99
1000 45.224375
0001 45.3415625
0010 45.45875
0100 45.5759375
1000 45.693125
0020 45.8103125
0030 46.161875
0100 46.39625
0001 46.5134375
0200 46.7478125
0310 47.099375
1000 47.33375
0001 47.4509375
0020 47.6853125
0130 48.036875
1000 48.27125
0001 48.505625
0100 48.74
0001 48.974375
1000 49.20875
0100 49.3259375
2000 49.5603125
3001 49.911875
0100 50.14625
0010 50.2634375
0200 50.4978125
0301 50.849375
1000 51.08375
0001 51.2009375
2000 51.4353125
3010 51.786875
0100 52.02125
0001 52.1384375
0200 52.3728125
0310 52.724375
1000 52.8415625
0001 52.95875
1000 53.0759375
0100 53.193125
2000 53.3103125
3100 53.661875
0010 53.89625
0001 54.0134375
0020 54.2478125
0031 54.599375
0100 54.83375
0010 54.9509375
0200 55.1853125
0301 55.536875
0010 55.77125
0100 56.005625
0010 56.24
0001 56.474375
1000 56.70875
0010 56.8259375
0200 57.0603125
0301 57.411875
1000 57.64625
0100 57.7634375
0020 57.9978125
0130 58.349375
1000 58.58375
0001 58.7009375
0200 58.9353125
0310 59.286875
1000 59.52125
0001 59.6384375
0020 59.8728125
0130 60.224375
1000 60.45875
0100 60.5759375
0020 60.8103125
0031 61.161875
1000 61.39625
0001 61.5134375
0200 61.7478125
0310 62.099375
1000 62.33375
0001 62.4509375
0020 62.6853125
0130 63.036875
0010 63.27125
0001 63.3884375
2000 63.6228125
3010 63.974375
0100 64.20875
0001 64.3259375
0020 64.5603125
0130 64.911875
1000 65.14625
0010 65.2634375
2000 65.4978125
3001 65.849375
0010 66.08375
0100 66.2009375
0020 66.4353125
0031 66.786875
1000 67.02125
0001 67.1384375
0020 67.3728125
0031 67.724375
0100 67.95875
0010 68.0759375
0200 68.3103125
0301 68.5446875
1000 68.661875
0001 68.89625
0010 69.0134375
0100 69.130625
1000 69.2478125
0010 69.599375
0100 69.7165625
0010 69.83375
1000 69.9509375
0002 70.1853125
0013 70.536875
0100 70.77125
1000 71.005625
0010 71.24
0100 71.474375
0001 71.70875
1000 71.8259375
0002 72.0603125
0013 72.2946875
0100 72.411875
1000 72.64625
0010 72.7634375
1000 72.880625
0002 72.9978125
0013 73.349375
0100 73.4665625
1000 73.58375
0010 73.7009375
0100 73.9353125
0001 74.0525
1000 74.1696875
0001 74.286875
1000 74.4040625
0100 74.52125
0010 74.755625
0011 74.99
0001 75.224375
1000 75.45875
0010 75.5759375
1000 75.8103125
0001 75.9275
1000 76.0446875
0001 76.161875
0010 76.39625
0100 76.5134375
1000 76.630625
0020 76.7478125
0030 76.9821875
0100 77.099375
0001 77.2165625
0100 77.33375
0010 77.4509375
1000 77.568125
0002 77.6853125
0013 78.036875
0100 78.27125
1000 78.505625
0001 78.74
0100 78.974375
0010 79.20875
1000 79.3259375
0010 79.5603125
0100 79.6775
0001 79.7946875
0100 79.911875
0010 80.14625
1000 80.2634375
0001 80.380625
2000 80.4978125
3000 80.7321875
0100 80.849375
0010 80.9665625
0100 81.08375
1000 81.2009375
0001 81.318125
0200 81.4353125
0310 81.786875
1000 82.02125
0001 82.255625
1000 82.49
0100 82.724375
0010 82.95875
0001 83.0759375
0010 83.3103125
0100 83.4275
0010 83.5446875
0100 83.661875
1000 83.89625
0001 84.0134375
0100 84.130625
0020 84.2478125
0030 84.4821875
1000 84.599375
0001 84.7165625
0100 84.83375
0001 84.9509375
1000 85.068125
0200 85.1853125
0310 85.536875
0001 85.77125
1000 86.005625
0001 86.24
0100 86.474375
0001 86.70875
0010 86.8259375
0001 87.0603125
1000 87.1775
0001 87.2946875
1000 87.411875
0010 87.64625
0100 87.7634375
0001 87.880625
0020 87.9978125
0030 88.2321875
0100 88.349375
1000 88.4665625
0100 88.58375
0010 88.7009375
0001 88.818125
1000 88.9353125
0010 89.0525
0100 89.1696875
0010 89.286875
0100 89.4040625
0001 89.52125
1000 89.755625
1001 89.99
0001 90.224375
0010 90.45875
0100 90.5759375
0020 90.8103125
0031 91.161875
1000 91.39625
0010 91.5134375
0200 91.7478125
0301 92.099375
1000 92.33375
0100 92.4509375
2000 92.6853125
3001 93.036875
0100 93.27125
0010 93.3884375
2000 93.6228125
3001 93.974375
0010 94.20875
0100 94.3259375
0020 94.5603125
0031 94.911875
1000 95.14625
0100 95.2634375
0020 95.4978125
0031 95.849375
0100 96.08375
0010 96.2009375
1000 96.4353125
0001 96.6696875
0010 96.9040625
0100 97.1384375
0011 97.49
0001 97.724375
1000 97.95875
0010 98.0759375
0200 98.3103125
0310 98.661875
1000 98.89625
0001 99.0134375
0020 99.2478125
0130 99.599375
1000 99.83375
0001 99.9509375
0200 100.1853125
0310 100.536875
1000 100.77125
0001 100.8884375
0020 101.1228125
0130 101.474375
0010 101.70875
0001 101.8259375
2000 102.0603125
3010 102.411875
0100 102.64625
0001 102.7634375
0200 102.9978125
0310 103.349375
1000 103.58375
0001 103.818125
0010 104.0525
0100 104.286875
1000 104.52125
0001 104.755625
0101 104.99
0100 105.224375
0001 105.45875
1000 105.5759375
0002 105.8103125
0013 106.161875
0100 106.39625
0010 106.5134375
0200 106.7478125
1300 107.099375
0010 107.33375
0100 107.4509375
0002 107.6853125
1003 108.036875
0100 108.27125
1000 108.3884375
0002 108.6228125
0103 108.974375
0010 109.20875
1000 109.3259375
0002 109.5603125
0013 109.911875
0100 110.14625
1000 110.2634375
0200 110.4978125
0310 110.849375
0001 111.08375
1000 111.2009375
0010 111.4353125
0100 111.6696875
0001 111.9040625
0010 112.1384375
0110 112.49
0100 112.724375
1000 112.95875
0010 113.193125
0200 113.3103125
0301 113.661875
1000 113.7790625
0001 114.0134375
0020 114.2478125
0130 114.599375
1000 114.7165625
0001 114.9509375
0100 115.1853125
0010 115.4196875
1000 115.6540625
0001 115.8884375
2000 116.1228125
3100 116.474375
0010 116.70875
0001 116.8259375
2000 117.0603125
3010 117.2946875
0100 117.411875
0010 117.64625
1000 117.7634375
0001 117.880625
0010 117.9978125
0200 118.115
1300 119.0525
0001 119.1696875
1000 119.286875
0001 119.4040625
1000 119.52125
0010 119.755625
0100 119.99
0001 120.224375
1000 120.45875
0100 120.5759375
0010 120.8103125
0001 120.9275
0010 121.0446875
0001 121.161875
1000 121.39625
0010 121.5134375
0100 121.630625
0002 121.7478125
0003 121.9821875
1000 122.099375
0100 122.2165625
0010 122.33375
0100 122.4509375
1000 122.568125
0002 122.6853125
0103 123.036875
0010 123.27125
1000 123.505625
0001 123.74
0010 123.974375
0100 124.20875
0010 124.3259375
0001 124.5603125
1000 124.6775
0001 124.7946875
1000 124.911875
0010 125.14625
0100 125.2634375
0001 125.380625
2000 125.4978125
3000 125.7321875
0100 125.849375
0010 125.9665625
0001 126.08375
0100 126.2009375
0010 126.318125
2000 126.4353125
3001 126.786875
0100 127.02125
0010 127.255625
1000 127.49
0100 127.724375
0010 127.95875
0100 128.0759375
1000 128.3103125
0010 128.4275
1000 128.5446875
0010 128.661875
0100 128.89625
0001 129.0134375
0010 129.130625
0002 129.2478125
0003 129.4821875
1000 129.599375
0010 129.7165625
0100 129.83375
0010 129.9509375
1000 130.068125
0200 130.1853125
0310 130.536875
0001 130.77125
1000 131.005625
0010 131.24
0100 131.474375
0001 131.70875
1000 131.8259375
0001 132.0603125
0010 132.1775
0100 132.2946875
1000 132.411875
0010 132.64625
0100 132.7634375
0001 132.880625
2000 132.9978125
3000 133.2321875
0100 133.349375
0010 133.4665625
0001 133.58375
1000 133.7009375
0010 133.818125
0200 133.9353125
0300 134.1696875
1001 134.286875
1001 14.75823076923077
1000 14.989
0100 15.219769230769232
0010 15.450538461538462
0002 15.681307692307694
0103 15.912076923076924
0010 16.02746153846154
1000 16.142846153846154
0100 16.373615384615388
0010 16.489
0002 16.604384615384618
1003 17.065923076923077
0010 17.29669230769231
0100 17.412076923076924
0001 17.52746153846154
0010 17.75823076923077
0100 17.989
1000 18.219769230769234
1010 18.450538461538464
0001 18.912076923076924
0011 19.142846153846158
0010 19.373615384615388
0100 19.719769230769234
1000 20.06592307692308
1001 20.29669230769231
0101 20.642846153846158
1000 20.989000000000004
0010 21.104384615384618
0100 21.219769230769234
0001 21.450538461538464
0010 21.56592307692308
0100 21.681307692307694
1000 21.912076923076928
0001 22.142846153846154
0010 22.373615384615384
0001 22.604384615384614
1000 22.835153846153847
0001 23.296692307692307
0100 23.412076923076924
0010 23.527461538461537
1000 23.75823076923077
0100 23.873615384615384
0010 23.989
0001 24.335153846153847
1000 24.681307692307694
0001 24.796692307692307
0100 24.912076923076924
0010 25.142846153846154
1000 25.373615384615384
0001 25.604384615384618
1000 25.835153846153847
0100 26.181307692307694
0010 26.52746153846154
0001 26.989
0100 27.21976923076923
0010 27.450538461538464
1000 27.681307692307694
0001 27.79669230769231
1000 27.912076923076924
0001 28.02746153846154
0100 28.142846153846154
0001 28.25823076923077
1000 28.373615384615388
0100 28.489
0010 28.604384615384618
0001 28.719769230769234
0010 28.835153846153847
0100 28.950538461538464
1000 29.065923076923077
0001 29.181307692307694
0100 29.29669230769231
0001 29.412076923076924
1000 29.52746153846154
0100 29.75823076923077
0010 29.989
0100 30.219769230769234
1000 30.335153846153847
0001 30.56592307692308
0100 30.79669230769231
0010 30.912076923076924
1000 31.142846153846158
0001 31.373615384615388
0100 31.489000000000004
0001 31.719769230769234
1000 31.835153846153847
0100 31.950538461538464
0010 32.18130769230769
0001 32.412076923076924
1000 32.64284615384615
0010 32.75823076923077
1000 32.989
1001 33.21976923076923
0101 33.68130769230769
0100 33.912076923076924
0010 34.02746153846154
1000 34.25823076923077
0001 34.489
0010 34.60438461538462
0100 34.835153846153844
1000 35.06592307692308
0001 35.29669230769231
0100 35.52746153846154
0010 35.75823076923077
1000 35.873615384615384
0001 36.10438461538462
0010 36.21976923076923
0100 36.450538461538464
1000 36.68130769230769
0010 36.912076923076924
0100 37.14284615384616
0001 37.373615384615384
0010 37.60438461538462
0100 37.71976923076923
0010 37.950538461538464
0001 38.18130769230769
0100 38.29669230769231
0010 38.52746153846154
1000 38.75823076923077
0001 38.873615384615384
0010 39.10438461538462
0100 39.21976923076923
1000 39.33515384615385
0001 39.56592307692308
0100 39.79669230769231
0010 40.02746153846154
1000 40.14284615384616
0001 40.373615384615384
0011 40.60438461538462
1001 41.06592307692308
1000 41.29669230769231
0010 41.412076923076924
0100 41.64284615384616
0001 41.873615384615384
0010 41.989000000000004
0100 42.21976923076923
1000 42.450538461538464
0001 42.6813076923077
0100 42.912076923076924
0001 43.14284615384616
0010 43.25823076923077
0100 43.489000000000004
1000 43.60438461538462
0001 43.71976923076923
0100 43.83515384615385
0010 44.06592307692308
1000 44.1813076923077
0001 44.296692307692304
0010 44.52746153846154
0100 44.758230769230764
0010 44.989
0001 45.10438461538461
1000 45.335153846153844
0010 45.56592307692307
0100 45.68130769230769
0001 45.91207692307692
1000 46.14284615384615
0100 46.258230769230764
1000 46.489
0001 46.60438461538461
0100 46.71976923076923
0010 46.835153846153844
1000 46.95053846153846
0001 47.18130769230769
0100 47.296692307692304
0001 47.52746153846154
0010 47.758230769230764
0100 47.873615384615384
1000 47.989
0001 48.335153846153844
1000 48.45053846153846
0010 48.68130769230769
0100 48.796692307692304
0001 49.02746153846154
0010 49.14284615384615
0100 49.373615384615384
1000 49.60438461538461
0001 49.835153846153844
0100 49.95053846153846
0001 50.06592307692308
1000 50.18130769230769
0100 50.296692307692304
0010 50.52746153846154
0001 50.64284615384615
1000 50.873615384615384
0010 50.989
0100 51.21976923076923
0001 51.45053846153846
1001 51.68130769230769
1000 51.912076923076924
0100 52.02746153846154
1000 52.373615384615384
0010 52.489
0100 52.71976923076923
0001 52.835153846153844
0010 53.06592307692308
0100 53.296692307692304
1000 53.52746153846154
0001 53.64284615384615
0100 53.873615384615384
0010 53.989
1000 54.10438461538462
0001 54.21976923076923
0010 54.335153846153844
0100 54.56592307692308
1000 54.68130769230769
0001 54.912076923076924
0100 55.14284615384615
0010 55.25823076923077
1000 55.373615384615384
0001 55.71976923076923
0010 55.835153846153844
0100 56.06592307692308
1000 56.18130769230769
0001 56.412076923076924
0100 56.52746153846154
0010 56.75823076923077
1000 56.989
0001 57.21976923076923
0010 57.450538461538464
0100 57.56592307692308
0010 57.912076923076924
0001 58.02746153846154
1000 58.14284615384615
0010 58.373615384615384
0100 58.60438461538462
0001 58.71976923076923
0100 58.835153846153844
0001 58.950538461538464
1000 59.06592307692308
0100 59.18130769230769
0010 59.29669230769231
0100 59.412076923076924
0010 59.52746153846154
0001 59.64284615384616
0010 59.75823076923077
0100 59.873615384615384
1000 59.989
0001 60.10438461538462
0100 60.335153846153844
0010 60.450538461538464
1000 60.68130769230769
0001 60.912076923076924
0100 61.02746153846154
0010 61.14284615384616
1000 61.25823076923077
0010 61.373615384615384
0100 61.489000000000004
0001 61.60438461538462
1000 61.71976923076923
0001 61.835153846153844
0100 61.950538461538464
0001 62.18130769230769
0010 62.29669230769231
0100 62.52746153846154
1000 62.75823076923077
0100 62.873615384615384
1000 62.989000000000004
0001 63.10438461538462
0010 63.21976923076923
0100 63.33515384615385
1000 63.450538461538464
0001 63.56592307692308
1000 63.68130769230769
0010 63.79669230769231
0100 64.02746153846155
0001 64.14284615384616
0100 64.37361538461539
0010 64.489
1000 64.60438461538462
0001 64.71976923076923
0100 64.83515384615384
0001 64.95053846153846
1000 65.06592307692308
0010 65.1813076923077
0100 65.29669230769231
0010 65.41207692307692
0100 65.52746153846154
0001 65.64284615384615
1000 65.87361538461539
0100 65.989
0010 66.21976923076923
0100 66.45053846153847
1000 66.56592307692308
0100 66.6813076923077
0010 66.79669230769231
0001 66.91207692307694
1000 67.02746153846155
0100 67.14284615384616
0010 67.25823076923078
0001 67.37361538461539
1000 67.489
0010 67.71976923076924
0100 67.83515384615386
0001 68.06592307692308
1000 68.29669230769231
0010 68.41207692307692
1000 68.52746153846154
0001 68.64284615384615
0100 68.75823076923078
0010 68.87361538461539
1000 68.989
0010 69.10438461538462
1000 69.21976923076923
0001 69.33515384615384
0010 69.56592307692308
0100 69.6813076923077
0010 69.91207692307692
0001 70.14284615384616
0010 70.25823076923078
0100 70.37361538461539
1000 70.489
0100 70.60438461538463
0010 70.71976923076924
0001 70.83515384615386
1000 70.95053846153847
0001 71.06592307692308
0100 71.1813076923077
0001 71.41207692307694
1000 71.52746153846155
0100 71.75823076923078
1000 71.87361538461539
0010 71.989
0100 72.10438461538462
0010 72.21976923076923
0100 72.33515384615384
0001 72.45053846153847
1000 72.56592307692308
0010 72.6813076923077
0100 72.79669230769231
0001 72.91207692307692
1000 73.02746153846154
0010 73.25823076923078
0100 73.37361538461539
0001 73.60438461538462
1000 73.71976923076923
0001 73.83515384615386
0010 73.95053846153847
0100 74.06592307692308
1000 74.1813076923077
0100 74.29669230769233
0010 74.41207692307694
0001 74.52746153846155
1000 74.64284615384616
0010 74.75823076923078
0100 74.87361538461539
0001 75.10438461538463
1000 75.21976923076924
0001 75.45053846153847
0010 75.56592307692308
0001 75.6813076923077
1000 75.79669230769231
0010 75.91207692307692
0100 76.02746153846154
0001 76.14284615384616
0010 76.25823076923078
0001 76.37361538461539
1000 76.489
0100 76.60438461538462
0010 76.71976923076923
0100 76.95053846153847
1000 77.06592307692308
0001 77.29669230769231
0100 77.52746153846155
0010 77.64284615384616
1000 77.75823076923078
0001 77.87361538461539
0100 77.98900000000002
0001 78.10438461538463
1000 78.21976923076924
0100 78.33515384615386
0010 78.45053846153847
0001 78.56592307692308
0010 78.79669230769233
0100 78.91207692307694
1000 79.14284615384616
0001 79.37361538461539
0100 79.489
0001 79.60438461538462
1000 79.71976923076923
0100 79.83515384615386
1000 79.95053846153847
0001 80.06592307692308
0010 80.1813076923077
0001 80.29669230769231
1000 80.41207692307692
0010 80.64284615384616
0100 80.75823076923078
0001 80.989
1000 81.21976923076924
0100 81.33515384615386
0010 81.45053846153847
0100 81.56592307692308
0010 81.68130769230771
0001 81.79669230769233
0010 81.91207692307694
0100 82.02746153846155
1000 82.14284615384616
0010 82.25823076923078
0100 82.48900000000002
0001 82.60438461538463
0100 82.83515384615386
0010 83.06592307692308
1000 83.1813076923077
0001 83.29669230769231
0010 83.41207692307692
0100 83.52746153846155
1000 83.64284615384616
0001 83.75823076923078
0010 83.87361538461539
0001 83.989
1000 84.10438461538462
0010 84.33515384615386
0100 84.45053846153847
0001 84.6813076923077
1000 84.91207692307694
0100 85.02746153846155
1000 85.14284615384616
0001 85.25823076923078
0010 85.3736153846154
0100 85.48900000000002
0010 85.60438461538463
0100 85.71976923076924
1000 85.83515384615386
0100 85.95053846153847
0010 86.18130769230771
0001 86.29669230769233
1000 86.52746153846155
0010 86.64284615384616
0100 86.75823076923078
0001 86.87361538461539
0100 86.989
0010 87.10438461538462
1000 87.21976923076924
0001 87.33515384615386
1000 87.45053846153847
0010 87.56592307692308
0100 87.6813076923077
0001 87.79669230769231
0010 87.91207692307694
0100 88.02746153846155
0010 88.25823076923078
0001 88.37361538461539
1000 88.489
0001 88.60438461538462
0100 88.71976923076923
0100 88.83515384615384
1000 88.95053846153846
0100 89.06592307692308
0100 89.1813076923077
0001 89.29669230769231
1000 89.41207692307692
0001 89.52746153846154
0010 89.64284615384615
0100 89.87361538461539
1000 89.989
0001 90.21976923076923
1000 90.45053846153847
0010 90.56592307692308
0010 90.6813076923077
0001 90.79669230769231
0010 90.91207692307694
0010 91.02746153846155
1000 91.14284615384616
0001 91.25823076923078
1000 91.37361538461539
0100 91.489
0010 91.71976923076924
0001 91.83515384615386
1000 92.06592307692308
0001 92.29669230769231
0100 92.41207692307692
0100 92.52746153846154
1000 92.64284615384615
0010 92.75823076923078
0010 92.87361538461539
0001 92.989
1000 93.10438461538462
0100 93.21976923076923
0010 93.33515384615384
0100 93.56592307692308
1000 93.6813076923077
0001 93.91207692307692
1000 94.14284615384616
0010 94.25823076923078
0010 94.37361538461539
0001 94.489
0100 94.60438461538463
0100 94.71976923076924
1000 94.83515384615386
0001 94.95053846153847
1000 95.06592307692308
0010 95.29669230769233
0100 95.41207692307694
0001 95.64284615384616
1000 95.75823076923078
0001 95.989
0100 96.10438461538462
0100 96.21976923076923
0010 96.33515384615384
0100 96.45053846153847
0100 96.56592307692308
0001 96.6813076923077
1000 96.79669230769231
0010 96.91207692307692
0100 97.02746153846154
0001 97.25823076923078
0100 97.37361538461539
0010 97.60438461538462
0100 97.83515384615386
0010 97.95053846153847
0010 98.06592307692308
0001 98.1813076923077
0010 98.29669230769233
0010 98.41207692307694
1000 98.52746153846155
0001 98.64284615384616
0010 98.75823076923078
0100 98.87361538461539
0010 99.10438461538463
0001 99.21976923076924
1000 99.45053846153847
0001 99.6813076923077
0100 99.79669230769231
0100 99.91207692307692
1000 100.02746153846154
0100 100.14284615384616
0100 100.25823076923078
0010 100.37361538461539
1000 100.489
0001 100.60438461538462
0010 100.71976923076923
0100 100.95053846153847
1000 101.06592307692308
0001 101.29669230769231
0010 101.52746153846155
0100 101.64284615384616
0100 101.75823076923078
0001 101.87361538461539
0010 101.98900000000002
0010 102.10438461538463
1000 102.21976923076924
0001 102.33515384615386
0100 102.45053846153847
0010 102.56592307692308
1000 102.68130769230771
0001 102.79669230769233
0100 102.91207692307694
0010 103.02746153846155
1000 103.14284615384616
0001 103.25823076923078
0010 103.37361538461539
0110 103.71976923076923
2002 104.06592307692308
3003 106.14284615384616
