TITLE SEE THE LIGHTS
BPM   174.0
NOTES
2001 11.02748275862069
3010 11.544724137931036
0100 11.717137931034484
0010 11.889551724137933
1000 12.061965517241381
0001 12.23437931034483
0020 12.406793103448278
0002 12.751620689655175
0033 13.441275862068968
2000 13.786103448275863
3100 14.303344827586209
0020 14.475758620689657
0130 14.820586206896554
1000 14.993
0020 15.165413793103449
0032 15.510241379310346
0023 15.855068965517242
1030 16.199896551724137
0001 16.372310344827586
0020 16.544724137931034
0230 16.88955172413793
2300 17.234379310344828
3002 17.579206896551725
0100 17.92403448275862
2003 18.268862068965518
3200 18.613689655172415
0320 18.95851724137931
0230 19.303344827586205
2300 19.6481724137931
3020 19.993
0200 20.337827586206895
0330 21.02748275862069
1002 22.06196551724138
0013 22.579206896551725
0100 22.751620689655173
1000 22.92403448275862
0010 23.09644827586207
0100 23.268862068965518
0001 23.441275862068967
1000 23.613689655172415
0002 23.786103448275863
0003 24.13093103448276
2000 24.820586206896554
3001 25.3378275862069
0010 25.510241379310347
0001 25.682655172413796
0100 25.855068965517244
0010 26.027482758620692
2000 26.199896551724137
3200 26.544724137931034
0302 26.88955172413793
0103 27.234379310344828
0010 27.406793103448276
0002 27.579206896551725
0203 27.92403448275862
0320 28.268862068965518
2000 28.613689655172415
3030 29.648172413793105
0020 29.993000000000002
2030 30.337827586206895
3002 30.682655172413792
2003 31.02748275862069
0200 31.372310344827586
3300 32.75162068965518
0333 35.85506896551725
0001 36.37231034482759
0100 36.54472413793104
0010 36.717137931034486
1000 36.88955172413794
0100 37.06196551724138
0020 37.234379310344835
0032 37.57920689655173
2000 37.92403448275863
3003 38.268862068965525
2000 38.613689655172415
0200 39.13093103448276
0002 39.648172413793105
3303 41.37231034482759
1000 41.88955172413793
0001 42.06196551724138
0010 42.23437931034483
0100 42.40679310344828
1000 42.579206896551725
0020 42.75162068965518
2030 43.09644827586207
0002 43.44127586206897
3003 43.78610344827587
1000 44.130931034482764
0001 44.47575862068966
1000 44.648172413793105
0001 44.82058620689656
1000 45.165413793103454
0010 45.51024137931035
0100 45.85506896551725
0001 46.199896551724144
0010 46.54472413793104
0100 46.88955172413794
0010 47.234379310344835
0001 47.57920689655173
1000 47.92403448275863
0010 48.268862068965525
1000 48.61368965517242
0100 48.95851724137932
1000 49.303344827586216
0001 49.64817241379311
0010 49.82058620689656
0100 49.99300000000001
1000 50.165413793103454
0100 50.337827586206906
0010 50.51024137931035
0001 50.6826551724138
1000 50.85506896551725
0001 51.02748275862069
0100 51.19989655172414
0010 51.37231034482759
1000 51.544724137931034
0010 51.717137931034486
0100 51.88955172413793
0001 52.06196551724138
1000 52.23437931034483
0001 52.40679310344828
1000 52.493
0001 52.579206896551725
1000 52.665413793103454
0001 52.75162068965518
1000 52.8378275862069
0001 52.92403448275862
1000 53.01024137931035
0001 53.09644827586207
0010 53.182655172413796
0001 53.26886206896552
0010 53.35506896551725
0001 53.44127586206897
0010 53.52748275862069
0001 53.613689655172415
0010 53.699896551724144
0001 53.78610344827587
0010 53.87231034482759
0100 53.95851724137931
1000 54.04472413793104
0001 54.130931034482764
1000 54.217137931034486
0010 54.30334482758621
1000 54.38955172413794
0001 54.47575862068966
0010 54.648172413793105
0010 54.90679310344828
0110 55.165413793103454
0100 55.3378275862069
1000 55.51024137931035
0001 55.682655172413796
0100 55.85506896551725
0001 56.02748275862069
1000 56.199896551724144
0100 56.37231034482759
0010 56.45851724137932
0001 56.54472413793104
0100 56.717137931034486
0001 56.88955172413794
0010 57.06196551724138
0100 57.234379310344835
1000 57.40679310344828
0001 57.57920689655173
0100 57.75162068965518
0010 57.837827586206906
1000 57.92403448275863
0100 58.09644827586207
0001 58.268862068965525
0100 58.44127586206897
1000 58.61368965517242
0010 58.78610344827587
0002 58.95851724137932
0023 59.303344827586216
0100 59.64817241379311
1030 60.165413793103454
1001 60.337827586206906
1000 60.59644827586208
0002 60.682655172413796
0103 60.85506896551724
0020 61.02748275862069
0130 61.19989655172414
0002 61.37231034482759
1003 61.544724137931034
0200 61.717137931034486
0310 61.88955172413793
0001 61.97575862068966
1000 62.06196551724138
0010 62.23437931034483
0100 62.40679310344828
0010 62.579206896551725
1000 62.75162068965518
0001 62.92403448275862
0001 63.09644827586207
1000 63.26886206896552
0010 63.35506896551725
0200 63.44127586206897
0301 63.613689655172415
0020 63.78610344827587
0031 63.95851724137931
2000 64.13093103448276
3010 64.3033448275862
0200 64.47575862068965
0301 64.6481724137931
1000 64.73437931034482
0001 64.82058620689655
0010 64.993
0100 65.16541379310344
1000 65.3378275862069
0001 65.51024137931034
0100 65.68265517241379
0100 65.85506896551723
0010 66.02748275862069
1000 66.11368965517241
0001 66.19989655172414
0100 66.37231034482758
0010 66.54472413793103
1000 66.71713793103449
0010 66.88955172413793
0100 67.06196551724138
0001 67.23437931034482
1000 67.40679310344828
0001 67.493
0010 67.57920689655172
0001 67.75162068965517
1000 67.92403448275861
0100 68.09644827586207
0010 68.26886206896552
0001 68.44127586206896
1000 68.61368965517241
0001 68.78610344827587
0001 69.13093103448276
0100 69.3033448275862
1000 69.47575862068966
0100 69.6481724137931
0001 69.82058620689655
0020 69.993
0230 70.3378275862069
1000 70.68265517241379
0310 71.19989655172414
0011 71.37231034482758
0010 71.63093103448276
0002 71.71713793103449
1003 71.88955172413793
0200 72.06196551724138
1300 72.23437931034483
0020 72.40679310344828
0130 72.57920689655172
0002 72.75162068965517
1003 72.92403448275863
0100 73.01024137931034
1000 73.09644827586207
0001 73.26886206896552
0100 73.44127586206896
0001 73.61368965517242
1000 73.78610344827587
0100 73.95851724137931
0100 74.13093103448276
0010 74.30334482758622
0001 74.38955172413793
2000 74.47575862068966
3010 74.6481724137931
0200 74.82058620689655
0301 74.99300000000001
0020 75.16541379310345
0130 75.3378275862069
2000 75.51024137931034
3001 75.6826551724138
0010 75.76886206896552
0100 75.85506896551725
0010 76.02748275862069
0001 76.19989655172414
1000 76.3723103448276
0001 76.71713793103449
0001 76.97575862068966
1001 77.23437931034482
1000 77.57920689655171
0100 77.75162068965517
0001 77.92403448275861
0100 78.09644827586206
0010 78.2688620689655
0001 78.44127586206896
1000 78.52748275862068
0001 78.61368965517241
0100 78.78610344827585
0020 78.9585172413793
1030 79.3033448275862
0001 79.47575862068965
0010 79.64817241379309
0100 79.82058620689655
1000 79.90679310344827
0001 79.993
0100 80.16541379310344
1000 80.33782758620688
0100 80.51024137931034
0001 80.68265517241379
0010 80.85506896551723
0100 81.02748275862068
1000 81.19989655172414
0001 81.28610344827585
1000 81.37231034482758
0100 81.54472413793103
2000 81.71713793103447
3010 82.06196551724138
0100 82.23437931034482
0001 82.40679310344827
0100 82.57920689655172
0010 82.66541379310344
2000 82.75162068965517
3001 83.09644827586206
0010 83.26886206896552
2000 83.44127586206896
3010 83.78610344827585
0001 83.95851724137931
1000 84.04472413793103
0001 84.13093103448276
0100 84.3033448275862
0020 84.47575862068965
1030 84.82058620689655
0001 85.16541379310344
0010 85.3378275862069
0001 85.42403448275861
1000 85.51024137931034
0010 85.68265517241379
1000 85.85506896551723
0002 86.02748275862069
1003 86.37231034482758
0100 86.54472413793103
0010 86.71713793103449
0001 86.8033448275862
1000 86.88955172413793
0010 87.06196551724138
0200 87.23437931034482
0301 87.57920689655172
1000 87.92403448275861
0100 88.09644827586207
1000 88.18265517241379
0001 88.26886206896552
0100 88.44127586206896
0010 88.61368965517241
0200 88.78610344827587
0301 89.13093103448276
0010 89.3033448275862
0100 89.47575862068966
0010 89.56196551724138
0001 89.6481724137931
1000 89.82058620689655
0020 89.993
0130 90.3378275862069
0001 90.68265517241379
1000 90.85506896551725
0100 90.94127586206896
1000 91.02748275862069
0100 91.19989655172414
0010 91.37231034482758
0002 91.54472413793104
0103 91.88955172413793
0010 92.06196551724138
1000 92.23437931034483
0001 92.32058620689655
1000 92.40679310344828
0010 92.57920689655172
0200 92.75162068965517
0302 93.09644827586207
0013 93.44127586206896
0100 93.61368965517242
1000 93.69989655172414
0001 93.78610344827587
1000 93.95851724137931
0010 94.13093103448276
2000 94.30334482758622
3001 94.6481724137931
0010 94.82058620689655
0001 94.99300000000001
0100 95.07920689655172
0010 95.16541379310345
1000 95.3378275862069
0002 95.51024137931034
0023 95.85506896551725
0130 96.19989655172414
0010 96.3723103448276
0001 96.45851724137931
0100 96.54472413793104
0010 96.71713793103449
1000 96.88955172413793
0002 97.06196551724139
1003 97.40679310344828
0100 97.57920689655172
0010 97.75162068965518
0001 97.8378275862069
1000 97.92403448275863
0010 98.09644827586207
0200 98.26886206896552
0301 98.61368965517242
1000 98.78610344827587
1000 99.04472413793104
1100 99.30334482758622
0200 99.6481724137931
0310 99.99300000000001
0100 100.16541379310345
1000 100.3378275862069
0001 100.51024137931036
0100 100.59644827586207
0010 100.68265517241379
1000 101.02748275862068
0001 101.19989655172414
0010 101.37231034482758
0001 101.54472413793103
0100 101.71713793103447
0010 101.88955172413793
1000 101.97575862068965
0001 102.06196551724138
1000 102.40679310344827
0100 102.75162068965517
1000 102.92403448275861
0010 103.09644827586206
0100 103.26886206896552
0001 103.35506896551723
1000 103.44127586206896
0100 103.78610344827585
0010 103.95851724137931
0001 104.13093103448276
0010 104.47575862068965
0100 104.6481724137931
1000 104.73437931034482
0010 104.82058620689655
0100 104.993
0001 105.16541379310344
1000 105.3378275862069
0001 105.51024137931034
0100 105.68265517241379
0010 105.85506896551723
1000 106.02748275862069
0001 106.11368965517241
0010 106.19989655172414
0100 106.54472413793103
0010 106.88955172413793
0001 107.06196551724138
0100 107.23437931034482
0010 107.40679310344828
1000 107.493
0001 107.57920689655172
1000 107.92403448275861
1100 108.26886206896552
0001 108.61368965517241
0100 108.87231034482758
0001 108.95851724137931
1001 109.3033448275862
1000 109.6481724137931
0100 109.82058620689655
0010 109.993
0001 110.25162068965517
1000 110.3378275862069
0010 110.68265517241379
1000 110.85506896551725
0100 111.02748275862069
0010 111.37231034482758
0001 111.54472413793104
0100 111.63093103448276
0010 111.71713793103449
0100 112.06196551724138
0001 112.23437931034483
2000 112.40679310344828
3001 112.75162068965517
1000 113.01024137931034
0001 113.09644827586207
0200 113.26886206896552
0320 113.61368965517242
0130 113.95851724137931
0001 114.13093103448276
0010 114.30334482758622
0100 114.38955172413793
1000 114.47575862068966
0002 114.82058620689655
2003 115.16541379310345
3010 115.51024137931034
1000 115.6826551724138
0001 115.76886206896552
0010 115.85506896551725
0200 116.02748275862069
2300 116.3723103448276
3001 116.71713793103449
0200 116.88955172413793
0310 117.1481724137931
2000 117.23437931034483
3010 117.57920689655172
0200 117.75162068965518
0301 118.09644827586207
1000 118.26886206896552
0001 118.44127586206898
0010 118.52748275862069
0100 118.61368965517242
0020 118.78610344827587
0032 119.13093103448277
1003 119.47575862068966
0010 119.6481724137931
0100 119.90679310344828
0002 119.99300000000001
1003 120.3378275862069
0100 120.51024137931036
0010 120.85506896551725
0010 121.11368965517242
0011 121.37231034482758
0001 121.71713793103447
0010 121.88955172413793
1000 122.06196551724138
0010 122.23437931034482
0100 122.40679310344827
1000 122.57920689655172
0001 122.66541379310344
0100 122.75162068965517
0010 122.92403448275861
2000 123.09644827586206
3001 123.44127586206896
0010 123.61368965517241
0001 123.78610344827585
1000 123.95851724137931
0001 124.04472413793103
1000 124.13093103448276
0100 124.3033448275862
0001 124.47575862068965
0100 124.6481724137931
0010 124.82058620689655
0001 124.993
0100 125.16541379310344
0010 125.3378275862069
1000 125.42403448275861
0001 125.51024137931034
0010 125.68265517241379
0200 125.85506896551723
0310 126.19989655172414
0001 126.37231034482758
1000 126.54472413793103
0010 126.71713793103449
1000 126.8033448275862
0002 126.88955172413793
1003 127.23437931034482
0010 127.40679310344828
0002 127.57920689655172
0013 127.92403448275861
1000 128.09644827586206
0001 128.1826551724138
1000 128.26886206896552
0100 128.44127586206898
0020 128.6136896551724
0130 128.9585172413793
1000 129.30334482758622
0010 129.47575862068965
0100 129.5619655172414
0001 129.6481724137931
0010 129.82058620689656
0001 129.993
0200 130.16541379310345
0310 130.51024137931034
1000 130.6826551724138
0100 130.85506896551723
0010 130.94127586206898
0001 131.0274827586207
1000 131.19989655172415
0002 131.37231034482758
0103 131.71713793103447
0001 132.0619655172414
1000 132.23437931034482
0100 132.32058620689656
0010 132.40679310344828
0001 132.57920689655174
1000 132.75162068965517
0020 132.92403448275863
0230 133.26886206896552
0301 133.6136896551724
1000 133.69989655172415
0100 133.78610344827587
0010 133.95851724137933
0002 134.13093103448276
1003 134.47575862068965
0010 134.82058620689656
1000 134.993
0001 135.07920689655174
0010 135.16541379310345
0001 135.3378275862069
0100 135.51024137931034
0020 135.6826551724138
1030 136.0274827586207
0100 136.19989655172415
0010 136.37231034482758
0001 136.45851724137933
0100 136.54472413793104
0010 136.7171379310345
0200 136.88955172413793
0301 137.23437931034482
1000 137.57920689655174
0001 137.75162068965517
0010 137.8378275862069
0100 137.92403448275863
1000 138.0964482758621
0100 138.26886206896552
0002 138.44127586206898
0103 138.78610344827587
1000 138.95851724137933
0010 139.13093103448276
0100 139.2171379310345
0001 139.30334482758622
0100 139.47575862068967
0020 139.6481724137931
2030 139.993
3001 140.3378275862069
0010 140.51024137931034
0001 140.5964482758621
1000 140.6826551724138
0001 140.85506896551726
0010 141.0274827586207
2000 141.19989655172415
3010 141.54472413793104
0100 141.7171379310345
1000 141.88955172413793
0001 141.97575862068967
0100 142.0619655172414
0010 142.23437931034485
2000 142.40679310344828
3001 142.75162068965517
0101 142.92403448275863
1100 143.1826551724138
