TITLE Southern Waters Assault
BPM   140.217
NOTES
0002 7.264530734504375
1003 7.692438905410898
0020 7.90639299086416
0130 8.334301161770684
0002 8.548255247223945
0013 8.976163418130469
0200 9.19011750358373
1300 9.618025674490253
0002 9.831979759943515
0203 10.259887930850038
0310 10.687796101756561
2000 10.901750187209823
3002 11.329658358116346
0013 11.75756652902287
0200 11.97152061447613
1300 12.399428785382655
0002 12.613382870835917
0103 13.04129104174244
0010 13.255245127195701
1000 13.362222169922333
0001 13.469199212648963
0010 13.576176255375595
0200 13.683153298102226
1300 14.11106146900875
0001 14.218038511735381
1000 14.325015554462011
0010 14.431992597188643
0100 14.538969639915273
0001 14.645946682641904
1000 14.752923725368534
0100 14.966877810821796
0010 15.073854853548427
0001 15.287808939001689
1000 15.50176302445495
0001 15.608740067181582
0100 15.822694152634844
0010 15.929671195361475
1000 16.036648238088105
0001 16.25060232354137
0010 16.357579366268
0100 16.46455640899463
0010 16.57153345172126
0001 16.78548753717452
1000 16.89246457990115
0010 16.999441622627785
1000 17.213395708081045
0001 17.320372750807675
0010 17.534326836260938
0100 17.641303878987568
0010 17.7482809217142
0001 17.85525796444083
1000 18.06921204989409
0010 18.283166135347354
0100 18.497120220800614
0001 18.604097263527247
1000 18.818051348980507
0100 18.92502839170714
0010 19.1389824771604
0100 19.24595951988703
1000 19.35293656261366
0001 19.459913605340294
0100 19.566890648066924
0010 19.887821776246817
1000 20.101775861700077
0100 20.208752904426706
0010 20.31572994715334
0001 20.5296840326066
1000 20.636661075333233
0001 20.850615160786493
0100 20.957592203513123
0010 21.064569246239753
1000 21.171546288966386
0010 21.278523331693016
0100 21.385500374419646
0001 21.492477417146276
1000 21.59945445987291
0100 21.81340854532617
0010 21.9203855880528
0001 22.134339673506062
1000 22.348293758959326
0001 22.455270801685955
1000 22.66922488713922
0010 22.77620192986585
0100 22.883178972592482
0010 23.097133058045742
1000 23.204110100772372
0001 23.311087143499005
1000 23.418064186225635
0100 23.632018271678895
0010 23.73899531440553
0001 23.84597235713216
1000 24.05992644258542
0001 24.16690348531205
1000 24.38085757076531
0010 24.48783461349194
0100 24.594811656218575
0001 24.701788698945204
1000 24.915742784398464
0100 25.129696869851728
0010 25.343650955304987
0001 25.45062799803162
1000 25.66458208348488
0010 25.771559126211514
0100 25.985513211664774
0001 26.092490254391407
1000 26.199467297118037
0001 26.30644433984467
0100 26.4134213825713
0001 26.734352510751194
0010 26.948306596204453
0100 27.055283638931083
1000 27.162260681657717
0001 27.376214767110977
0100 27.48319180983761
0010 27.69714589529087
1000 27.8041229380175
0001 27.91109998074413
1000 28.018077023470763
0100 28.125054066197393
0010 28.232031108924023
0001 28.339008151650653
1000 28.445985194377286
0010 28.659939279830546
0100 28.766916322557176
0001 28.98087040801044
1000 29.194824493463702
0001 29.301801536190332
0010 29.515755621643592
0100 29.622732664370222
1000 29.729709707096855
0001 29.943663792550115
0100 30.050640835276745
0010 30.15761787800338
0100 30.26459492073001
0001 30.47854900618327
1000 30.5855260489099
0100 30.69250309163653
1000 30.906457177089795
0001 31.013434219816425
0100 31.227388305269688
0010 31.334365347996318
0100 31.44134239072295
0001 31.54831943344958
1000 31.76227351890284
0100 31.976227604356104
0010 32.190181689809364
0001 32.297158732536
1000 32.51111281798926
0010 32.61808986071589
0100 32.83204394616915
0010 32.939020988895784
1000 33.04599803162242
0001 33.152975074349044
0010 33.25995211707568
0100 33.58088324525557
1000 33.79483733070883
0010 33.901814373435464
0100 34.00879141616209
0001 34.22274550161536
1000 34.32972254434198
0001 34.54367662979525
0010 34.65065367252188
0100 34.75763071524851
1000 34.864607757975136
0100 34.97158480070177
0010 35.0785618434284
0001 35.18553888615503
1000 35.29251592888166
0010 35.50647001433492
0100 35.613447057061556
0001 35.827401142514816
1000 36.041355227968076
0001 36.14833227069471
1000 36.36228635614797
0100 36.4692633988746
0010 36.57624044160123
0100 36.790194527054496
1000 36.89717156978112
0001 37.004148612507755
1000 37.11112565523438
0010 37.32507974068765
0100 37.432056783414275
0001 37.53903382614091
1000 37.75298791159417
0001 37.8599649543208
1000 38.07391903977406
0100 38.180896082500695
0010 38.28787312522732
0001 38.394850167953955
1000 38.608804253407214
0010 38.822758338860474
0100 39.03671242431374
0001 39.14368946704037
1000 39.357643552493634
0100 39.46462059522026
0010 39.67857468067353
0001 39.785551723400154
1000 39.89252876612679
0001 39.999505808853414
0010 40.10648285158005
0001 40.32043693703331
0010 40.42741397975994
0100 40.53439102248657
0010 40.6413680652132
0001 40.748345107939834
1000 40.85532215066646
0001 40.96229919339309
0100 41.06927623611973
0010 41.17625327884635
1000 41.28323032157299
0010 41.39020736429962
1000 41.497184407026246
0001 41.639820463995086
0100 41.782456520963926
0001 41.92509257793277
1000 42.06772863490161
0001 42.21036469187045
0010 42.35300074883929
0100 42.49563680580813
1000 42.63827286277697
0100 42.78090891974582
1000 42.92354497671466
0001 43.0661810336835
1000 43.208817090652346
0010 43.351453147621186
0100 43.422771176105606
0001 43.494089204590026
1000 43.565407233074446
0001 43.63672526155887
1000 43.77936131852771
0100 43.92199737549655
0010 44.06463343246539
0001 44.20726948943423
0010 44.34990554640307
0001 44.49254160337192
1000 44.63517766034076
0010 44.7778137173096
0100 44.92044977427844
0001 45.06308583124728
1000 45.20572188821612
0001 45.348357945184965
0010 45.490994002153805
0100 45.633630059122645
1000 45.776266116091485
0100 45.918902173060324
0010 46.061538230029164
0001 46.20417428699801
1000 46.34681034396685
0001 46.48944640093569
0100 46.63208245790453
0001 46.77471851487337
1000 46.84603654335779
0100 46.91735457184221
0010 46.98867260032663
0001 47.05999062881106
1000 47.2026266857799
0010 47.34526274274874
0100 47.48789879971758
0001 47.77317091365526
1000 47.844488942139684
0001 47.915806970624104
1000 47.987124999108524
0001 48.05844302759294
1000 48.12976105607736
0001 48.20107908456178
1000 48.2723971130462
0001 48.34371514153062
0010 48.48635119849946
0100 48.6289872554683
0010 48.77162331243715
0001 48.91425936940599
1000 49.05689542637483
0010 49.19953148334367
0100 49.34216754031251
0010 49.48480359728135
1000 49.627439654250196
0001 49.770075711219036
0100 49.912711768187876
0001 50.055347825156716
1000 50.197983882125556
0001 50.269301910609975
1000 50.340619939094395
0010 50.411937967578815
0100 50.48325599606324
0001 50.62589205303208
1000 50.76852811000092
0100 50.91116416696976
1000 51.0538002239386
0100 51.19643628090744
0010 51.33907233787629
0001 51.48170839484513
1000 51.62434445181397
0001 51.766980508782815
0100 51.909616565751655
0010 52.052252622720495
1000 52.19488867968934
0010 52.33752473665818
0100 52.48016079362702
0001 52.62279685059586
1000 52.7654329075647
0100 52.90806896453354
0010 53.05070502150239
0100 53.19334107847123
1000 53.33597713544007
0001 53.47861319240891
0100 53.62124924937775
0010 53.69256727786217
1000 53.76388530634659
0001 53.83520333483101
1000 53.906521363315434
0100 54.049157420284274
0010 54.191793477253114
0100 54.334429534221954
1000 54.76233770512848
0001 54.8336557336129
1000 54.90497376209732
0001 54.97629179058174
1000 55.04760981906616
0001 55.11892784755058
1000 55.190245876035
0010 55.33288193300384
0100 55.47551798997268
0010 55.61815404694153
1000 55.76079010391037
0001 55.90342616087921
1000 56.046062217848046
0100 56.188698274816886
0010 56.260016303301306
0001 56.331334331785726
1000 56.47397038875457
0010 56.61660644572341
0130 56.75924250269225
0002 56.90187855966109
1003 57.32978673056762
0100 57.47242278753646
0100 57.6150588445053
0001 57.75769490147414
1000 57.90033095844298
0010 57.9716489869274
1000 58.04296701541182
0001 58.185603072380665
0100 58.328239129349505
0100 58.470875186318345
1000 58.613511243287185
0001 58.756147300256025
1000 58.898783357224865
0010 59.04141941419371
0100 59.18405547116255
0001 59.32669152813139
1000 59.46932758510023
0001 59.61196364206907
0100 59.68328167055349
0010 59.75459969903791
0100 59.89723575600676
0001 60.0398718129756
1000 60.18250786994444
0200 60.325143926913285
1300 60.75305209781981
0010 60.89568815478865
0010 61.03832421175749
0001 61.18096026872633
1000 61.32359632569517
0010 61.46623238266401
1000 61.60886843963286
0001 61.68018646811728
1000 61.7515044966017
0001 61.89414055357054
0010 62.03677661053938
0100 62.17941266750822
1000 62.32204872447706
0001 62.464684781445904
0100 62.60732083841474
0010 62.74995689538358
1000 62.89259295235242
0001 63.03522900932126
0100 63.10654703780568
0001 63.1778650662901
1000 63.32050112325895
0100 63.46313718022779
0010 63.60577323719663
0002 63.74840929416547
1003 64.176317465072
0010 64.31895352204084
0010 64.46158957900968
0001 64.60422563597852
1000 64.74686169294736
0100 64.81817972143179
1000 64.8894977499162
0001 65.03213380688504
0010 65.17476986385388
0010 65.31740592082272
1000 65.46004197779158
0001 65.60267803476042
0100 65.74531409172926
0001 65.8879501486981
1000 66.03058620566694
0100 66.17322226263578
0010 66.31585831960463
0001 66.45849437657347
1000 66.52981240505788
0010 66.60113043354231
0100 66.74376649051115
0001 66.88640254747999
1000 67.02903860444883
0002 67.17167466141767
1003 67.59958283232419
0100 67.74221888929303
0100 67.88485494626187
0002 68.02749100323072
1003 68.45539917413724
0010 68.52671720262165
0100 68.59803523110608
0010 68.74067128807492
1000 68.88330734504376
0001 68.99028438777039
1000 69.09726143049703
0010 69.20423847322365
0100 69.31121551595028
0001 69.41819255867692
1000 69.52516960140355
0100 69.73912368685681
0010 69.84610072958344
0001 70.0600548150367
1000 70.27400890048996
0001 70.38098594321659
0100 70.59494002866985
0010 70.70191707139648
1000 70.80889411412312
0001 71.02284819957637
0010 71.12982524230301
0100 71.23680228502964
0010 71.34377932775627
0001 71.55773341320953
1000 71.66471045593616
0010 71.7716874986628
1000 71.98564158411605
0001 72.09261862684268
0010 72.30657271229595
0100 72.41354975502257
0010 72.52052679774921
0001 72.62750384047584
1000 72.8414579259291
0010 73.05541201138236
0100 73.26936609683563
0001 73.37634313956225
1000 73.59029722501552
0100 73.69727426774215
0010 73.91122835319541
0100 74.01820539592204
1000 74.12518243864866
0001 74.2321594813753
0100 74.33913652410193
0010 74.66006765228182
2000 74.87402173773509
3000 74.9275102590984
0200 74.98099878046172
0300 75.03448730182504
0020 75.08797582318834
0030 75.14146434455166
0002 75.19495286591498
0003 75.24844138727829
2000 75.30192990864161
3000 75.35541843000492
0200 75.40890695136824
0300 75.46239547273156
2000 75.51588399409486
3000 75.56937251545818
0002 75.6228610368215
0003 75.67634955818481
0100 75.72983807954813
0010 75.83681512227476
1000 75.9437921650014
0010 76.05076920772802
0100 76.15774625045465
0001 76.26472329318129
1000 76.37170033590792
0100 76.58565442136118
0010 76.69263146408781
0001 76.90658554954106
1000 77.12053963499433
0001 77.22751667772096
1000 77.44147076317422
0010 77.54844780590085
0100 77.65542484862749
0010 77.86937893408074
1000 77.97635597680738
0001 78.08333301953401
1000 78.19031006226064
0100 78.4042641477139
0010 78.51124119044053
0001 78.61821823316717
1000 78.83217231862042
0001 78.93914936134705
1000 79.15310344680032
0010 79.26008048952694
0100 79.36705753225358
0001 79.47403457498021
1000 79.68798866043348
0100 79.90194274588673
0010 80.11589683134
0001 80.22287387406662
1000 80.43682795951989
0010 80.54380500224651
0100 80.75775908769978
0001 80.86473613042641
1000 80.97171317315303
0001 81.07869021587967
0100 81.1856672586063
0001 81.5065983867862
0010 81.72055247223946
0100 81.82752951496609
1000 81.93450655769271
0001 82.14846064314598
0100 82.25543768587261
0010 82.46939177132587
1000 82.5763688140525
0001 82.68334585677913
1000 82.79032289950577
0100 82.8972999422324
0010 83.00427698495902
0001 83.11125402768566
1000 83.21823107041229
0010 83.43218515586555
0100 83.53916219859218
0001 83.75311628404543
1000 83.9670703694987
0001 84.07404741222533
0010 84.28800149767861
0100 84.39497854040523
1000 84.50195558313187
0001 84.71590966858513
0100 84.82288671131177
0010 84.9298637540384
0100 85.03684079676502
0001 85.25079488221829
1000 85.35777192494491
0100 85.46474896767154
1000 85.6787030531248
0001 85.78568009585143
0100 85.9996341813047
0010 86.10661122403133
0100 86.21358826675797
0001 86.32056530948459
1000 86.53451939493786
0100 86.74847348039111
0010 86.96242756584438
0001 87.069404608571
1000 87.28335869402427
0010 87.3903357367509
0100 87.60428982220417
0010 87.71126686493079
1000 87.81824390765742
0001 87.92522095038406
0010 88.03219799311069
0100 88.35312912129058
2000 88.56708320674385
3000 88.67406024947047
0200 88.7810372921971
0300 88.88801433492372
0020 88.99499137765036
0030 89.10196842037699
0002 89.20894546310362
0003 89.31592250583026
0010 89.42289954855688
0100 89.52987659128351
1000 89.63685363401015
0100 89.74383067673678
0010 89.8508077194634
0001 89.95778476219004
1000 90.06476180491667
0010 90.27871589036994
0100 90.38569293309656
0001 90.59964701854983
1000 90.81360110400308
0001 90.92057814672971
1000 91.13453223218298
0100 91.2415092749096
0010 91.34848631763624
0100 91.5624404030895
1000 91.66941744581614
0001 91.77639448854276
1000 91.88337153126939
0010 92.09732561672266
0100 92.20430265944928
0001 92.31127970217591
1000 92.52523378762918
0001 92.6322108303558
1000 92.84616491580907
0100 92.9531419585357
0010 93.06011900126234
0001 93.16709604398896
1000 93.38105012944223
0010 93.59500421489548
0100 93.80895830034875
0001 93.91593534307538
1000 94.12988942852864
0100 94.23686647125527
0010 94.45082055670854
0001 94.55779759943516
1000 94.66477464216179
0001 94.77175168488843
0010 94.87872872761506
0001 95.09268281306832
0010 95.19965985579495
0100 95.30663689852157
0010 95.41361394124822
0001 95.52059098397484
1000 95.62756802670147
0001 95.7345450694281
0100 95.84152211215473
0010 95.94849915488136
1000 96.05547619760799
0010 96.16245324033463
1000 96.26943028306125
0001 96.48338436851452
0010 96.69733845396777
0100 96.80431549669441
1000 97.01826958214767
0001 97.23222366760093
0100 97.33920071032756
0010 97.4461777530542
1000 97.55315479578083
0010 97.66013183850745
0100 97.76710888123408
0001 97.87408592396072
1000 97.98106296668735
0100 98.08804000941397
0010 98.30199409486724
0100 98.5159481803205
1000 98.62292522304713
0001 98.72990226577376
0100 98.94385635122703
0010 99.05083339395365
1000 99.15781043668028
0010 99.26478747940692
0100 99.47874156486017
0001 99.69269565031344
1000 99.79967269304007
0100 99.9066497357667
0010 100.01362677849333
0100 100.2275808639466
1000 100.33455790667323
0001 100.54851199212649
0100 100.76246607757975
0010 100.97642016303301
1000 101.08339720575964
0010 101.19037424848626
0100 101.40432833393955
0001 101.51130537666617
1000 101.61828241939281
0100 101.72525946211944
0010 101.9392135475727
0100 102.15316763302596
1000 102.36712171847923
0001 102.47409876120585
1000 102.58107580393249
0010 102.68805284665912
0200 102.79502988938575
0301 103.11596101756564
0010 103.22293806029226
0001 103.43689214574553
1000 103.54386918847216
0010 103.6508462311988
1000 103.75782327392542
0010 103.86480031665205
0200 103.97177735937869
0301 104.39968553028521
1000 104.50666257301184
0010 104.61363961573846
1000 104.7206166584651
0001 104.82759370119173
0010 105.041547786645
0100 105.14852482937162
1000 105.36247891482489
0010 105.46945595755152
0100 105.54077398603593
0001 105.61209201452036
0100 105.68341004300478
0010 105.79038708573141
1000 105.89736412845804
0001 106.00434117118468
0010 106.1113182139113
0100 106.21829525663793
1000 106.32527229936456
0001 106.4322493420912
1000 106.53922638481782
0010 106.64620342754445
1000 106.75318047027109
0010 106.86015751299772
1000 106.96713455572434
0100 107.07411159845098
0010 107.28806568390424
0001 107.5020197693575
1000 107.71597385481076
0010 107.92992794026402
0100 108.03690498299065
0001 108.25085906844392
1003 108.46481315389718
0100 108.67876723935044
0010 108.78574428207708
0100 108.8927213248037
1000 108.99969836753033
0001 109.10667541025697
0100 109.2136524529836
0010 109.32062949571022
1000 109.42760653843686
0020 109.53458358116349
1030 109.96249175207001
0100 110.06946879479663
0010 110.17644583752327
0001 110.2834228802499
0100 110.39039992297653
0010 110.49737696570317
1000 110.6043540084298
0100 110.71133105115642
1000 110.81830809388306
0001 110.92528513660969
0100 111.03226217933631
0010 111.13923922206294
1000 111.24621626478958
0002 111.35319330751621
0013 111.6741244356961
0100 111.78110147842273
0010 111.88807852114937
0001 111.995055563876
1000 112.20900964932926
0100 112.31598669205589
0010 112.42296373478251
0100 112.63691782023578
1000 112.85087190568905
0100 112.95784894841567
0010 113.0648259911423
0100 113.17180303386893
1000 113.27878007659557
0001 113.3857571193222
0100 113.49273416204882
0001 113.59971120477546
0100 113.70668824750209
0001 113.81366529022871
0010 113.92064233295535
0100 114.02761937568198
2000 114.1345964184086
3001 114.56250458931513
0100 114.66948163204177
0010 114.88343571749502
1000 114.99041276022166
0001 115.09738980294829
0010 115.31134388840155
0100 115.5252979738548
1000 115.63227501658145
0001 115.8462291020347
0100 116.06018318748797
0010 116.16716023021459
1000 116.27413727294123
0001 116.48809135839448
0010 116.59506840112111
0200 116.80902248657438
0320 117.2369306574809
0031 117.66483882838743
0200 117.87879291384068
0320 118.3067010847472
1030 119.05554038383363
0100 119.16251742656026
0020 119.26949446928688
0031 119.48344855474015
1000 119.59042559746678
0001 119.69740264019342
0100 119.80437968292004
0010 119.91135672564667
1000 120.0183337683733
0001 120.12531081109994
0020 120.23228785382658
0130 121.94392053745267
1000 122.0508975801793
0001 122.15787462290594
1000 122.26485166563256
0010 122.47880575108583
0100 122.58578279381246
0001 122.69275983653908
1000 122.79973687926572
0001 122.90671392199235
1000 123.01369096471898
0100 123.1206680074456
0010 123.22764505017224
0001 123.33462209289887
0010 123.4415991356255
0100 123.54857617835214
2000 123.65555322107876
0100 123.86950730653203
0001 124.08346139198528
0010 124.29741547743855
3002 124.51136956289182
2003 125.36718590470485
0010 125.58113999015812
0001 125.79509407561137
0100 126.00904816106464
3002 126.22300224651791
0013 126.65091041742443
0100 126.86486450287768
2000 127.07881858833095
0001 127.29277267378421
0010 127.50672675923747
0100 127.72068084469073
3002 128.79045127195704
0010 129.0044053574103
0100 129.21835944286357
1000 129.43231352831683
2003 130.50208395558315
0010 130.7160380410364
0001 130.92999212648968
0100 131.14394621194293
3002 131.35790029739618
2003 132.21371663920922
0100 132.42767072466248
0001 132.64162481011576
0010 132.855578895569
3002 133.06953298102226
2003 133.92534932283533
0100 134.13930340828858
0010 134.35325749374186
0001 134.56721157919512
0001 135.6369820064614
0010 135.85093609191466
0100 136.06489017736794
0001 136.2788442628212
3000 136.70675243372773
