TITLE Squeaksystem
BPM   102.653
NOTES
0001 9.40089424566257
0100 9.693140940839525
0010 9.985387636016481
0100 10.131510983604958
0001 10.277634331193436
0010 10.423757678781914
1000 10.716004373958869
0010 11.008251069135824
0100 11.154374416724302
1000 11.30049776431278
0001 11.446621111901258
1000 11.592744459489735
0010 11.738867807078213
0100 12.031114502255168
0001 12.323361197432124
0100 12.4694845450206
0010 12.615607892609079
0100 12.761731240197557
1000 12.907854587786034
0100 13.20010128296299
0010 13.346224630551468
1000 13.492347978139945
0010 13.638471325728423
0100 13.7845946733169
0001 13.930718020905378
0100 14.076841368493856
0001 14.36908806367081
1000 14.661334758847767
0010 14.807458106436243
1000 14.953581454024722
0010 15.0997048016132
0001 15.391951496790155
0010 15.68419819196711
1000 15.830321539555587
0001 15.976444887144066
0100 16.122568234732544
0010 16.268691582321022
1000 16.414814929909497
0100 16.707061625086453
0010 16.999308320263406
0001 17.145431667851884
1000 17.291555015440363
0100 17.43767836302884
0001 17.58380171061732
0100 17.876048405794272
0010 18.02217175338275
0001 18.16829510097123
0001 18.314418448559707
1000 18.460541796148185
1000 18.606665143736663
1001 18.75278849132514
0001 18.908653395419517
0010 19.064518299513892
0100 19.22038320360827
0010 19.376248107702647
0100 19.532113011797023
1000 19.6879779158914
0100 19.843842819985774
0100 19.99970772408015
0001 20.155572628174525
1000 20.311437532268904
0100 20.46730243636328
0010 20.623167340457655
0100 20.77903224455203
0010 20.934897148646407
0001 21.090762052740786
1000 21.24662695683516
0100 21.402491860929537
1000 21.558356765023916
0001 21.71422166911829
0100 21.870086573212667
0010 22.025951477307043
0100 22.18181638140142
0100 22.337681285495794
1000 22.49354618959017
0001 22.64941109368455
1000 22.805275997778924
0010 22.9611409018733
0100 23.117005805967676
0010 23.27287071006205
1000 23.428735614156427
0100 23.584600518250802
0010 23.740465422345178
0100 23.896330326439553
0010 24.052195230533933
0001 24.208060134628308
0010 24.363925038722684
0100 24.51978994281706
0100 24.675654846911435
0001 24.831519751005814
0100 24.98738465510019
0010 25.143249559194565
1000 25.29911446328894
0100 25.454979367383316
0010 25.610844271477692
0001 25.766709175572068
0100 25.922574079666443
0010 26.07843898376082
1000 26.234303887855198
0010 26.390168791949574
0100 26.54603369604395
0001 26.701898600138325
0100 26.8577635042327
0100 27.013628408327076
1000 27.16949331242145
0001 27.32535821651583
0100 27.481223120610206
0001 27.637088024704582
0100 27.792952928798957
0010 27.948817832893333
1000 28.104682736987712
0100 28.260547641082088
0010 28.416412545176463
0100 28.572277449270842
0010 28.728142353365218
0001 28.884007257459594
1000 29.03987216155397
0100 29.195737065648345
0100 29.35160196974272
0010 29.507466873837096
1000 29.663331777931475
0100 29.81919668202585
1000 29.975061586120226
0010 30.130926490214602
0100 30.286791394308977
0010 30.442656298403357
1000 30.598521202497732
0010 30.754386106592108
0100 30.910251010686487
0001 31.066115914780863
0010 31.221980818875238
0001 31.377845722969614
0010 31.53371062706399
0010 31.689575531158365
1000 31.84544043525274
0001 32.00130533934712
1000 32.15717024344149
0001 32.31303514753587
0010 32.46890005163025
0100 32.62476495572462
1000 32.780629859818994
0100 32.93649476391337
1000 33.092359668007745
0001 33.248224572102124
0010 33.404089476196496
0001 33.559954380290876
1000 33.715819284385255
0010 33.87168418847963
0010 34.027549092574006
0001 34.18341399666838
0010 34.33927890076276
0001 34.49514380485713
1000 34.65100870895151
0010 34.80687361304589
0100 34.96273851714026
0001 35.11860342123464
0010 35.27446832532902
0001 35.43033322942339
0100 35.58619813351777
0001 35.74206303761214
1000 35.89792794170652
0001 36.05379284580089
0010 36.20965774989527
0010 36.36552265398965
1000 36.52138755808402
0010 36.6772524621784
1000 36.83311736627277
0100 36.98898227036715
0010 37.14484717446153
0100 37.300712078555904
1000 37.45657698265028
0100 37.61244188674466
1000 37.768306790839034
0010 37.92417169493341
0100 38.080036599027785
0010 38.235901503122165
1000 38.391766407216544
0010 38.547631311310916
0010 38.703496215405295
0001 38.85936111949967
0100 39.015226023594046
0010 39.17109092768842
1000 39.3269558317828
0010 39.482820735877176
0100 39.63868563997155
0001 39.79455054406593
1000 39.94378289904991
0010 40.09301525403388
1000 40.24224760901786
0010 40.39147996400184
0100 40.54071231898581
0001 40.68994467396979
0100 40.83917702895377
0100 41.08789762059373
1000 41.23712997557771
0001 41.53559468554566
0010 41.63508292220165
0100 41.734571158857634
1000 41.83405939551361
0010 41.98329175049759
1000 42.13252410548157
0010 42.28838900957595
0100 42.44425391367032
0010 42.6001188177647
0100 42.755983721859074
0001 42.91184862595345
1000 43.06771353004783
0100 43.223578434142205
0100 43.379443338236584
0010 43.535308242330956
1000 43.691173146425335
0001 43.84703805051971
1000 44.002902954614086
0010 44.158767858708465
0100 44.31463276280284
0001 44.47049766689721
0010 44.61973002188119
0100 44.76896237686516
0010 44.91819473184914
0100 45.06742708683312
0010 45.21665944181709
0001 45.36589179680107
0100 45.51512415178505
0100 45.76384474342501
1000 45.91307709840899
0001 46.21154180837694
0100 46.31103004503293
0010 46.410518281688915
1000 46.510006518344895
0001 46.659238873328874
1000 46.808471228312854
0010 46.96433613240723
0100 47.120201036501605
0010 47.276065940595984
1000 47.431930844690356
0001 47.587795748784735
0100 47.74366065287911
0010 47.89952555697349
0010 48.055390461067866
0001 48.21125536516224
1000 48.36712026925662
0100 48.52298517335099
1000 48.67885007744537
0010 48.83471498153975
0100 48.99057988563412
0001 49.1464447897285
0010 49.29567714471248
0100 49.44490949969645
0010 49.59414185468043
0001 49.74337420966441
1000 49.89260656464838
0001 50.04183891963236
0100 50.19107127461634
0100 50.4397918662563
0010 50.58902422124028
0001 50.88748893120823
0100 50.98697716786422
0010 51.086465404520204
1000 51.185953641176184
0010 51.33518599616016
0100 51.484418351144136
0010 51.640283255238515
1000 51.79614815933289
0001 51.952013063427266
1000 52.10787796752164
0010 52.26374287161602
0100 52.419607775710396
0010 52.57547267980477
0010 52.73133758389915
0001 52.88720248799352
1000 53.0430673920879
0001 53.19893229618227
0010 53.35479720027665
0100 53.51066210437103
0010 53.6665270084654
0001 53.82239191255978
0100 53.97162426754376
0001 54.12085662252773
0010 54.27008897751171
0001 54.41932133249569
1000 54.568553687479664
0100 54.71778604246364
0010 54.86701839744762
0010 55.11573898908758
0100 55.26497134407156
0001 55.563436054039514
0100 55.6629242906955
0010 55.762412527351486
1000 55.861900764007466
0001 56.011133118991445
1001 56.160365473975425
1000 56.316230378069804
0010 56.472095282164176
1000 56.627960186258555
0001 56.78382509035293
0001 56.939689994447306
0010 57.095554898541685
0100 57.25141980263606
0100 57.40728470673044
0001 57.56314961082481
0010 57.71901451491919
0001 57.87487941901356
0001 58.03074432310794
1000 58.18660922720232
1000 58.34247413129669
0010 58.49833903539107
0100 58.64446238297955
0001 58.790585730568026
0010 58.936709078156504
0200 59.08283242574498
2300 59.22895577333346
3002 59.52120246851041
0023 59.813449163687366
0032 60.10569585886432
0203 60.2518192064528
2300 60.39794255404128
3100 60.690189249218236
0101 60.836312596806714
0001 60.99217750090109
1000 61.148042404995465
0001 61.303907309089844
1000 61.459772213184216
1000 61.615637117278595
0001 61.771502021372974
0010 61.92736692546735
0010 62.083231829561726
1000 62.2390967336561
0001 62.39496163775048
1000 62.55082654184485
1000 62.70669144593923
0001 62.86255635003361
0001 63.01842125412798
1000 63.17428615822235
0010 63.32040950581083
0100 63.46653285339931
0010 63.612656200987786
0200 63.758779548576264
0302 63.90490289616474
0203 64.1971495913417
0320 64.48939628651866
2030 64.78164298169561
3200 64.9277663292841
0302 65.07388967687257
0103 65.36613637204952
1100 65.512259719638
1000 65.66812462373237
0100 65.82398952782675
0010 65.97985443192113
0001 66.1357193360155
0001 66.29158424010987
1000 66.44744914420426
0010 66.60331404829863
0010 66.759178952393
0001 66.91504385648739
0100 67.07090876058176
0001 67.22677366467613
0001 67.38263856877052
1000 67.53850347286489
1000 67.69436837695926
0010 67.85023328105365
0100 67.99635662864212
0001 68.1424799762306
0100 68.28860332381907
0020 68.43472667140756
2030 68.58085001899603
3200 68.87309671417299
0320 69.16534340934994
0032 69.4575901045269
0203 69.60371345211539
2300 69.74983679970386
3100 70.04208349488081
0110 70.18820684246928
0010 70.34407174656366
1000 70.49993665065804
0001 70.65580155475241
1000 70.81166645884679
1000 70.96753136294116
0001 71.12339626703555
0100 71.27926117112992
0100 71.43512607522429
0010 71.59099097931868
0100 71.74685588341305
1000 71.90272078750742
1000 72.05858569160179
0001 72.21445059569618
0001 72.37031549979055
1000 72.52618040388494
0001 72.67230375147341
0020 73.11067379423885
0032 73.25679714182732
2003 73.54904383700428
3002 73.84129053218123
0023 74.13353722735819
0230 74.27966057494667
1300 74.42578392253515
0001 74.49884559632939
1000 74.57190727012362
0100 74.7180306177121
0010 74.86415396530057
0001 75.02001886939495
1000 75.17588377348933
0100 75.3317486775837
1000 75.48761358167808
0001 75.64347848577245
1000 75.79934338986683
0100 75.9552082939612
1100 76.11107319805558
1001 76.42280300624434
0001 76.7345328144331
0100 76.89039771852747
0010 77.04626262262184
0001 77.20212752671621
1000 77.34825087430468
0100 77.49437422189317
0010 77.64049756948164
0001 77.78662091707012
0100 77.9327442646586
0001 78.07886761224708
0100 78.22499095983555
0101 78.37111430742404
1010 78.663361002601
1000 78.95560769777795
0010 79.10173104536642
1000 79.24785439295489
0001 79.39397774054338
1000 79.54010108813186
0010 79.68622443572033
0100 79.83234778330882
0001 79.97847113089729
0010 80.12459447848578
0100 80.27071782607425
0010 80.41684117366273
0001 80.5629645212512
0011 80.70908786883969
1100 81.00133456401664
1000 81.2935812591936
0100 81.43970460678207
1000 81.58582795437054
0001 81.73195130195903
1000 81.8780746495475
0010 82.0450727610772
0100 82.21207087260687
0001 82.37906898413657
1000 82.54606709566626
0010 82.71306520719594
0100 82.88006331872563
0001 83.04706143025533
1010 83.3810576533147
1000 83.71505387637407
0001 83.88205198790376
0010 84.04905009943346
0100 84.21604821096315
0001 84.37191311505752
1000 84.52777801915191
0100 84.68364292324628
0020 84.83950782734065
0032 84.99537273143503
0203 85.15123763552941
0301 85.30710253962378
0101 85.46296744371816
0020 85.93056215600129
2030 86.08642706009567
3002 86.24229196419004
2003 86.39815686828442
3001 86.55402177237879
0100 86.70988667647316
0010 86.86575158056755
0100 87.02161648466192
0001 87.17748138875629
0100 87.33334629285066
0010 87.48921119694505
1000 87.64507610103942
1010 87.8009410051338
0001 88.26853571741692
0100 88.4244006215113
0010 88.58026552560568
1000 88.73613042970005
0010 88.89199533379443
0100 89.0478602378888
0001 89.20372514198318
0010 89.35959004607756
0002 89.51545495017193
0203 89.6713198542663
0302 89.82718475836069
1003 89.98304966245506
1010 90.13891456654943
0101 90.45064437473819
0200 90.76237418292695
0302 90.91823908702132
0032 91.07410399111569
1003 91.22996889521008
0100 91.37609224279855
0010 91.52221559038703
0001 91.6683389379755
0100 91.81446228556399
0001 92.10670898074095
1001 92.3989556759179
1010 92.69120237109486
0001 92.98344906627182
1000 93.27569576144876
0001 93.42181910903724
1001 93.56794245662572
1000 93.71406580421419
1000 93.86018915180267
0010 94.00631249939114
0100 94.15243584697963
0001 94.2985591945681
0100 94.44468254215658
0010 94.59080588974506
0100 94.88305258492201
0001 95.17529928009897
0010 95.32142262768745
0100 95.46754597527593
1000 95.6136693228644
0001 95.75979267045288
1000 95.90591601804135
0100 96.05203936562982
1000 96.19816271321831
0001 96.49040940839527
1000 96.78265610357222
0100 96.9287794511607
0001 97.22102614633765
0100 97.36714949392614
1000 97.65939618910309
0010 97.80551953669156
0100 97.95164288428003
0001 98.09776623186852
0010 98.243889579457
0100 98.39001292704548
0100 98.53613627463396
1000 98.68225962222243
0010 98.82838296981092
0100 98.97450631739939
0001 99.12062966498787
0010 99.26675301257634
0100 99.5589997077533
0010 99.85124640293026
0001 99.99736975051874
1000 100.14349309810721
0100 100.28961644569569
1000 100.43573979328417
0010 100.58186314087264
0100 100.72798648846111
0001 100.8741098360496
0010 101.16635653122655
0100 101.45860322640351
0010 101.60472657399198
1000 101.89697326916894
0010 102.04309661675742
0100 102.33534331193438
1000 102.48146665952285
0010 102.62759000711132
0100 102.77371335469981
0001 102.91983670228828
0010 103.06596004987675
0010 103.21208339746524
0001 103.3582067450537
0100 103.50433009264219
0001 103.65045344023066
1000 103.79657678781915
0100 103.94270013540762
1000 104.23494683058458
0001 104.52719352576153
0010 104.67331687335002
0100 104.81944022093849
0010 104.96556356852696
0001 105.11168691611545
1000 105.25781026370393
0100 105.4039336112924
0010 105.55005695888089
0100 105.84230365405784
1000 106.1345503492348
0010 106.28067369682327
0001 106.57292039200023
0010 106.71904373958871
0100 107.01129043476567
0001 107.15741378235414
0010 107.30353712994261
0001 107.4496604775311
1000 107.59578382511957
0100 107.74190717270804
0100 107.88803052029652
1000 108.034153867885
0001 108.18027721547348
0010 108.32640056306195
0100 108.47252391065044
1000 108.61864725823891
0100 108.91089395341587
1000 109.20314064859282
0100 109.3492639961813
0010 109.49538734376978
0100 109.64151069135825
0010 109.78763403894673
0001 109.93375738653522
0010 110.07988073412369
0100 110.22600408171218
1000 110.37212742930065
0100 110.51825077688913
1000 110.6643741244776
0002 110.95662081965456
2000 111.39499086242
3003 114.0252111190126
