TITLE staple stable
BPM   129.01
NOTES
1001 8.201283621424697
0001 8.550093791178979
0001 8.7826339043485
0020 8.89890396093326
0030 9.247714130687543
0100 9.363984187272305
1000 9.596524300441827
0010 9.829064413611349
0110 10.06160452678087
0100 10.410414696535153
0001 10.642954809704674
2000 10.759224866289436
3000 11.108035036043718
0010 11.224305092628478
1000 11.456845205798002
0100 11.689385318967522
0011 11.921925432137044
0100 12.293989613208279
1000 12.542032400589102
0020 12.666053794279515
0030 12.914096581660337
0100 13.03811797535075
0001 13.286160762731571
0010 13.534203550112396
1001 13.782246337493218
0100 14.1310565072475
0010 14.363596620417022
2000 14.479866677001784
3100 14.944946903340826
0010 15.17748701651035
0001 15.41002712967987
1000 15.584432214557012
0001 15.642567242849392
0100 16.107647469188436
0001 16.34018758235796
2000 16.45645763894272
3100 16.805267808697003
1000 17.037807921866523
0001 17.270348035036047
0101 17.502888148205567
0010 17.96796837454461
1000 18.20050848771413
0002 18.316778544298895
0013 18.665588714053175
0001 18.8981288272227
0100 19.13066894039222
0001 19.30507402526936
1000 19.363209053561743
1000 19.828289279900787
0100 20.060829393070307
0020 20.17709944965507
0031 20.52590961940935
1000 20.758449732578875
0010 20.990989845748395
0101 21.223529958917915
0001 21.68861018525696
0010 21.92115029842648
0200 22.037420355011243
1300 22.386230524765523
1000 22.618770637935047
0010 22.851310751104567
1000 23.025715835981707
0001 23.08385086427409
0100 23.548931090613134
0010 23.781471203782655
2000 23.897741260367418
3001 24.2465514301217
0010 24.479091543291222
0100 24.711631656460742
1100 24.944171769630263
0001 25.409251995969306
0100 25.641792109138827
0002 25.75806216572359
1003 26.10687233547787
0200 26.339412448647394
2300 26.571952561816914
3020 26.804492674986438
0230 27.03703278815596
0001 27.502113014495002
0010 27.967193240834046
0310 28.19973335400357
1000 28.43227346717309
0001 28.66481358034261
1003 29.129893806681654
3001 29.594974033020698
1000 29.827514146190218
1003 30.06005425935974
3100 30.525134485698786
1000 30.99021471203783
0001 31.22275482520735
2000 31.339024881792113
3100 31.687835051546394
1000 31.920375164715917
0010 32.152915277885434
0110 32.38545539105496
0100 32.850535617394
0001 33.08307573056352
0020 33.19934578714828
0130 33.54815595690257
1000 33.78069607007209
0010 34.01323618324161
0101 34.24577629641113
0010 34.71085652275017
0100 34.9433966359197
2000 35.05966669250446
3010 35.40847686225874
0100 35.64101697542826
0001 35.873557088597785
1100 36.106097201767305
0100 36.571177428106346
0010 36.80371754127587
0002 36.91998759786063
0103 37.26879776761491
0010 37.50133788078443
1000 37.73387799395396
2000 37.96641810712348
3001 38.66403844663205
0002 38.78030850321681
0003 39.36165878614061
1000 39.594198899310136
0200 39.82673901247965
0310 40.52435935198822
0020 40.64062940857298
0030 41.22197969149678
0001 41.454519804666305
0100 41.687059917835825
0001 41.919600031005345
1000 42.152140144174865
0200 42.38468025734439
0010 42.84976048368343
0310 43.08230059685295
0001 43.31484071002248
1001 43.547380823192
0100 43.77992093636152
0010 44.01246104953104
2000 44.24500116270057
3100 44.71008138903961
1000 44.94262150220913
0001 45.175161615378656
0110 45.407701728548176
1000 45.872781954887216
1000 46.10532206805674
0001 46.221592124641504
2001 46.570402294395784
3010 47.03548252073483
1000 47.26802263390435
0100 47.50056274707387
1000 47.61683280365863
0100 47.84937291682816
0020 47.96564297341292
0031 48.43072319975196
0100 48.66326331292148
0001 48.89580342609101
1100 49.12834353926052
0010 49.59342376559956
1000 49.82596387876909
0020 49.94223393535385
0230 50.29104410510813
0301 50.756124331447175
1000 50.988664444616695
0001 51.221204557786216
0010 51.337474614370976
0100 51.5700147275405
2000 51.68628478412526
3100 52.1513650104643
0010 52.383905123633824
0001 52.61644523680335
0110 52.84898534997287
1000 53.31406557631191
0100 53.43033563289668
1000 53.54660568948144
0100 53.6628757460662
1000 53.89541585923572
0001 54.01168591582048
0100 54.476766142159526
0001 54.70930625532905
0100 54.94184636849857
0010 55.05811642508333
1000 55.290656538252854
0200 55.406926594837614
0310 55.872006821176655
0001 56.104546934346175
1000 56.3370870475157
2000 56.569627160685215
3001 57.034707387024255
0200 57.26724750019378
0300 57.73232772653282
0010 57.96486783970234
1000 58.19740795287187
0200 58.42994806604139
1300 58.89502829238043
0002 59.12756840554996
0100 59.592648631889
1003 59.82518874505852
0001 60.057728858228046
0100 60.290268971397566
0010 60.406539027982326
0100 60.639079141151846
0001 60.75534919773661
1000 60.987889310906134
0001 61.104159367490894
0100 61.336699480660414
0010 61.452969537245174
1000 61.569239593829934
0001 61.685509650414694
0010 61.801779706999454
0001 61.91804976358422
1000 62.03431982016898
0100 62.15058987675374
0100 62.38312998992326
0010 62.49940004650802
0010 62.73194015967755
0002 62.84821021626231
1003 63.31329044260135
1001 63.54583055577087
0001 63.7783706689404
1000 63.89464072552516
0100 64.01091078210992
0100 64.24345089527944
1000 64.3597209518642
0010 64.59226106503372
0100 64.70853112161849
0001 65.17361134795753
0001 65.40615146112705
1000 65.52242151771182
0010 65.63869157429657
0020 65.87123168746609
0030 66.22004185722038
1000 66.33631191380513
0001 66.4525819703899
0010 66.56885202697465
0100 66.80139214014417
0100 67.03393225331371
2000 67.15020230989846
3001 67.49901247965275
0101 67.73155259282227
0010 67.96409270599179
1010 68.19663281916131
1001 68.42917293233083
0100 68.89425315866988
0001 69.1267932718394
1000 69.24306332842416
0001 69.35933338500892
0010 69.47560344159368
0100 69.59187349817844
1000 69.82441361134796
0010 69.94068366793273
0100 70.17322378110225
0002 70.289493837687
1003 70.75457406402606
1001 70.98711417719558
1000 71.2196542903651
0001 71.33592434694985
0100 71.45219440353462
0100 71.68473451670414
0010 71.8010045732889
1000 72.03354468645843
0100 72.14981474304318
0010 72.61489496938223
0001 72.84743508255175
1000 72.96370513913651
0100 73.07997519572127
0020 73.3125153088908
0031 73.77759553522984
1000 73.8938655918146
0010 74.01013564839936
0100 74.24267576156888
0001 74.47521587473841
2000 74.59148593132316
3100 74.94029610107745
1010 75.17283621424697
0010 75.40537632741649
0101 75.63791644058601
1001 75.87045655375553
0100 76.33553678009459
1000 76.5680768932641
0001 76.80061700643363
0020 77.03315711960315
0130 77.49823734594219
1000 77.7307774591117
0001 77.84704751569647
0001 78.079587628866
0100 78.19585768545076
0010 78.42839779862028
1000 78.54466785520503
0001 78.6609379117898
0020 78.89347802495931
0100 79.35855825129835
0230 79.59109836446787
2300 80.05617859080692
3002 80.52125881714596
1003 80.986339043485
0001 81.21887915665452
0200 81.45141926982404
0310 81.9164994961631
0020 82.14903960933262
1030 82.61411983567166
0001 82.84665994884118
1000 82.96293000542595
0001 83.0792000620107
0010 83.19547011859547
0200 83.31174017518022
1300 83.77682040151927
1000 84.0093605146888
0001 84.12563057127355
1000 84.24190062785831
0100 84.35817068444307
0010 84.47444074102783
0100 84.93952096736687
1000 85.1720610805364
0001 85.28833113712116
0001 85.63714130687545
0100 85.86968142004497
1000 86.10222153321449
0010 86.33476164638401
1001 86.79984187272305
0100 87.03238198589257
0001 87.26492209906209
0010 87.49746221223162
1000 87.73000232540114
0010 87.96254243857067
0002 88.19508255174019
0003 90.05540345709636
