TITLE Sumidagawa Natsu Koi Uta
BPM   180.0
NOTES
1001 3.1226666666666665
1000 3.6226666666666665
0100 3.706
0010 3.789333333333333
0001 4.289333333333333
1000 4.456
0010 4.622666666666667
0100 4.706
0010 4.789333333333333
2000 4.956
3100 5.289333333333333
0010 5.456
0001 5.6226666666666665
1000 5.789333333333333
0001 6.289333333333333
0100 6.3726666666666665
0010 6.456
1000 6.956
0100 7.039333333333333
0010 7.1226666666666665
0001 7.289333333333333
1000 7.3726666666666665
0010 7.4559999999999995
0100 7.6226666666666665
0001 7.789333333333333
0100 8.122666666666666
0010 8.289333333333332
1000 8.456
0100 8.956
0010 9.039333333333333
0100 9.122666666666666
1000 9.622666666666666
0001 9.789333333333332
0010 9.955999999999998
0001 10.039333333333332
1000 10.122666666666666
0002 10.289333333333332
1003 10.622666666666666
0010 10.789333333333332
0100 10.955999999999998
0001 11.122666666666666
0010 11.622666666666666
0100 11.706
1000 11.789333333333332
0010 12.289333333333332
0100 12.372666666666666
0010 12.456
1000 12.622666666666666
0010 12.706
0100 12.789333333333333
0001 12.956
0010 13.122666666666666
0100 13.456
1000 13.622666666666666
0001 13.789333333333332
0011 14.122666666666666
0010 14.289333333333332
0100 14.622666666666666
1100 14.789333333333332
1000 14.955999999999998
0001 15.122666666666666
1000 15.289333333333332
0100 15.456
0010 15.622666666666666
0001 15.789333333333332
1000 15.956
0010 16.122666666666667
1000 16.28933333333333
0001 16.456
0100 16.956
0010 17.03933333333333
1000 17.122666666666667
1001 17.456
0001 17.622666666666667
0010 17.78933333333333
0011 18.122666666666664
0001 18.28933333333333
1000 18.456
0100 18.622666666666664
0010 18.78933333333333
0001 18.956
1000 19.122666666666664
1001 19.455999999999996
0001 19.622666666666664
0010 19.955999999999996
0110 20.122666666666664
0100 20.28933333333333
1000 20.456
0001 20.622666666666667
0100 20.78933333333333
0010 20.956
1000 21.122666666666667
0001 21.28933333333333
0100 21.372666666666667
0010 21.456
1000 21.622666666666667
1100 21.78933333333333
0100 21.956
1100 22.122666666666664
1000 22.28933333333333
1001 22.456
0001 22.622666666666664
0011 22.78933333333333
0010 22.956
0001 23.122666666666664
0010 23.205999999999996
0100 23.28933333333333
1000 23.455999999999996
0001 23.622666666666664
1000 23.78933333333333
0001 24.122666666666664
0100 24.28933333333333
0010 24.456
1010 24.78933333333333
1000 24.956
0010 25.03933333333333
0100 25.122666666666667
0101 25.456
0001 25.622666666666667
1000 25.78933333333333
0100 25.956
1000 26.03933333333333
0100 26.122666666666664
2000 26.28933333333333
3001 26.622666666666664
0101 26.78933333333333
0100 26.956
0001 27.122666666666664
1001 27.455999999999996
1000 27.622666666666664
0100 27.705999999999996
0010 27.78933333333333
1001 28.122666666666664
1000 28.28933333333333
0001 28.456
0010 28.622666666666667
0001 28.706
0010 28.78933333333333
0100 28.956
1000 29.122666666666667
1001 29.456
0001 29.622666666666667
1000 29.78933333333333
1010 30.122666666666664
0010 30.28933333333333
0100 30.372666666666664
0001 30.456
1001 30.78933333333333
1000 30.956
0010 31.122666666666664
1000 31.372666666666664
0001 31.455999999999996
2000 31.622666666666664
3100 31.955999999999996
0110 32.12266666666667
0010 32.28933333333333
0001 32.456
0101 32.78933333333334
0100 32.956
0010 33.03933333333334
0100 33.12266666666667
0101 33.456
0001 33.62266666666667
1000 33.706
0010 33.78933333333333
0100 33.955999999999996
0001 34.03933333333333
1000 34.12266666666667
0100 34.28933333333333
0010 34.455999999999996
0011 34.78933333333333
0001 34.955999999999996
1000 35.12266666666667
0100 35.28933333333333
0100 35.456
0100 35.62266666666667
0100 35.78933333333333
0100 35.956
0100 36.12266666666667
0100 36.28933333333333
0100 36.456
0010 36.62266666666667
0001 36.78933333333334
1000 36.956
0001 37.12266666666667
0100 37.37266666666667
0010 37.456
1000 37.62266666666667
0001 37.78933333333333
1001 38.12266666666667
1000 38.28933333333333
0010 38.37266666666667
0100 38.455999999999996
0101 38.78933333333333
0001 38.955999999999996
0001 39.12266666666667
0001 39.28933333333333
0001 39.456
0001 39.62266666666667
0001 39.78933333333333
0001 39.956
0100 40.12266666666667
0100 40.28933333333333
0010 40.456
1000 40.62266666666667
1000 40.78933333333334
1000 40.956
1000 41.12266666666667
1000 41.28933333333334
1000 41.456
1000 41.62266666666667
1000 41.78933333333333
0001 41.955999999999996
0010 42.12266666666667
0100 42.28933333333333
0010 42.455999999999996
0001 42.62266666666667
1000 42.705999999999996
0001 42.78933333333333
0100 42.955999999999996
0110 43.12266666666667
0010 43.28933333333333
1010 43.456
1000 43.62266666666667
1001 43.78933333333333
0001 43.956
0011 44.12266666666667
0010 44.28933333333333
0100 44.456
1000 44.53933333333334
0001 44.62266666666667
0010 44.78933333333334
0100 44.956
1000 45.12266666666667
1100 45.456
0100 45.62266666666667
1000 45.78933333333333
0001 45.955999999999996
1000 46.12266666666667
0010 46.28933333333333
1000 46.455999999999996
0100 46.62266666666667
0010 46.78933333333333
0001 46.955999999999996
1000 47.12266666666667
0010 47.28933333333333
0100 47.456
0001 47.62266666666667
1000 47.78933333333333
0100 47.956
0010 48.03933333333333
0100 48.12266666666667
1000 48.28933333333333
0002 48.456
0013 48.78933333333334
1000 48.956
0020 49.12266666666667
0130 49.456
0010 49.62266666666667
0001 49.78933333333333
0100 50.28933333333333
0010 50.37266666666667
1000 50.455999999999996
0001 50.62266666666667
0001 50.78933333333333
1000 50.955999999999996
0001 51.12266666666667
0010 51.28933333333333
0001 51.456
0100 51.62266666666667
0001 51.78933333333333
1000 51.956
0100 52.12266666666667
0010 52.28933333333333
0001 52.456
1000 52.62266666666667
0010 52.78933333333334
1000 52.956
0001 53.12266666666667
0100 53.28933333333334
0010 53.37266666666667
1000 53.456
0001 53.62266666666667
1001 53.78933333333333
1000 53.955999999999996
1100 54.12266666666667
0100 54.28933333333333
0110 54.455999999999996
0010 54.62266666666667
0011 54.78933333333333
0001 54.955999999999996
1001 55.12266666666667
0011 55.456
0010 55.62266666666667
0100 55.706
0010 55.78933333333333
0001 56.12266666666667
0100 56.28933333333333
0010 56.456
1000 56.62266666666667
0001 56.78933333333334
1000 56.956
0010 57.12266666666667
1000 57.28933333333334
0100 57.456
0010 57.62266666666667
0001 57.78933333333333
1000 57.955999999999996
0010 58.12266666666667
1000 58.28933333333333
0001 58.455999999999996
1000 58.62266666666667
0100 58.705999999999996
0010 58.78933333333333
0001 58.955999999999996
2000 59.12266666666667
3010 59.456
0001 59.62266666666667
0020 59.78933333333333
1030 60.12266666666667
0010 60.28933333333333
0100 60.456
0001 60.956
0010 61.03933333333334
0100 61.12266666666667
1000 61.28933333333334
1000 61.456
0010 61.62266666666667
0100 61.78933333333333
0001 61.955999999999996
0010 62.12266666666667
0100 62.28933333333333
1000 62.455999999999996
0001 62.62266666666667
0100 62.78933333333333
0001 62.955999999999996
1000 63.12266666666667
0001 63.28933333333333
0010 63.456
0001 63.62266666666667
0100 63.78933333333333
0010 63.956
1000 64.12266666666666
0100 64.28933333333333
1100 64.456
1000 64.62266666666667
1001 64.78933333333333
0001 64.956
0101 65.12266666666667
0100 65.28933333333333
0110 65.456
0010 65.62266666666667
1010 65.78933333333333
1001 66.12266666666666
0001 66.28933333333333
0010 66.37266666666666
0100 66.456
0010 66.62266666666666
0001 66.78933333333333
1000 66.956
1001 67.12266666666666
0001 67.28933333333333
0010 67.45599999999999
0001 67.62266666666666
0010 67.78933333333333
0100 67.95599999999999
1000 68.12266666666666
0010 68.28933333333333
1000 68.456
0100 68.62266666666667
0010 68.706
0001 68.78933333333333
0010 68.956
0001 69.03933333333333
1000 69.12266666666667
0010 69.28933333333333
0100 69.37266666666667
0001 69.456
1000 69.62266666666667
0001 69.78933333333333
0100 69.956
0010 70.12266666666666
0100 70.28933333333333
0001 70.456
1000 70.62266666666666
0001 70.78933333333333
1000 70.956
0001 71.12266666666666
0010 71.20599999999999
0001 71.28933333333333
0010 71.37266666666666
0100 71.45599999999999
1000 71.53933333333333
0100 71.62266666666666
1000 71.70599999999999
0001 71.78933333333333
0100 71.87266666666666
0001 71.95599999999999
0100 72.03933333333333
0010 72.12266666666666
1000 72.20599999999999
0010 72.28933333333333
1000 72.37266666666666
0001 72.456
0100 72.62266666666667
0001 72.78933333333333
0010 72.956
0001 73.12266666666667
1000 73.28933333333333
0100 73.456
0010 73.62266666666667
0001 73.78933333333333
0100 73.956
0010 74.03933333333333
0100 74.12266666666666
0001 74.28933333333333
1000 74.37266666666666
0010 74.456
0100 74.62266666666666
0001 74.706
0100 74.78933333333333
0001 74.956
1000 75.12266666666666
1000 75.28933333333333
1000 75.45599999999999
1000 75.62266666666666
0100 75.78933333333333
0100 75.95599999999999
0100 76.12266666666666
0100 76.28933333333333
0010 76.456
0010 76.62266666666667
0001 76.78933333333333
0001 76.956
1000 77.12266666666667
1001 77.456
0001 77.62266666666667
0100 77.78933333333333
0010 77.956
1000 78.12266666666666
0001 78.28933333333333
1000 78.456
0010 78.62266666666666
0100 78.78933333333333
0001 78.956
1000 79.12266666666666
0001 79.28933333333333
0100 79.45599999999999
0010 79.62266666666666
1000 79.78933333333333
0001 79.95599999999999
0010 80.03933333333333
0100 80.12266666666666
0010 80.28933333333333
0002 80.456
0103 80.78933333333333
1000 80.956
0200 81.12266666666667
0310 81.456
1000 81.62266666666667
0001 81.78933333333333
0100 82.28933333333333
0010 82.37266666666666
1000 82.456
0100 82.62266666666666
0100 82.78933333333333
0010 82.956
0001 83.12266666666666
1000 83.28933333333333
0001 83.45599999999999
0100 83.62266666666666
0010 83.78933333333333
1000 83.95599999999999
0001 84.12266666666666
1000 84.28933333333333
0100 84.456
0010 84.62266666666667
0100 84.78933333333333
1000 84.956
0010 85.12266666666667
0100 85.28933333333333
0001 85.37266666666667
0100 85.456
0010 85.62266666666667
1010 85.78933333333333
1000 85.956
1001 86.12266666666666
0001 86.28933333333333
1001 86.456
1000 86.62266666666666
1100 86.78933333333333
0100 86.956
1100 87.12266666666666
1001 87.45599999999999
0001 87.62266666666666
0100 87.70599999999999
0010 87.78933333333333
1000 88.12266666666666
0010 88.28933333333333
0100 88.456
0001 88.62266666666667
1000 88.78933333333333
0001 88.956
0010 89.12266666666667
0001 89.28933333333333
0100 89.456
0010 89.62266666666667
1000 89.78933333333333
0100 89.956
0010 90.12266666666666
0001 90.28933333333333
1000 90.456
0001 90.62266666666666
0100 90.706
0010 90.78933333333333
1000 90.956
0002 91.12266666666666
0013 91.45599999999999
1000 91.62266666666666
0020 91.78933333333333
0031 92.12266666666666
0010 92.28933333333333
0100 92.456
1000 92.956
0010 93.03933333333333
0100 93.12266666666667
0001 93.28933333333333
0001 93.456
0010 93.62266666666667
0100 93.78933333333333
1000 93.956
0010 94.12266666666666
0100 94.28933333333333
0001 94.456
0010 94.62266666666666
0100 94.78933333333333
1000 94.956
0001 95.12266666666666
1000 95.28933333333333
0010 95.45599999999999
0100 95.62266666666666
0001 95.78933333333333
0100 95.95599999999999
0001 96.12266666666666
1000 96.28933333333333
1001 96.456
0001 96.62266666666667
0101 96.78933333333333
0100 96.956
0110 97.12266666666667
0010 97.28933333333333
1010 97.456
1000 97.62266666666667
1001 97.78933333333333
0011 98.12266666666666
0010 98.28933333333333
0001 98.37266666666666
0010 98.456
0100 98.62266666666666
0010 98.78933333333333
0001 98.956
0011 99.12266666666666
0010 99.28933333333333
0110 99.45599999999999
0100 99.62266666666666
1100 99.78933333333333
1000 99.95599999999999
1001 100.12266666666666
0001 100.28933333333333
1000 100.456
0010 100.53933333333333
1000 100.62266666666667
0001 100.78933333333333
0100 100.87266666666667
0001 100.956
1000 101.12266666666667
0100 101.206
0010 101.28933333333333
0001 101.37266666666667
1000 101.456
0010 101.53933333333333
0100 101.62266666666667
0001 101.706
1000 101.78933333333333
0001 101.956
0100 102.12266666666666
0010 102.28933333333333
1000 102.456
0001 102.62266666666666
0010 102.78933333333333
0100 102.956
1000 103.12266666666666
0001 103.28933333333333
0100 103.37266666666666
0001 103.45599999999999
1000 103.62266666666666
0100 103.70599999999999
0010 103.78933333333333
0001 103.95599999999999
0010 104.03933333333333
0100 104.12266666666666
0010 104.28933333333333
0001 104.456
0100 104.62266666666667
0010 104.78933333333333
1000 104.956
0010 105.12266666666667
0100 105.28933333333333
0001 105.456
0010 105.62266666666667
0100 105.78933333333333
1000 105.87266666666666
0100 105.956
1000 106.03933333333333
0001 106.12266666666666
0100 106.28933333333333
0010 106.456
1000 106.53933333333333
0010 106.62266666666666
1000 106.706
0001 106.78933333333333
0010 106.87266666666666
0001 106.956
0010 107.03933333333333
0001 107.12266666666666
0010 107.45599999999999
0100 107.78933333333333
1000 108.12266666666666
0010 108.456
0001 108.78933333333333
0010 109.12266666666667
1000 109.456
