TITLE Systematic Love
BPM   136.0
NOTES
1000 7.068823529411764
0100 7.289411764705882
0010 7.51
0100 7.7305882352941175
1000 7.951176470588235
0010 8.171764705882353
0100 8.39235294117647
0001 8.612941176470587
0010 8.833529411764706
0100 8.943823529411764
1000 9.054117647058824
0001 9.274705882352942
0001 9.49529411764706
1000 9.715882352941177
0100 9.789411764705882
1000 9.862941176470589
0100 9.936470588235295
0310 10.157058823529413
0001 10.377647058823529
1000 10.598235294117647
0010 10.818823529411764
0100 11.039411764705882
0010 11.26
1000 11.480588235294118
0001 11.811470588235293
0010 11.921764705882353
0100 12.14235294117647
2100 12.362941176470587
3001 12.804117647058822
0100 12.91441176470588
0001 13.02470588235294
0100 13.134999999999998
0010 13.245294117647058
2020 13.355588235294116
3030 13.576176470588234
0011 13.686470588235293
0110 13.90705882352941
2001 14.127647058823529
3010 14.568823529411764
0100 14.789411764705882
0001 15.01
0010 15.230588235294118
0100 15.340882352941176
1000 15.451176470588235
0020 15.671764705882351
0031 15.89235294117647
0020 16.11294117647059
1030 16.333529411764708
0001 16.554117647058824
0100 16.664411764705886
0001 16.774705882352944
1000 16.99529411764706
0100 17.10558823529412
1000 17.21588235294118
0010 17.436470588235295
0200 17.657058823529415
0301 18.09823529411765
1000 18.318823529411766
0100 18.429117647058828
0010 18.539411764705886
0001 18.76
0010 18.870294117647063
0100 18.98058823529412
2000 19.201176470588237
3010 19.421764705882353
0002 19.64235294117647
0013 19.86294117647059
2000 20.083529411764705
3001 20.304117647058824
0010 20.52470588235294
0100 20.635
1000 20.74529411764706
0001 20.965882352941176
1002 21.186470588235295
0103 21.62764705882353
0010 21.848235294117647
1000 22.068823529411766
0100 22.289411764705882
0010 22.399705882352944
0001 22.51
0200 22.730588235294118
1300 22.951176470588237
0200 23.171764705882353
0301 23.392352941176473
1000 23.61294117647059
0010 23.72323529411765
1000 23.833529411764708
0001 24.054117647058824
0010 24.164411764705886
0001 24.274705882352944
0100 24.49529411764706
0020 24.715882352941176
1030 25.15705882352941
0001 25.377647058823527
0010 25.48794117647059
0100 25.598235294117647
1000 25.818823529411763
0001 25.929117647058824
0100 26.14970588235294
0020 26.259999999999998
1030 26.701176470588234
0001 26.921764705882353
0010 27.03205882352941
0001 27.25264705882353
1000 27.473235294117647
0020 27.693823529411766
0130 28.02470588235294
0202 28.24529411764706
0303 28.465882352941176
0220 28.576176470588237
0330 28.796764705882353
2020 28.90705882352941
3030 29.12764705882353
2002 29.23794117647059
3003 29.458529411764708
2100 29.568823529411766
0100 31.11294117647059
0001 31.333529411764708
0010 31.554117647058824
3100 31.774705882352944
2200 32.105588235294114
3300 32.32617647058824
2002 32.436470588235295
3003 32.65705882352941
0202 32.76735294117647
0303 32.987941176470585
0120 33.09823529411764
0130 34.75264705882353
0001 34.862941176470585
1000 34.97323529411765
0100 35.08352941176471
0010 35.193823529411766
0022 35.304117647058824
0033 35.52470588235294
0220 35.635
0330 35.85558823529412
2200 35.96588235294118
3300 36.186470588235295
2002 36.29676470588235
3003 36.51735294117647
2020 36.62764705882353
0030 37.289411764705875
0020 37.50999999999999
0030 37.730588235294114
0020 37.95117647058823
0030 38.171764705882346
3020 38.39235294117646
0030 38.612941176470585
0020 38.8335294117647
0230 39.05411764705882
0302 39.27470588235293
2003 39.495294117647056
3020 39.71588235294117
0230 39.93647058823529
0302 40.157058823529404
2003 40.37764705882353
3100 40.59823529411764
0010 40.7085294117647
0001 40.81882352941176
1000 40.92911764705882
0010 41.039411764705875
0100 41.14970588235294
0001 41.26
1000 41.370294117647056
0100 41.480588235294114
1000 41.59088235294117
0010 41.70117647058823
0100 41.81147058823529
0001 41.921764705882346
0003 42.03205882352941
1000 42.14235294117647
3000 42.25264705882353
2001 42.362941176470585
3020 42.80411764705882
0130 43.245294117647056
0001 43.355588235294114
1000 43.46588235294117
0001 43.57617647058823
0020 43.68647058823529
0130 44.12764705882353
1000 44.34823529411764
1001 44.56882352941176
0001 44.78941176470588
0100 44.89970588235294
0001 45.01
0010 45.120294117647056
0100 45.34088235294117
2000 45.45117647058823
3002 45.67176470588235
0203 45.89235294117647
0300 46.112941176470585
0120 46.3335294117647
1030 46.554117647058824
0001 46.66441176470588
1000 46.77470588235294
0100 46.885
0100 46.995294117647056
0001 47.105588235294114
1000 47.21588235294117
0010 47.32617647058824
0010 47.436470588235295
0001 47.54676470588235
1000 47.65705882352941
0010 47.87764705882353
0100 47.987941176470585
0001 48.09823529411764
0020 48.318823529411766
2030 48.53941176470588
3010 48.76
0012 48.980588235294114
1003 49.421764705882346
0010 49.64235294117646
0100 49.75264705882352
0002 49.86294117647058
1003 50.30411764705882
0100 50.414411764705875
0010 50.52470588235293
0100 50.63499999999999
2000 50.74529411764705
3010 51.18647058823529
0010 51.407058823529404
0100 51.62764705882352
0001 51.84823529411764
0010 51.9585294117647
0100 52.06882352941176
1000 52.17911764705882
0010 52.39970588235293
0200 52.50999999999999
0302 52.730588235294114
0023 52.95117647058823
0030 53.171764705882346
0120 53.39235294117646
0031 53.612941176470585
1000 53.72323529411764
0001 53.8335294117647
0010 53.94382352941176
0010 54.05411764705882
1000 54.164411764705875
0002 54.27470588235293
2003 54.495294117647056
3010 54.71588235294117
0100 54.862941176470585
0001 55.01
1000 55.157058823529404
0200 55.37764705882353
0302 55.59823529411764
0103 55.81882352941176
1000 56.039411764705875
3000 56.14970588235294
0001 56.26
0003 56.370294117647056
1002 56.480588235294114
0023 56.921764705882346
0130 57.362941176470585
1000 57.47323529411764
0001 57.5835294117647
1000 57.69382352941176
0020 57.80411764705882
0130 58.245294117647056
0001 58.46588235294117
1001 58.68647058823529
1000 58.90705882352941
0100 59.01735294117647
1000 59.12764705882353
0010 59.237941176470585
0100 59.4585294117647
0002 59.56882352941176
2003 59.78941176470588
3200 60.01
0120 60.362941176470585
0031 60.59823529411764
1000 60.71588235294117
0001 60.8335294117647
0100 60.95117647058823
0100 61.068823529411766
1000 61.186470588235295
0001 61.304117647058824
0010 61.42176470588235
0010 61.53941176470588
1000 61.65705882352941
0001 61.77470588235294
0100 62.01
1000 62.12764705882353
0020 62.362941176470585
0032 62.59823529411764
0013 62.83352941176471
2010 63.068823529411766
3001 63.53941176470588
0010 63.64970588235294
0001 63.76
0010 63.870294117647056
0100 63.980588235294114
0010 64.09088235294118
0100 64.20117647058824
0010 64.3114705882353
0100 64.42176470588235
1000 64.53205882352943
0100 64.64235294117648
1000 64.75264705882354
0001 64.8629411764706
1000 64.97323529411766
0001 65.08352941176472
1000 65.19382352941177
0001 65.30411764705883
0100 65.41441176470589
0001 65.52470588235295
0100 65.635
0010 65.74529411764706
0100 65.85558823529412
0010 65.96588235294118
0100 66.07617647058824
0010 66.1864705882353
1000 66.29676470588237
0010 66.40705882352943
1000 66.51735294117648
0001 66.62764705882354
1000 66.7379411764706
0001 66.84823529411766
1000 66.95852941176472
0100 67.06882352941177
0010 67.21588235294118
0001 67.3629411764706
0010 67.51
0100 67.65705882352943
1000 67.80411764705883
0010 67.95117647058824
0100 68.09823529411766
0001 68.24529411764706
0100 68.39235294117648
0010 68.53941176470589
1000 68.68647058823531
0002 68.83352941176472
1003 69.27470588235295
0100 69.385
1000 69.49529411764706
0100 69.60558823529412
0010 69.71588235294118
0022 69.82617647058825
0033 70.04676470588237
1010 70.15705882352943
0110 70.37764705882354
1002 70.59823529411766
0013 71.03941176470589
0100 71.26
1000 71.48058823529412
0010 71.70117647058825
0100 71.81147058823531
0001 71.92176470588237
0020 72.14235294117648
1030 72.36294117647058
0020 72.5835294117647
0031 72.80411764705882
1000 73.02470588235293
0100 73.13499999999999
1000 73.24529411764705
0001 73.46588235294118
0100 73.57617647058824
0001 73.6864705882353
0010 73.90705882352941
0200 74.12764705882353
1300 74.56882352941176
0001 74.78941176470587
0100 74.89970588235293
0010 75.00999999999999
1000 75.23058823529412
0010 75.34088235294118
0100 75.45117647058824
0002 75.67176470588235
0013 75.89235294117647
2000 76.11294117647058
3010 76.3335294117647
0002 76.55411764705882
1003 76.77470588235293
0010 76.99529411764706
0100 77.10558823529412
0001 77.21588235294118
1000 77.4364705882353
2001 77.65705882352941
3010 78.09823529411764
0100 78.31882352941176
0001 78.53941176470587
0010 78.76
0100 78.87029411764706
1000 78.98058823529412
0020 79.20117647058824
0031 79.42176470588235
0020 79.64235294117647
1030 79.86294117647058
0001 80.0835294117647
0100 80.19382352941176
0001 80.30411764705882
1000 80.52470588235295
0100 80.635
1000 80.74529411764706
0010 80.96588235294118
0200 81.1864705882353
0301 81.62764705882353
1000 81.84823529411764
0010 81.9585294117647
0100 82.06882352941176
0001 82.28941176470589
1000 82.39970588235295
0100 82.62029411764706
0020 82.73058823529412
0031 83.17176470588235
1000 83.39235294117647
0010 83.50264705882353
1000 83.61294117647058
2200 83.8335294117647
3300 84.05411764705883
0102 84.27470588235295
1003 84.71588235294118
0010 84.96798319327732
0001 85.09403361344538
0100 85.34613445378152
0010 85.59823529411764
1000 85.97638655462185
0100 86.22848739495798
0010 86.48058823529412
0100 86.73268907563026
0001 86.98478991596639
0100 87.23689075630253
0010 87.48899159663866
1000 87.7410924369748
0100 87.99319327731092
0001 88.24529411764706
1000 88.46588235294118
0100 88.57617647058824
1000 88.6864705882353
0010 88.90705882352941
0100 89.12764705882353
0010 89.34823529411766
0001 89.56882352941177
0010 89.78941176470589
0100 90.01
1000 90.30411764705883
0010 90.59823529411766
0100 90.89235294117647
0010 91.1864705882353
0001 91.48058823529412
2020 91.77470588235295
3030 91.99529411764706
0220 92.10558823529412
0330 92.32617647058824
0202 92.4364705882353
0303 92.65705882352941
2002 92.76735294117648
3003 92.9879411764706
0022 93.09823529411766
0030 93.76
0020 93.98058823529412
0030 94.20117647058824
0020 94.42176470588235
0030 94.64235294117648
0023 94.8629411764706
0030 95.08352941176472
0020 95.30411764705883
0230 95.52470588235295
2300 95.74529411764706
3002 95.96588235294118
0023 96.1864705882353
0230 96.40705882352943
2300 96.62764705882354
3002 96.84823529411766
0103 97.06882352941177
0010 97.17911764705883
1000 97.28941176470589
0001 97.39970588235295
0010 97.51
0100 97.62029411764706
1000 97.73058823529412
0001 97.84088235294118
0100 97.95117647058824
0001 98.06147058823531
0010 98.17176470588237
0100 98.28205882352943
1000 98.39235294117648
3000 98.50264705882354
0001 98.6129411764706
0003 98.72323529411766
2001 98.8335294117647
3100 99.27470588235293
0010 99.49529411764705
0001 99.71588235294116
0100 99.9364705882353
0010 100.04676470588235
1000 100.15705882352941
0200 100.37764705882353
0301 100.59823529411764
0200 100.81882352941176
1300 101.03941176470587
0001 101.25999999999999
0010 101.37029411764705
0001 101.4805882352941
1000 101.70117647058824
0010 101.8114705882353
1000 101.92176470588235
0100 102.14235294117647
0020 102.36294117647058
0031 102.80411764705882
1000 103.02470588235293
0010 103.13499999999999
0100 103.24529411764705
0001 103.46588235294118
0100 103.57617647058824
0010 103.6864705882353
2000 103.90705882352941
3100 104.12764705882353
0002 104.34823529411764
0103 104.56882352941176
2000 104.78941176470587
3001 105.00999999999999
0100 105.23058823529412
0010 105.34088235294118
1000 105.45117647058824
0001 105.67176470588235
1002 105.89235294117647
0013 106.3335294117647
0100 106.55411764705882
1000 106.77470588235293
0010 106.99529411764706
0100 107.10558823529412
0001 107.21588235294118
0020 107.4364705882353
1030 107.65705882352941
0020 107.87764705882353
0031 108.09823529411764
1000 108.31882352941176
0100 108.42911764705882
1000 108.53941176470587
0001 108.76
0100 108.87029411764706
0001 108.98058823529412
0010 109.20117647058824
0200 109.42176470588235
1300 109.86294117647058
0001 110.0835294117647
0100 110.19382352941176
0010 110.30411764705882
1000 110.52470588235295
0001 110.635
0010 110.85558823529412
0200 110.96588235294118
1300 111.40705882352941
0001 111.62764705882353
0100 111.73794117647058
0001 111.9585294117647
1000 112.17911764705883
0200 112.39970588235295
0310 112.73058823529412
0002 112.95117647058824
0013 113.39235294117647
0100 113.61294117647058
1000 113.8335294117647
0010 114.05411764705883
0100 114.16441176470589
0001 114.27470588235295
1000 114.49529411764706
0100 114.71588235294118
0010 114.82617647058824
0001 114.9364705882353
1000 115.15705882352941
1000 115.37764705882353
0001 115.59823529411764
0010 115.67176470588235
0001 115.74529411764706
0010 115.81882352941177
0130 116.03941176470589
1000 116.14970588235295
0010 116.26
0100 116.37029411764706
0001 116.48058823529412
0010 116.59088235294118
0100 116.70117647058824
1000 116.8114705882353
0001 116.92176470588235
0100 117.03205882352941
0010 117.14235294117647
1000 117.25264705882353
0100 117.36294117647058
0010 117.47323529411766
0002 117.69382352941177
1003 118.02470588235295
0010 118.135
0100 118.24529411764706
0001 118.35558823529412
1000 118.46588235294118
0001 118.57617647058824
0010 118.6864705882353
0100 118.79676470588235
0010 118.90705882352941
0001 119.01735294117647
1000 119.12764705882353
0010 119.2379411764706
0100 119.34823529411766
0001 119.45852941176472
1000 119.56882352941177
0100 119.67911764705883
0010 119.78941176470589
0001 119.89970588235295
0010 120.01
0100 120.12029411764706
0010 120.23058823529412
0001 120.34088235294118
2000 120.45117647058824
3010 120.89235294117647
0100 121.1129411764706
0001 121.33352941176472
0010 121.44382352941177
0100 121.55411764705883
1000 121.66441176470589
0001 121.77470588235295
0100 121.885
0001 121.99529411764706
1000 122.21588235294118
1000 122.4364705882353
0100 122.65705882352941
0010 122.73058823529412
0100 122.80411764705883
0010 122.87764705882354
0031 123.09823529411766
1000 123.20852941176472
0010 123.31882352941177
0100 123.42911764705883
0001 123.53941176470589
0010 123.64970588235295
0100 123.76
1000 123.87029411764706
0001 123.98058823529412
0100 124.09088235294118
0010 124.20117647058824
1000 124.3114705882353
0100 124.42176470588235
1000 124.53205882352943
0010 124.64235294117648
0100 124.75264705882354
0001 124.8629411764706
1000 124.97323529411766
0100 125.08352941176472
0010 125.19382352941177
0001 125.30411764705883
0010 125.41441176470589
0100 125.52470588235295
1000 125.635
0001 125.74529411764706
0200 125.85558823529412
0301 126.07617647058824
2000 126.1864705882353
3100 126.40705882352943
0010 126.48058823529412
0001 126.55411764705883
1000 126.62764705882354
0010 126.70117647058824
0100 126.77470588235295
0001 126.84823529411766
1000 126.92176470588237
0100 126.99529411764706
0020 127.06882352941177
0030 127.28941176470589
1001 127.51
1000 127.73058823529412
0001 127.95117647058824
0100 128.17176470588234
0010 128.39235294117645
1000 128.61294117647057
0100 128.8335294117647
0010 128.94382352941176
0001 129.0541176470588
1000 129.27470588235292
1000 129.49529411764703
0001 129.71588235294115
0010 129.78941176470587
0001 129.86294117647057
0010 129.93647058823527
0130 130.15705882352938
1000 130.3776470588235
0001 130.59823529411764
0100 130.81882352941176
0010 131.03941176470587
0100 131.26
0001 131.4805882352941
1000 131.8114705882353
0100 131.92176470588234
0020 132.14235294117645
0032 132.36294117647057
0013 132.5835294117647
2000 132.8041176470588
3010 133.02470588235292
0002 133.24529411764703
0023 133.46588235294115
0230 133.68647058823527
2300 133.90705882352938
3001 134.12764705882353
0100 134.34823529411764
0010 134.56882352941176
0100 134.78941176470587
0001 135.01
1000 135.2305882352941
0100 135.34088235294118
1000 135.45117647058822
0001 135.67176470588234
0100 135.89235294117645
0010 136.00264705882353
1000 136.11294117647057
0001 136.3335294117647
0001 136.5541176470588
1000 136.77470588235292
0010 136.84823529411764
1000 136.92176470588234
0020 136.99529411764703
0130 137.21588235294115
0001 137.32617647058822
0100 137.43647058823527
0001 137.54676470588234
1000 137.6570588235294
0100 137.76735294117648
1000 137.87764705882353
0100 137.9879411764706
0010 138.09823529411764
0100 138.20852941176472
0010 138.31882352941176
0001 138.39235294117648
1000 138.46588235294118
0010 138.53941176470587
0100 138.64970588235295
0010 138.76
0100 138.87029411764706
0001 138.9805882352941
0100 139.05411764705883
0010 139.12764705882353
1000 139.20117647058822
0001 139.27470588235295
0010 139.34823529411764
0100 139.42176470588234
1000 139.5320588235294
0100 139.64235294117645
1000 139.71588235294115
0001 139.78941176470587
0100 139.86294117647057
0010 139.97323529411764
0100 140.0835294117647
0001 140.1570588235294
1000 140.2305882352941
0100 140.3041176470588
0010 140.41441176470587
0100 140.52470588235292
2002 140.74529411764703
3003 140.96588235294115
