TITLE Tell Your World
BPM   170.0
NOTES
1001 11.638117647058824
0001 11.814588235294117
0100 11.991058823529412
0010 12.167529411764706
1000 12.344
0100 12.520470588235295
0010 12.696941176470588
0001 12.873411764705883
1000 13.049882352941177
0010 13.22635294117647
0100 13.402823529411766
0010 13.57929411764706
1000 13.755764705882353
0001 13.932235294117648
0010 14.108705882352941
0100 14.285176470588235
1000 14.46164705882353
0001 14.638117647058824
0100 14.814588235294119
0010 14.991058823529412
0100 15.167529411764706
0001 15.255764705882354
1000 15.344000000000001
0100 15.520470588235295
0010 15.69694117647059
0001 15.873411764705883
0010 16.04988235294118
0100 16.226352941176472
1000 16.40282352941177
0001 16.579294117647063
0100 16.755764705882356
0010 16.93223529411765
0100 17.108705882352943
0001 17.285176470588237
0010 17.46164705882353
0001 17.638117647058824
1000 17.81458823529412
0010 17.991058823529414
0100 18.167529411764708
0001 18.344
0010 18.520470588235295
0100 18.69694117647059
1000 18.873411764705885
0100 19.04988235294118
1000 19.226352941176476
0001 19.40282352941177
0100 19.579294117647063
0010 19.755764705882356
1000 19.93223529411765
0001 20.108705882352943
0010 20.285176470588237
0001 20.46164705882353
0100 20.638117647058827
0010 20.81458823529412
1000 20.991058823529414
0100 21.167529411764708
0010 21.344
0002 21.5204705882353
1003 22.049882352941182
0010 22.226352941176476
0100 22.40282352941177
0001 22.579294117647063
1000 22.755764705882356
0100 22.93223529411765
0010 23.108705882352943
0100 23.285176470588237
1000 23.461647058823534
0001 23.638117647058827
0100 23.81458823529412
0010 23.991058823529414
0100 24.167529411764708
0001 24.344
1000 24.520470588235295
0100 24.696941176470588
0010 24.873411764705885
0001 25.04988235294118
1000 25.226352941176472
0010 25.402823529411766
0100 25.57929411764706
0001 25.755764705882356
0010 25.93223529411765
0100 26.108705882352943
1000 26.28517647058824
0100 26.461647058823534
1000 26.638117647058827
0001 26.81458823529412
0100 26.991058823529414
0010 27.167529411764708
0100 27.344
0001 27.520470588235295
1000 27.69694117647059
0100 27.873411764705885
0010 28.04988235294118
0001 28.226352941176472
1000 28.402823529411766
0010 28.579294117647063
0100 28.755764705882356
0001 28.93223529411765
1000 29.108705882352947
0001 29.28517647058824
0010 29.461647058823534
0100 29.638117647058827
1000 29.81458823529412
0100 29.991058823529414
1000 30.167529411764708
0001 30.344
0100 30.5204705882353
0010 30.69694117647059
0100 30.873411764705885
0001 31.04988235294118
1000 31.226352941176472
0100 31.40282352941177
0010 31.579294117647063
0001 31.755764705882356
1000 31.932235294117653
0010 32.10870588235294
0100 32.28517647058824
0001 32.46164705882354
0010 32.63811764705883
0100 32.814588235294124
0010 32.99105882352942
0001 33.16752941176471
1000 33.34400000000001
0001 33.5204705882353
0100 33.696941176470595
0010 33.87341176470589
1000 34.04988235294118
0001 34.22635294117647
0010 34.40282352941177
0110 34.57929411764706
0100 34.755764705882356
1000 34.932235294117646
0001 35.10870588235294
0101 35.28517647058824
0100 35.46164705882353
0010 35.63811764705883
1000 35.814588235294124
1100 35.991058823529414
0100 36.16752941176471
0010 36.344
0001 36.5204705882353
1001 36.696941176470595
1000 36.873411764705885
0010 37.04988235294118
0100 37.22635294117648
0101 37.40282352941177
0001 37.579294117647066
0010 37.755764705882356
0100 37.93223529411765
1100 38.10870588235295
1000 38.28517647058824
0001 38.46164705882353
0100 38.63811764705883
0110 38.81458823529412
0010 38.991058823529414
1000 39.167529411764704
0100 39.344
0110 39.5204705882353
0010 39.69694117647059
0001 39.873411764705885
1000 40.04988235294118
1001 40.22635294117647
0001 40.40282352941177
0100 40.57929411764706
0010 40.755764705882356
1010 40.93223529411765
1000 41.10870588235294
0100 41.28517647058824
0010 41.46164705882354
0011 41.63811764705883
0001 41.814588235294124
1000 41.991058823529414
0010 42.16752941176471
0110 42.34400000000001
0100 42.5204705882353
0001 42.696941176470595
1000 42.87341176470589
1100 43.04988235294118
0100 43.22635294117648
0010 43.40282352941177
0001 43.579294117647066
1001 43.75576470588236
1000 43.93223529411765
0010 44.10870588235294
0100 44.28517647058824
0101 44.46164705882353
0001 44.63811764705883
0010 44.81458823529412
0100 44.991058823529414
1100 45.16752941176471
1000 45.344
0002 45.5204705882353
1003 46.04988235294118
0010 46.22635294117647
0100 46.40282352941177
0001 46.579294117647066
0010 46.755764705882356
0100 46.93223529411765
1000 47.0204705882353
0100 47.10870588235295
0010 47.196941176470595
0001 47.28517647058824
1000 47.373411764705885
0010 47.46164705882354
0100 47.54988235294118
0001 47.63811764705883
1000 47.72635294117648
0001 47.814588235294124
0010 47.90282352941177
0100 47.99105882352942
1000 48.079294117647066
0100 48.16752941176471
1000 48.255764705882356
0001 48.344
0100 48.432235294117646
0010 48.5204705882353
0100 48.60870588235294
0001 48.69694117647059
1000 48.78517647058823
0100 48.873411764705885
0010 48.96164705882353
0001 49.049882352941175
1000 49.13811764705883
0010 49.22635294117647
0100 49.31458823529412
0001 49.40282352941177
1000 49.491058823529414
0001 49.57929411764706
0010 49.667529411764704
0100 49.755764705882356
0010 49.844
0001 49.93223529411765
1000 50.0204705882353
0001 50.10870588235294
0100 50.19694117647059
0010 50.28517647058824
1000 50.373411764705885
0010 50.46164705882353
0100 50.54988235294118
0001 50.63811764705883
1000 50.72635294117647
0001 50.814588235294124
0010 50.90282352941177
0100 50.991058823529414
1000 51.07929411764706
0001 51.16752941176471
0010 51.255764705882356
0100 51.34400000000001
1000 51.43223529411765
0001 51.5204705882353
0100 51.60870588235294
0001 51.696941176470595
1000 51.78517647058824
0010 51.873411764705885
1000 51.96164705882354
0001 52.04988235294118
1000 52.13811764705883
0100 52.22635294117648
0010 52.314588235294124
0001 52.40282352941177
1000 52.491058823529414
0010 52.579294117647066
0100 52.66752941176471
0001 52.75576470588236
1000 52.84400000000001
0001 52.93223529411765
0010 53.0204705882353
0100 53.10870588235295
0010 53.196941176470595
0001 53.28517647058824
1000 53.37341176470589
0010 53.46164705882354
0100 53.54988235294118
0010 53.638117647058834
1000 53.72635294117648
0001 53.814588235294124
0010 53.90282352941177
0100 53.991058823529414
1000 54.07929411764706
0001 54.16752941176471
0010 54.255764705882356
0100 54.344
0010 54.432235294117646
0001 54.5204705882353
1000 54.60870588235294
0010 54.69694117647059
1000 54.78517647058824
0010 54.873411764705885
0100 54.96164705882353
0001 55.04988235294118
0100 55.13811764705883
0010 55.22635294117647
1000 55.31458823529412
0001 55.40282352941177
0010 55.491058823529414
0100 55.579294117647066
1000 55.66752941176471
0100 55.755764705882356
1000 55.844
0001 55.93223529411765
0100 56.0204705882353
0001 56.10870588235294
0100 56.196941176470595
0010 56.28517647058824
0100 56.373411764705885
0001 56.46164705882354
1000 56.54988235294118
0100 56.63811764705883
1000 56.72635294117647
0001 56.814588235294124
0100 56.90282352941177
0010 56.99105882352942
1000 57.079294117647066
0001 57.16752941176471
1000 57.255764705882356
0100 57.34400000000001
0010 57.43223529411765
0001 57.5204705882353
1000 57.60870588235295
0010 57.696941176470595
0100 57.78517647058824
0001 57.87341176470589
1000 57.96164705882354
0001 58.04988235294118
0010 58.13811764705883
0001 58.22635294117647
1000 58.31458823529412
0010 58.40282352941177
0100 58.491058823529414
0001 58.57929411764706
1000 58.667529411764704
0001 58.755764705882356
0010 58.844
0100 58.932235294117646
1000 59.0204705882353
0100 59.10870588235294
1000 59.19694117647059
0001 59.28517647058824
0100 59.373411764705885
0010 59.46164705882353
1000 59.549882352941175
0001 59.63811764705883
1000 59.72635294117647
0100 59.814588235294124
0010 59.90282352941177
0001 59.991058823529414
0010 60.07929411764706
0001 60.16752941176471
1000 60.255764705882356
0010 60.344
0100 60.43223529411765
0001 60.5204705882353
1000 60.60870588235294
0100 60.696941176470595
0010 60.78517647058824
0100 60.873411764705885
1000 60.96164705882353
0001 61.04988235294118
0100 61.13811764705883
0001 61.22635294117648
0100 61.314588235294124
0010 61.40282352941177
1000 61.491058823529414
0001 61.579294117647066
1000 61.66752941176471
0100 61.755764705882356
0010 61.84400000000001
0001 61.93223529411765
1000 62.0204705882353
0010 62.10870588235295
1000 62.196941176470595
0001 62.28517647058824
1000 62.373411764705885
0100 62.46164705882354
0010 62.54988235294118
0001 62.638117647058834
0010 62.72635294117648
0100 62.814588235294124
1000 62.90282352941177
0001 62.99105882352942
0100 63.079294117647066
0010 63.16752941176471
1000 63.25576470588236
0010 63.34400000000001
0100 63.43223529411765
0010 63.520470588235305
1000 63.60870588235295
0001 63.696941176470595
0010 63.78517647058824
0100 63.873411764705885
0010 63.96164705882353
0001 64.04988235294118
1000 64.13811764705882
0010 64.22635294117647
0100 64.31458823529411
0001 64.40282352941176
1000 64.49105882352941
0100 64.57929411764705
1000 64.6675294117647
0001 64.75576470588234
0100 64.844
0001 64.93223529411765
0100 65.02047058823528
0010 65.10870588235294
1000 65.19694117647059
0001 65.28517647058824
1000 65.37341176470589
0100 65.46164705882353
0010 65.54988235294118
0001 65.63811764705883
1000 65.72635294117647
0010 65.81458823529412
0100 65.90282352941178
0001 65.99105882352941
0100 66.07929411764707
0010 66.1675294117647
1000 66.25576470588236
0001 66.34400000000001
0010 66.43223529411765
0100 66.5204705882353
0010 66.60870588235295
0001 66.69694117647059
1000 66.78517647058824
0010 66.87341176470588
0100 66.96164705882353
0001 67.04988235294118
1000 67.13811764705882
0001 67.22635294117647
0010 67.31458823529412
0100 67.40282352941176
1000 67.49105882352941
0100 67.57929411764705
1000 67.6675294117647
0001 67.75576470588236
0100 67.844
0010 67.93223529411765
1000 68.0204705882353
0001 68.10870588235294
0011 68.46164705882353
1010 68.81458823529411
0101 69.1675294117647
1100 69.5204705882353
1000 69.69694117647059
0001 69.87341176470589
0100 70.04988235294118
0010 70.22635294117647
1000 70.40282352941176
0001 70.57929411764707
0010 70.75576470588236
0100 70.93223529411765
1000 71.10870588235294
0001 71.28517647058824
0100 71.37341176470588
0010 71.46164705882353
1000 71.54988235294118
0010 71.63811764705882
1030 71.99105882352941
0001 72.344
1000 72.43223529411765
0001 72.52047058823528
1000 72.60870588235294
0010 72.69694117647059
0100 72.87341176470588
0001 72.96164705882353
0010 73.13811764705882
0100 73.22635294117646
1000 73.40282352941176
3001 73.75576470588236
0100 73.93223529411765
0010 74.10870588235295
1000 74.19694117647059
0001 74.37341176470589
1000 74.46164705882353
0100 74.63811764705882
0010 74.81458823529412
0001 74.90282352941176
0010 74.99105882352941
0100 75.1675294117647
0010 75.5204705882353
0001 75.69694117647059
1000 75.78517647058824
0010 75.96164705882353
1000 76.04988235294117
0100 76.22635294117647
0010 76.31458823529411
0001 76.40282352941176
1000 76.49105882352941
0010 76.57929411764705
0100 76.75576470588234
0001 77.10870588235294
1000 77.28517647058823
0100 77.63811764705882
0010 77.81458823529411
0001 77.99105882352941
1000 78.07929411764707
0010 78.1675294117647
0100 78.34400000000001
0001 78.5204705882353
1000 78.60870588235295
0100 78.78517647058824
0010 78.87341176470588
0100 79.04988235294118
1300 79.40282352941176
0010 79.57929411764705
0100 79.93223529411765
0001 80.10870588235294
1000 80.28517647058823
0001 80.46164705882353
0010 80.63811764705882
0002 80.81458823529411
1003 81.344
0020 81.52047058823528
0130 81.87341176470588
0002 82.04988235294117
2003 82.40282352941176
3100 82.75576470588236
0310 82.93223529411765
0001 83.10870588235294
0010 83.28517647058824
0100 83.46164705882353
1000 83.63811764705882
0001 83.72635294117647
1000 83.81458823529411
0001 83.90282352941176
0010 83.99105882352941
0100 84.1675294117647
1000 84.25576470588236
0010 84.43223529411765
0100 84.52047058823528
0001 84.69694117647059
1003 85.04988235294118
0100 85.22635294117647
0010 85.40282352941178
0001 85.49105882352941
1000 85.66752941176472
0001 85.75576470588236
0100 85.93223529411765
0010 86.10870588235295
1000 86.19694117647059
0010 86.28517647058824
0100 86.46164705882353
0010 86.81458823529412
1000 86.99105882352941
0001 87.07929411764707
0010 87.25576470588236
0001 87.344
0100 87.5204705882353
0010 87.60870588235294
1000 87.69694117647059
0001 87.78517647058824
0010 87.87341176470588
0100 88.04988235294117
1000 88.40282352941176
0001 88.57929411764705
0100 88.93223529411765
0010 89.10870588235294
1000 89.28517647058824
0001 89.37341176470589
0010 89.46164705882353
0100 89.63811764705883
1000 89.81458823529412
0001 89.90282352941178
0100 90.07929411764707
0010 90.1675294117647
0100 90.34400000000001
0301 90.69694117647059
0010 90.87341176470588
0100 91.22635294117647
1000 91.40282352941176
0001 91.57929411764705
1000 91.75576470588236
0010 91.93223529411765
2000 92.10870588235294
3001 92.63811764705882
0200 92.81458823529411
0310 93.344
1000 93.5204705882353
0001 93.69694117647059
0010 93.87341176470589
0100 94.04988235294118
1000 94.22635294117647
0001 94.31458823529412
0100 94.40282352941176
0010 94.49105882352941
0100 94.57929411764707
0301 94.93223529411765
1000 95.10870588235294
1001 95.28517647058824
0001 95.46164705882353
0100 95.63811764705882
0010 95.81458823529411
1010 95.99105882352941
1000 96.1675294117647
0100 96.344
0010 96.52047058823528
0011 96.69694117647059
0001 96.87341176470588
1000 97.04988235294117
0010 97.22635294117646
0110 97.40282352941176
0100 97.57929411764705
0001 97.75576470588236
1000 97.93223529411765
1100 98.10870588235295
0100 98.28517647058824
0010 98.46164705882353
0001 98.63811764705882
1001 98.81458823529412
1000 98.99105882352941
0010 99.1675294117647
0100 99.344
0101 99.5204705882353
0001 99.69694117647059
0010 99.87341176470588
0100 100.04988235294117
1000 100.22635294117647
0001 100.31458823529411
1000 100.40282352941176
0010 100.49105882352941
1000 100.57929411764707
0001 100.66752941176472
1000 100.75576470588236
0100 100.84400000000001
0010 100.93223529411766
0001 101.0204705882353
1000 101.10870588235295
0010 101.1969411764706
0100 101.28517647058824
0001 101.37341176470589
1000 101.46164705882353
0001 101.54988235294118
0010 101.63811764705883
0100 101.72635294117647
1000 101.81458823529412
0100 101.90282352941178
1000 101.99105882352941
0001 102.07929411764707
0100 102.1675294117647
0010 102.25576470588236
0100 102.34400000000001
0001 102.43223529411765
1000 102.5204705882353
0100 102.60870588235295
0010 102.69694117647059
0001 102.78517647058824
1000 102.87341176470588
0010 102.96164705882353
0100 103.04988235294118
0001 103.13811764705882
1000 103.22635294117647
0001 103.31458823529412
0010 103.40282352941176
0100 103.49105882352941
1000 103.57929411764705
0100 103.6675294117647
1000 103.75576470588236
0001 103.844
0100 103.93223529411765
0010 104.0204705882353
1000 104.10870588235294
0001 104.19694117647059
1000 104.28517647058823
0100 104.37341176470588
0010 104.46164705882353
0001 104.54988235294117
1000 104.63811764705882
0001 104.72635294117647
1000 104.81458823529412
0010 104.90282352941178
0100 104.99105882352941
0001 105.07929411764707
1000 105.16752941176472
0100 105.25576470588236
0010 105.34400000000001
0001 105.43223529411766
1000 105.5204705882353
0010 105.60870588235295
1000 105.69694117647059
0001 105.78517647058824
0100 105.87341176470589
0010 105.96164705882353
1000 106.04988235294118
0001 106.13811764705883
1000 106.22635294117647
0100 106.40282352941176
0110 106.57929411764707
0010 106.75576470588236
0001 106.93223529411765
1000 107.10870588235294
1001 107.28517647058824
0001 107.46164705882353
0100 107.63811764705882
0010 107.81458823529411
1010 107.99105882352941
1000 108.1675294117647
0100 108.344
0010 108.52047058823528
0011 108.69694117647059
0001 108.87341176470588
1000 109.04988235294118
0010 109.22635294117647
1010 109.40282352941178
1000 109.57929411764707
0001 109.75576470588236
0100 109.84400000000001
0010 109.93223529411765
0110 110.10870588235295
0100 110.28517647058824
0001 110.46164705882353
1000 110.63811764705882
1100 110.81458823529412
0100 110.99105882352941
0010 111.1675294117647
0001 111.344
1001 111.5204705882353
1000 111.69694117647059
0010 111.87341176470588
0100 112.04988235294117
0101 112.22635294117647
0001 112.40282352941176
0010 112.57929411764705
0100 112.75576470588234
1100 112.93223529411765
1000 113.10870588235294
0001 113.28517647058824
0100 113.46164705882353
0101 113.63811764705883
0001 113.81458823529412
0010 113.99105882352941
0100 114.1675294117647
1100 114.34400000000001
1000 114.5204705882353
0001 114.69694117647059
0100 114.87341176470588
0110 115.04988235294118
0010 115.22635294117647
1000 115.40282352941176
0001 115.49105882352941
0010 115.57929411764705
0110 115.75576470588236
0100 115.93223529411765
1000 116.10870588235294
0001 116.28517647058823
0101 116.46164705882353
0100 116.63811764705882
0010 116.81458823529411
1000 116.9910588235294
1010 117.1675294117647
0010 117.344
0100 117.5204705882353
0001 117.69694117647059
0010 117.87341176470589
0100 118.04988235294118
1000 118.22635294117647
0001 118.40282352941176
0100 118.57929411764707
0010 118.75576470588236
0100 118.93223529411765
0001 119.10870588235294
1000 119.28517647058824
0100 119.46164705882353
1000 119.63811764705882
0001 119.81458823529411
0100 119.99105882352941
0010 120.1675294117647
0100 120.34400000000001
0001 120.5204705882353
1000 120.6969411764706
0100 120.87341176470589
0010 121.04988235294118
0001 121.13811764705883
1000 121.22635294117647
0010 121.40282352941178
0100 121.57929411764707
0001 121.75576470588236
1000 121.93223529411765
0100 122.10870588235295
0010 122.28517647058824
0001 122.46164705882353
1000 122.63811764705882
0010 122.81458823529412
0100 122.99105882352941
0001 123.1675294117647
0010 123.344
0100 123.5204705882353
0010 123.69694117647059
0001 123.87341176470588
1000 124.04988235294117
0010 124.22635294117647
0100 124.40282352941176
0001 124.57929411764707
1000 124.75576470588236
0100 124.93223529411766
0010 125.10870588235295
0001 125.28517647058824
0010 125.46164705882353
0100 125.63811764705883
1000 125.81458823529412
0001 125.99105882352941
1000 126.1675294117647
0010 126.34400000000001
0100 126.5204705882353
0001 126.69694117647059
1000 126.87341176470588
0100 127.04988235294118
0010 127.22635294117647
0001 127.57929411764705
1000 127.75576470588236
0001 127.93223529411765
0100 128.28517647058823
0010 128.46164705882353
2000 128.63811764705883
3000 128.8145882352941
