TITLE The Darker Dark
BPM   179.596
NOTES
0001 11.538661261943474
1000 11.70570284416134
0010 11.789223635270275
1000 11.872744426379208
0001 12.039786008597074
0010 12.20682759081494
0100 12.290348381923875
1000 12.373869173032809
0001 12.457389964141742
1000 12.540910755250675
0010 12.624431546359608
0100 12.707952337468543
0001 12.874993919686409
1000 13.042035501904275
0100 13.12555629301321
0010 13.209077084122143
0001 13.376118666340009
1000 13.459639457448942
0010 13.543160248557875
0010 13.710201830775743
0100 13.877243412993609
0001 13.960764204102542
0100 14.044284995211475
0001 14.211326577429343
1000 14.37836815964721
0010 14.461888950756144
0100 14.545409741865077
0001 14.712451324082943
1000 14.87949290630081
0100 14.963013697409744
0010 15.046534488518677
0001 15.13005527962761
0100 15.213576070736543
0001 15.297096861845477
1000 15.380617652954411
0100 15.547659235172278
0010 15.714700817390144
0001 15.881742399608012
1000 16.13230477293481
0010 16.215825564043744
0100 16.38286714626161
0010 16.549908728479476
1000 16.716950310697342
0001 16.88399189291521
0010 17.051033475133075
0100 17.13455426624201
0010 17.21807505735094
0001 17.38511663956881
1000 17.552158221786677
0010 17.635679012895608
0100 17.719199804004543
0001 17.802720595113477
1000 17.88624138622241
0100 17.969762177331344
0010 18.053282968440275
0001 18.220324550658145
1000 18.38736613287601
0010 18.470886923984946
1000 18.554407715093877
0100 18.721449297311747
0010 18.804970088420678
0001 18.888490879529613
0001 19.05553246174748
1000 19.222574043965345
0010 19.30609483507428
1000 19.38961562618321
0001 19.556657208401077
0010 19.723698790618943
0100 19.807219581727878
1000 19.89074037283681
0001 20.05778195505468
1000 20.224823537272545
0010 20.308344328381477
0100 20.39186511949041
0010 20.475385910599343
1000 20.558906701708278
0001 20.642427492817212
0010 20.725948283926144
0100 20.892989866144013
1000 21.06003144836188
0001 21.227073030579746
1000 21.477635403906547
0001 21.56115619501548
0100 21.728197777233348
0010 21.895239359451214
1001 22.229322523886946
1000 22.396364106104812
0010 22.479884897213747
1000 22.56340568832268
0001 22.730447270540548
0100 22.81396806164948
0010 22.897488852758414
0100 22.981009643867345
0001 23.06453043497628
1000 23.231572017194146
0100 23.31509280830308
0010 23.398613599412013
0001 23.482134390520947
1000 23.56565518162988
0020 23.732696763847745
1030 23.89973834606561
0001 24.06677992828348
0100 24.150300719392412
0010 24.233821510501347
0010 24.400863092719213
1000 24.56790467493708
0001 24.651425466046014
1000 24.734946257154945
0001 24.81846704826388
0100 24.901987839372815
0010 25.06902942159068
1000 25.152550212699616
0001 25.236071003808547
1000 25.403112586026417
0100 25.486633377135348
0010 25.570154168244283
0001 25.653674959353214
0010 25.73719575046215
0001 25.904237332680015
1000 25.98775812378895
0001 26.07127891489788
0100 26.154799706006816
0001 26.238320497115748
0020 26.405362079333614
0130 26.57240366155148
1000 26.655924452660415
0100 26.73944524376935
0010 26.906486825987216
0001 27.07352840820508
1000 27.157049199314017
0001 27.240569990422948
0100 27.324090781531883
0010 27.407611572640814
1000 27.574653154858684
0100 27.74169473707655
0010 27.825215528185485
0001 27.908736319294416
1000 28.075777901512286
0100 28.159298692621217
0010 28.242819483730152
0001 28.326340274839083
1000 28.409861065948018
0001 28.576902648165884
0100 28.66042343927482
0001 28.74394423038375
0100 28.827465021492685
0010 28.910985812601616
2000 29.078027394819483
3001 29.24506897703735
1000 29.41211055925522
0010 29.49563135036415
0100 29.579152141473084
0100 29.74619372369095
0001 29.913235305908817
0010 29.99675609701775
0001 30.080276888126683
0010 30.163797679235618
0100 30.247318470344553
1000 30.41436005256242
0001 30.497880843671354
1000 30.581401634780285
0010 30.748443216998155
0100 30.831964008107086
0001 30.91548479921602
0100 30.999005590324952
0010 31.082526381433887
1000 31.249567963651753
0001 31.333088754760688
0010 31.41660954586962
0100 31.500130336978554
1000 31.583651128087485
0002 31.75069271030535
1003 31.917734292523217
0010 32.00125508363215
1000 32.08477587474109
0001 32.25181745695895
1000 32.41885903917682
0010 32.502379830285754
1000 32.585900621394686
0010 32.669421412503624
0100 32.752942203612555
0001 32.91998378583042
0010 33.08702536804829
0100 33.17054615915722
1000 33.25406695026615
0001 33.42110853248402
0100 33.50462932359295
0001 33.58815011470188
0100 33.67167090581082
0010 33.75519169691975
1000 33.92223327913762
0100 34.00575407024655
1000 34.089274861355484
0100 34.172795652464416
0010 34.256316443573354
0200 34.423358025791224
1300 34.590399608009086
0001 34.757441190226956
0100 34.84096198133589
0010 34.92448277244482
0010 35.09152435466269
0100 35.25856593688056
0001 35.34208672798949
1000 35.42560751909842
0001 35.50912831020735
0100 35.59264910131629
0001 35.75969068353416
1000 35.84321147464309
0001 35.92673226575202
1000 36.09377384796989
0100 36.17729463907882
0010 36.260815430187755
0001 36.34433622129669
0010 36.427857012405624
0001 36.594898594623494
1000 36.678419385732425
0001 36.76194017684136
0100 36.84546096795029
0010 36.92898175905922
2000 37.09602334127709
3001 37.26306492349495
0100 37.34658571460388
0010 37.43010650571282
1000 37.597148087930684
0001 37.68066887903962
0100 37.76418967014855
0001 37.847710461257485
1000 37.93123125236642
0100 38.098272834584286
0010 38.265314416802156
0001 38.432355999020025
1000 38.51587679012896
0001 38.59939758123789
0100 38.76643916345576
0010 38.84995995456469
0100 38.93348074567362
0001 39.01700153678256
1000 39.10052232789149
0001 39.26756391010936
0010 39.35108470121829
0100 39.43460549232722
1000 39.51812628343615
0100 39.60164707454509
0020 39.76868865676296
0130 39.935730238980824
1000 40.102771821198694
0001 40.186292612307625
0100 40.269813403416556
0100 40.436854985634426
0010 40.603896567852296
1000 40.68741735896123
0001 40.77093815007016
1000 40.85445894117909
0100 40.93797973228803
0010 41.1050213145059
0001 41.18854210561483
0010 41.27206289672376
0001 41.43910447894163
1000 41.52262527005056
0010 41.60614606115949
0100 41.68966685226843
0010 41.77318764337736
1000 41.94022922559523
0100 42.02375001670416
0010 42.107270807813094
0001 42.190791598922026
1000 42.27431239003096
0200 42.44135397224883
1300 42.60839555446669
0001 42.69191634557562
0100 42.77543713668456
0001 42.94247871890242
1000 43.10952030112029
0100 43.19304109222922
0010 43.27656188333816
0001 43.36008267444709
1000 43.44360346555602
0010 43.61064504777389
1000 43.944728212209625
0001 44.195290585536426
1000 44.27881137664536
0100 44.44585295886323
0010 44.6128945410811
0100 44.77993612329896
1000 44.94697770551683
0001 45.28106086995256
0010 45.44810245217043
0130 45.94922719882403
1000 46.28331036325976
0001 46.61739352769549
0100 46.86795590102229
0001 46.95147669213122
1000 47.11851827434909
0010 47.28555985656696
1000 47.452601438784825
0100 47.619643021002695
0010 47.703163812111626
0100 47.786684603220564
0010 47.870205394329496
0001 47.95372618543843
1000 48.1207677676563
3010 48.6218925143099
0100 48.95597567874563
0301 49.29005884318136
1000 49.540621216508164
0010 49.624142007617095
0100 49.791183589834965
0001 49.958225172052835
0010 50.1252667542707
0001 50.29230833648857
1000 50.6263915009243
0010 50.79343308314217
1030 51.29455782979577
0100 51.628640994231496
0010 51.96272415866723
0001 52.21328653199403
1000 52.29680732310296
0010 52.46384890532083
0100 52.6308904875387
0010 52.79793206975656
1000 52.96497365197443
0100 53.048494443083364
0010 53.1320152341923
0001 53.21553602530123
1000 53.299056816410165
0001 53.466098398628034
0103 53.967223145281636
0010 54.30130630971737
1000 54.6353894741531
0001 54.8859518474799
1000 54.96947263858883
1100 55.6376389674603
0100 56.30580529633176
0310 56.973971625203234
0001 57.308054789638966
1000 57.55861716296577
0010 57.6421379540747
0101 58.31030428294617
0001 58.978470611817635
1003 59.646636940689106
3100 59.98072010512484
1000 60.23128247845164
0100 60.31480326956057
1001 60.982969598432035
0001 61.31705276286777
0100 61.6511359273035
0310 62.31930225617497
1000 62.653385420610704
0001 62.903947793937505
1000 62.987468585046436
1100 63.65563491391791
1001 64.99196757166084
1000 65.24252994498764
0100 65.32605073609658
0010 65.6601339005323
0001 65.99421706496804
1000 66.1612586471859
0010 66.32830022940378
1000 66.57886260273058
0001 66.66238339383952
1000 66.99646655827524
0100 67.33054972271098
0010 67.66463288714671
0001 67.91519526047351
0010 67.99871605158245
0001 68.33279921601817
1000 68.66688238045391
0010 68.83392396267178
1000 69.00096554488964
0001 69.25152791821644
1000 69.33504870932538
0100 69.6691318737611
0010 70.00321503819684
0100 70.33729820263258
1000 70.67138136706832
0010 70.92194374039512
1000 71.00546453150405
0001 71.17250611372191
1000 71.33954769593979
0100 71.50658927815765
0010 71.67363086037551
0001 72.00771402481125
1000 72.17475560702911
3010 72.67588035368271
1000 73.00996351811844
0001 73.34404668255418
1000 73.59460905588098
0100 73.6781298469899
0010 73.84517142920777
0001 74.01221301142564
0010 74.1792545936435
0001 74.34629617586138
0100 74.70265155125949
0001 74.88082923895855
1001 75.68262883360431
1000 75.84967041582217
0001 75.93319120693111
1000 76.01671199804005
0001 76.18375358025791
0100 76.35079516247578
0010 76.43431595358471
1000 76.51783674469364
0010 76.60135753580258
1000 76.68487832691152
0001 76.76839911802044
0010 76.85191990912938
0100 77.01896149134724
2000 77.1860030735651
3001 77.35304465578298
0100 77.52008623800084
0010 77.60360702910978
0100 77.6871278202187
0100 77.85416940243657
0001 78.02121098465445
0010 78.10473177576337
0100 78.18825256687231
1000 78.27177335798125
0001 78.35529414909018
1000 78.52233573130805
0010 78.60585652241699
0100 78.68937731352592
0001 78.85641889574379
1000 79.02346047796165
0010 79.10698126907059
1000 79.19050206017951
0001 79.27402285128845
1000 79.35754364239739
0010 79.44106443350631
1000 79.52458522461525
0001 79.69162680683311
0020 79.85866838905098
0130 80.02570997126885
1000 80.10923076237778
0001 80.19275155348672
0100 80.35979313570458
0010 80.52683471792244
1000 80.61035550903138
0010 80.69387630014032
0100 80.77739709124924
0001 80.86091788235818
1000 81.02795946457606
0100 81.19500104679392
0010 81.27852183790286
0001 81.3620426290118
1000 81.52908421122966
0010 81.69612579344752
0100 81.77964658455646
0001 81.86316737566538
1000 81.94668816677432
0100 82.03020895788326
0010 82.11372974899218
0001 82.19725054010112
1000 82.36429212231899
0020 82.53133370453685
0130 82.69837528675473
0001 82.86541686897259
1000 82.94893766008153
0100 83.03245845119045
0100 83.19950003340831
0010 83.36654161562619
0001 83.45006240673511
0010 83.53358319784405
0001 83.70062478006191
1000 83.86766636227978
0010 83.95118715338872
1000 84.03470794449765
0001 84.20174952671552
0010 84.36879110893338
0100 84.45231190004232
1000 84.53583269115124
0010 84.61935348226018
1000 84.70287427336912
0001 84.78639506447804
1000 84.86991585558698
0001 85.03695743780486
0020 85.20399902002272
0130 85.3710406022406
1000 85.45456139334952
0100 85.53808218445846
0010 85.70512376667632
0100 85.87216534889419
1000 85.95568614000312
0001 86.03920693111206
0100 86.12272772222099
0010 86.20624851332992
1010 86.37329009554779
1000 86.54033167776565
0001 86.62385246887459
0010 86.70737325998353
0001 86.87441484220139
1000 86.95793563331033
0010 87.04145642441925
0100 87.12497721552819
0010 87.20849800663711
1000 87.37553958885499
0001 87.45906037996392
0010 87.54258117107285
0100 87.62610196218179
0010 87.70962275329072
0002 87.87666433550858
1003 88.04370591772646
0010 88.21074749994432
0100 88.29426829105326
0001 88.37778908216218
0001 88.54483066438004
1000 88.71187224659792
0100 88.79539303770684
1000 88.87891382881578
0100 88.96243461992472
0010 89.04595541103366
0100 89.21299699325152
1000 89.29651778436046
0001 89.3800385754694
0010 89.54708015768726
0001 89.6306009487962
1000 89.71412173990512
0010 89.79764253101406
1000 89.88116332212299
0010 90.04820490434086
1000 90.13172569544979
0010 90.21524648655873
0100 90.29876727766766
0001 90.38228806877659
2000 90.54932965099445
3100 90.71637123321233
0010 90.79989202432125
0001 90.88341281543019
0010 91.05045439764805
0100 91.13397518875699
1000 91.21749597986592
0001 91.30101677097485
0100 91.38453756208379
0010 91.55157914430166
1000 91.71862072651952
0010 91.88566230873738
0100 91.96918309984632
0010 92.05270389095526
1000 92.21974547317312
0001 92.30326626428206
0010 92.38678705539098
0100 92.47030784649992
1000 92.55382863760885
0010 92.72087021982672
0100 92.80439101093565
0001 92.88791180204458
0100 92.97143259315352
0010 93.05495338426246
2000 93.22199496648032
3100 93.3890365486982
0010 93.55607813091606
0001 93.639598922025
0100 93.72311971313393
0100 93.89016129535179
0001 94.05720287756967
1000 94.14072366867859
0001 94.22424445978753
1000 94.30776525089647
0100 94.39128604200539
1000 94.55832762422325
0100 94.64184841533219
0010 94.72536920644113
0001 94.89241078865899
1000 94.97593157976793
0010 95.05945237087685
1000 95.1429731619858
0010 95.22649395309472
0100 95.3935355353126
0001 95.47705632642152
1000 95.56057711753046
0100 95.6440979086394
1000 95.72761869974833
0002 95.8946602819662
0103 96.06170186418407
0010 96.145222655293
0100 96.22874344640194
0001 96.3957850286198
1000 96.56282661083766
0100 96.6463474019466
0010 96.72986819305554
0001 96.81338898416446
1000 96.8969097752734
0001 97.06395135749126
0100 97.23099293970913
0010 97.31451373081806
1000 97.398034521927
0001 97.56507610414486
1000 97.6485968952538
0100 97.73211768636273
0010 97.81563847747167
0100 97.89915926858059
1000 98.06620085079847
0001 98.14972164190739
1000 98.23324243301633
0010 98.31676322412527
0100 98.40028401523419
0002 98.56732559745205
1003 98.73436717966993
0010 98.9014087618878
0100 98.98492955299673
0001 99.06845034410566
1000 99.23549192632352
0100 99.4025335085414
0010 99.48605429965032
0001 99.56957509075926
1000 99.6530958818682
0100 99.73661667297714
1000 99.903658255195
0001 99.98717904630394
1000 100.07069983741287
0001 100.23774141963074
0100 100.32126221073968
0010 100.4047830018486
1000 100.48830379295754
0010 100.57182458406646
1000 100.73886616628434
0001 100.82238695739326
0010 100.9059077485022
0100 100.98942853961114
0010 101.07294933072006
0200 101.23999091293793
1300 101.4070324951558
0001 101.49055328626473
0100 101.57407407737367
0001 101.74111565959153
0100 101.90815724180939
0010 101.99167803291833
1000 102.07519882402727
0100 102.15871961513619
0010 102.24224040624513
0001 102.409281988463
0100 102.57632357068086
0001 102.6598443617898
0100 102.74336515289873
0001 102.9104067351166
0100 102.99392752622553
0010 103.07744831733446
0100 103.1609691084434
0001 103.24448989955232
0010 103.4115314817702
0100 103.49505227287912
1000 103.57857306398806
0100 103.662093855097
0010 103.74561464620594
0002 103.9126562284238
1003 104.07969781064168
0010 104.24673939285954
1000 104.33026018396848
0001 104.4137809750774
0010 104.58082255729526
0100 104.74786413951314
1000 104.83138493062206
0001 104.914905721731
1000 104.99842651283994
0010 105.08194730394887
0100 105.24898888616673
0001 105.33250967727567
1000 105.4160304683846
0100 105.58307205060247
0010 105.6665928417114
0100 105.75011363282033
1000 105.83363442392927
0001 105.91715521503819
1000 106.08419679725607
0010 106.167717588365
0100 106.25123837947393
0010 106.33475917058287
1000 106.4182799616918
0002 106.58532154390966
1003 106.75236312612753
0100 106.83588391723646
1000 106.9194047083454
0001 107.08644629056326
1000 107.25348787278112
0100 107.33700866389006
0010 107.420529454999
0100 107.50405024610792
1000 107.58757103721686
0001 107.75461261943474
0010 107.97733472905855
0001 108.20005683868239
1001 108.4227789483062
1000 108.75686211274194
0100 108.9239036949598
1000 109.09094527717767
0100 109.25798685939553
0110 109.4250284416134
0010 109.75911160604913
0001 109.926153188267
1000 110.09319477048487
0001 110.26023635270273
1000 110.4272779349206
0010 110.76136109935634
1010 111.09544426379206
1000 111.4295274282278
0001 111.51304821933672
1000 111.59656901044566
0010 111.76361059266354
0100 111.9306521748814
0101 112.09769375709928
0001 112.431776921535
1000 112.51529771264394
0001 112.59881850375287
0010 112.76586008597074
0100 112.9329016681886
1000 113.09994325040647
0100 113.1834640415154
0010 113.26698483262433
0001 113.43402641484221
1000 113.60106799706007
0010 113.76810957927793
0100 113.85163037038687
0001 113.9351511614958
1000 114.10219274371367
0100 114.1857135348226
0010 114.26923432593154
0001 114.35275511704047
1000 114.43627590814941
0010 114.60331749036727
0100 114.77035907258515
0001 114.85387986369408
0100 114.93740065480301
0010 115.10444223702088
1000 115.27148381923874
0100 115.35500461034768
0010 115.43852540145662
0001 115.52204619256554
0010 115.60556698367448
0001 115.77260856589234
1000 115.9396501481102
0010 116.10669173032808
0100 116.27373331254594
0001 116.35725410365488
0100 116.4407748947638
0010 116.52429568587274
1000 116.60781647698167
0100 116.77485805919954
0010 116.85837885030847
0001 116.94189964141741
1000 117.02542043252635
0001 117.10894122363527
1000 117.35950359696207
0001 117.44302438807101
1000 118.44527388137821
0100 118.61231546359608
0010 118.77935704581395
0001 118.94639862803182
1000 119.11344021024968
0010 119.44752337468542
0100 119.61456495690328
0001 119.78160653912114
2000 119.948648121339
3100 120.11568970355688
0010 120.28273128577474
0001 120.4497728679926
1000 120.61681445021047
0010 120.95089761464621
1000 121.11793919686407
0001 121.28498077908193
0010 121.45202236129981
0100 121.61906394351767
1000 121.78610552573554
0001 122.12018869017128
0100 122.28723027238914
0010 122.45427185460701
2000 122.62131343682488
3001 122.78835501904275
0010 122.95539660126062
0100 123.12243818347848
0010 123.28947976569634
0001 123.62356293013208
0100 123.79060451234994
0010 123.9576460945678
0100 124.12468767678568
0001 124.29172925900355
1000 124.45877084122141
0001 124.79285400565715
0100 124.95989558787501
0010 125.12693717009287
2000 125.29397875231074
3100 125.46102033452861
0010 125.62806191674647
0100 125.79510349896434
1000 125.9621450811822
0010 126.29622824561794
0100 126.46326982783582
0010 126.63031141005368
1000 126.79735299227156
0001 126.96439457448942
0010 127.13143615670728
0100 127.46551932114302
1000 127.63256090336088
0001 127.79960248557875
0200 127.96664406779661
0310 128.13368565001448
1000 128.30072723223236
0001 128.4677688144502
0010 128.6348103966681
0001 128.96889356110384
1000 129.1359351433217
0100 129.4700183077574
1000 129.72058068108421
0100 129.80410147219317
0011 130.47226780106462
0001 131.1404341299361
1003 131.80860045880758
0010 132.1426836232433
0100 132.3932459965701
0010 132.47676678767905
0101 133.1449331165505
1000 133.81309944542198
3100 134.48126577429343
0010 134.81534893872916
0001 135.06591131205596
1000 135.1494321031649
1100 135.81759843203636
0100 136.48576476090784
0310 137.1539310897793
0001 137.48801425421502
1000 137.73857662754182
0001 137.82209741865077
1010 138.49026374752225
