TITLE The world of sound
BPM   210.0
NOTES
1000 11.362857142857143
0100 11.458095238095238
0010 11.553333333333333
0100 11.64857142857143
1000 11.743809523809524
0001 11.83904761904762
0100 11.934285714285714
0010 12.029523809523809
0100 12.124761904761906
0001 12.22
1000 12.315238095238096
0100 12.41047619047619
0010 12.505714285714285
0001 12.60095238095238
0100 12.696190476190475
0010 12.791428571428572
0100 12.886666666666667
0001 12.981904761904762
0010 13.077142857142857
0100 13.172380952380951
1000 13.267619047619048
0001 13.362857142857143
0010 13.458095238095238
0100 13.553333333333333
1000 13.648571428571428
0001 13.743809523809523
0100 13.839047619047617
0001 13.934285714285714
1000 14.029523809523809
0100 14.124761904761904
1000 14.219999999999999
0001 14.315238095238094
0010 14.41047619047619
0001 14.505714285714285
1000 14.60095238095238
0010 14.696190476190475
1000 14.791428571428572
0001 14.886666666666667
0010 14.981904761904762
0100 15.077142857142858
1000 15.172380952380953
0001 15.267619047619048
0100 15.362857142857143
0010 15.458095238095238
1000 15.553333333333333
0001 15.64857142857143
1000 15.743809523809524
0001 15.83904761904762
0100 15.934285714285714
0010 15.981904761904762
0100 16.02952380952381
0010 16.077142857142857
0100 16.124761904761904
0010 16.17238095238095
1000 16.22
0001 16.36285714285714
0010 16.505714285714284
0100 16.648571428571426
1000 16.791428571428572
0001 16.934285714285714
1000 17.077142857142857
0010 17.148571428571426
1000 17.22
0010 17.29142857142857
1000 17.36285714285714
0001 17.434285714285714
1000 17.505714285714284
0001 17.577142857142857
0010 17.648571428571426
0100 17.72
1000 17.79142857142857
0001 17.86285714285714
2000 17.934285714285714
3010 18.22
0100 18.291428571428572
0001 18.36285714285714
1000 18.434285714285714
0010 18.505714285714284
1000 18.577142857142857
0001 18.648571428571426
0100 18.72
0001 18.791428571428572
1000 18.86285714285714
0010 18.934285714285714
1000 19.005714285714284
0001 19.077142857142857
0100 19.148571428571426
0010 19.22
1000 19.29142857142857
0001 19.36285714285714
0010 19.434285714285714
0100 19.505714285714284
1000 19.577142857142857
0100 19.648571428571426
0010 19.72
0100 19.79142857142857
0010 19.86285714285714
0001 19.934285714285714
0010 20.005714285714284
0100 20.077142857142857
1000 20.148571428571426
0001 20.22
0010 20.29142857142857
0100 20.36285714285714
1000 20.434285714285714
0001 20.505714285714284
1000 20.577142857142857
0010 20.648571428571426
1000 20.72
0001 20.79142857142857
0100 20.86285714285714
0001 20.93428571428571
1000 21.005714285714284
0010 21.077142857142857
0100 21.148571428571426
0010 21.22
0100 21.29142857142857
0010 21.36285714285714
0100 21.43428571428571
0001 21.505714285714284
1000 21.577142857142853
0001 21.648571428571426
0010 21.72
0100 21.79142857142857
0010 21.86285714285714
0001 21.93428571428571
0010 22.005714285714284
0001 22.077142857142853
1000 22.148571428571426
0100 22.22
1000 22.29142857142857
0100 22.36285714285714
0010 22.43428571428571
0001 22.505714285714284
1000 22.577142857142853
0100 22.648571428571426
1000 22.72
0001 22.79142857142857
1000 22.86285714285714
0010 22.93428571428571
1000 23.005714285714284
0001 23.077142857142853
0100 23.148571428571426
0001 23.219999999999995
1000 23.29142857142857
0001 23.36285714285714
1000 23.43428571428571
0001 23.505714285714284
0100 23.577142857142853
0010 23.648571428571426
1000 23.719999999999995
0010 23.79142857142857
0100 23.862857142857138
0001 23.93428571428571
1000 24.005714285714284
0100 24.077142857142853
0010 24.148571428571426
0100 24.219999999999995
0010 24.29142857142857
0001 24.362857142857138
0010 24.43428571428571
0100 24.505714285714284
1000 24.577142857142853
0001 24.648571428571426
1000 24.719999999999995
0001 24.79142857142857
0010 24.862857142857138
0001 24.93428571428571
1000 25.005714285714284
0001 25.077142857142853
0100 25.148571428571426
0010 25.219999999999995
1000 25.29142857142857
0001 25.362857142857138
0100 25.43428571428571
0001 25.50571428571428
1000 25.577142857142853
0010 25.648571428571426
0100 25.719999999999995
0001 25.79142857142857
0100 25.862857142857138
0010 25.93428571428571
0100 26.00571428571428
0010 26.077142857142853
1000 26.148571428571422
0001 26.22
0010 26.291428571428572
0100 26.36285714285714
1000 26.434285714285714
0100 26.505714285714284
0010 26.577142857142857
0001 26.648571428571426
1000 26.72
0100 26.791428571428572
1000 26.86285714285714
0001 26.934285714285714
1000 27.005714285714284
0100 27.077142857142857
1000 27.148571428571426
0100 27.22
0010 27.29142857142857
0001 27.36285714285714
1000 27.434285714285714
0010 27.505714285714284
0100 27.577142857142857
0010 27.648571428571426
0100 27.72
0001 27.79142857142857
0100 27.86285714285714
0010 27.934285714285714
1000 28.005714285714284
0001 28.077142857142857
0100 28.148571428571426
0010 28.22
1000 28.29142857142857
0001 28.36285714285714
1000 28.434285714285714
0001 28.505714285714284
0010 28.577142857142857
0100 28.648571428571426
1000 28.72
0100 28.79142857142857
1000 28.86285714285714
0100 28.93428571428571
0010 29.005714285714284
0001 29.077142857142857
1000 29.148571428571426
0100 29.22
0010 29.29142857142857
0001 29.36285714285714
1000 29.43428571428571
0001 29.505714285714284
1000 29.577142857142853
0001 29.648571428571426
0100 29.72
0010 29.79142857142857
0100 29.86285714285714
0010 29.93428571428571
0100 30.005714285714284
0001 30.077142857142853
1000 30.148571428571426
0010 30.22
1000 30.29142857142857
0010 30.36285714285714
0100 30.43428571428571
0001 30.505714285714284
0100 30.577142857142853
0001 30.648571428571426
1000 30.72
0001 30.79142857142857
0010 30.86285714285714
0100 30.93428571428571
1000 31.005714285714284
0001 31.077142857142853
0010 31.148571428571426
0001 31.219999999999995
0010 31.29142857142857
0100 31.36285714285714
1000 31.43428571428571
0001 31.505714285714284
1000 31.577142857142853
0100 31.648571428571426
0010 31.719999999999995
0001 31.79142857142857
1000 31.862857142857138
0001 31.93428571428571
0100 32.005714285714284
0010 32.07714285714285
1000 32.14857142857143
0001 32.22
1000 32.29142857142857
0010 32.36285714285714
0100 32.434285714285714
0001 32.505714285714284
1000 32.57714285714285
0001 32.64857142857143
0100 32.72
0001 32.79142857142857
0100 32.86285714285714
0010 32.934285714285714
1000 33.005714285714284
0001 33.07714285714285
0010 33.14857142857143
0100 33.22
0010 33.29142857142857
0100 33.36285714285714
1000 33.434285714285714
0100 33.505714285714284
0010 33.57714285714285
0001 33.64857142857143
1000 33.72
0001 33.79142857142857
1000 33.86285714285714
0100 33.934285714285714
0010 34.005714285714284
0001 34.07714285714285
0010 34.14857142857142
0001 34.22
1000 34.29142857142857
0010 34.362857142857145
0100 34.434285714285714
0010 34.505714285714284
0100 34.57714285714285
0001 34.64857142857143
0100 34.72
0010 34.79142857142857
1000 34.862857142857145
0001 34.934285714285714
0100 35.005714285714284
0001 35.07714285714285
1000 35.14857142857143
0010 35.22
1000 35.29142857142857
0001 35.36285714285714
0010 35.45809523809523
0100 35.55333333333333
1000 35.64857142857142
0100 35.74380952380952
0010 35.83904761904761
0001 35.93428571428571
1000 36.0295238095238
3001 36.505714285714284
0010 36.57714285714285
0100 36.64857142857143
0010 36.72
0100 36.79142857142857
1000 36.86285714285714
0001 36.934285714285714
0100 37.005714285714284
0001 37.07714285714285
1000 37.14857142857143
0100 37.22
1000 37.29142857142857
0001 37.36285714285714
0010 37.434285714285714
0100 37.505714285714284
0010 37.57714285714285
0001 37.64857142857142
1000 37.71999999999999
0010 37.79142857142857
1000 37.86285714285714
0001 37.93428571428571
0100 38.00571428571428
0010 38.07714285714285
0100 38.14857142857142
0010 38.21999999999999
1000 38.29142857142857
0001 38.36285714285714
0100 38.43428571428571
0001 38.50571428571428
1000 38.57714285714285
0001 38.64857142857142
0010 38.71999999999999
0100 38.79142857142857
0010 38.86285714285714
0001 38.934285714285714
1000 39.005714285714284
0010 39.07714285714285
0100 39.14857142857142
0010 39.22
0100 39.29142857142857
0001 39.36285714285714
0100 39.434285714285714
0010 39.505714285714284
1000 39.57714285714285
0001 39.64857142857142
0010 39.72
0100 39.79142857142857
1000 39.86285714285714
0001 39.934285714285714
1000 40.005714285714284
0010 40.07714285714286
1000 40.14857142857143
0001 40.22
0010 40.29142857142857
0001 40.362857142857145
0010 40.434285714285714
0100 40.505714285714284
1000 40.57714285714286
0100 40.64857142857143
0010 40.72
0001 40.79142857142857
1000 40.862857142857145
0010 40.934285714285714
0100 41.005714285714284
0010 41.07714285714285
0100 41.14857142857142
0001 41.22
0100 41.29142857142857
0001 41.36285714285714
1000 41.43428571428571
0100 41.505714285714284
0010 41.57714285714285
0100 41.64857142857142
0010 41.72
0001 41.79142857142857
0010 41.86285714285714
0100 41.93428571428571
1000 42.005714285714284
0001 42.07714285714285
1000 42.14857142857142
0010 42.22
0100 42.29142857142857
0001 42.362857142857145
0100 42.434285714285714
0001 42.505714285714284
1000 42.57714285714285
0001 42.64857142857143
0100 42.72
0010 42.79142857142857
1000 42.862857142857145
0010 42.934285714285714
0100 43.005714285714284
0001 43.07714285714285
1000 43.14857142857143
0100 43.22
0010 43.29142857142857
0001 43.36285714285714
0010 43.43428571428571
0100 43.505714285714284
0010 43.57714285714285
0001 43.64857142857142
0010 43.71999999999999
0100 43.79142857142857
1000 43.86285714285714
0001 43.93428571428571
0010 44.005714285714284
0001 44.07714285714285
1000 44.14857142857142
0100 44.21999999999999
1000 44.29142857142857
0001 44.36285714285714
1000 44.43428571428571
0010 44.505714285714284
0100 44.57714285714285
0010 44.64857142857143
1000 44.72
0001 44.79142857142857
1000 44.86285714285714
0010 44.934285714285714
1000 45.005714285714284
0001 45.07714285714285
0100 45.14857142857143
0001 45.22
1000 45.29142857142857
0010 45.36285714285714
1000 45.434285714285714
0001 45.505714285714284
0010 45.57714285714285
0001 45.64857142857142
0010 45.71999999999999
0100 45.79142857142857
1000 45.86285714285714
0001 45.93428571428571
0010 46.00571428571428
0001 46.07714285714285
1000 46.14857142857142
0100 46.21999999999999
0010 46.29142857142857
0001 46.36285714285714
1000 46.43428571428571
0010 46.50571428571428
0100 46.57714285714285
0010 46.64857142857142
1000 46.71999999999999
0001 46.79142857142857
0100 46.86285714285714
0001 46.934285714285714
1000 47.005714285714284
0100 47.07714285714285
0010 47.14857142857142
0001 47.22
0010 47.29142857142857
0100 47.36285714285714
1000 47.434285714285714
0001 47.505714285714284
0010 47.57714285714285
0100 47.64857142857142
1000 47.72
0001 47.79142857142857
0100 47.86285714285714
0010 47.93428571428571
1000 48.00571428571428
0010 48.07714285714285
0100 48.14857142857142
0001 48.21999999999999
1000 48.29142857142856
0001 48.36285714285714
0100 48.43428571428571
0010 48.50571428571428
0100 48.57714285714285
0001 48.64857142857142
1000 48.71999999999999
0001 48.79142857142856
0100 48.86285714285714
0001 48.93428571428571
1000 49.00571428571428
0010 49.07714285714285
1000 49.14857142857142
0001 49.22
0010 49.29142857142857
0100 49.36285714285714
1000 49.43428571428571
0001 49.505714285714284
0010 49.57714285714285
0001 49.64857142857142
1000 49.72
0100 49.79142857142857
0010 49.86285714285714
0100 49.93428571428571
1000 50.005714285714284
0001 50.07714285714285
0100 50.14857142857142
0010 50.22
0100 50.29142857142857
0010 50.362857142857145
0100 50.434285714285714
0010 50.505714285714284
1000 50.57714285714285
0010 50.64857142857143
0100 50.72
0001 50.79142857142857
0100 50.862857142857145
0001 50.934285714285714
1000 51.005714285714284
0001 51.07714285714285
0010 51.14857142857143
0100 51.22
1000 51.29142857142857
0001 51.36285714285714
1000 51.43428571428571
0100 51.505714285714284
0010 51.57714285714285
0001 51.64857142857142
1000 51.71999999999999
0001 51.79142857142857
0010 51.86285714285714
0100 51.93428571428571
1000 52.005714285714284
0001 52.07714285714285
0100 52.14857142857142
0010 52.21999999999999
1000 52.29142857142857
0001 52.36285714285714
1000 52.43428571428571
0010 52.505714285714284
0100 52.57714285714285
0001 52.64857142857143
1000 52.72
0010 52.79142857142857
1000 52.86285714285714
0001 52.934285714285714
0010 53.005714285714284
0100 53.07714285714285
1000 53.14857142857143
0001 53.22
1000 53.29142857142857
0001 53.36285714285714
0100 53.434285714285714
0001 53.505714285714284
1000 53.57714285714285
0100 53.64857142857142
0110 53.93428571428571
0011 54.07714285714285
0001 54.36285714285714
1000 54.50571428571428
1010 54.64857142857142
0010 54.79142857142857
0100 54.88666666666666
0001 54.98190476190476
0100 55.07714285714285
0010 55.17238095238095
1000 55.26761904761904
0001 55.36285714285714
0010 55.45809523809523
0100 55.55333333333333
1000 55.64857142857142
0100 55.74380952380952
0010 55.83904761904762
0001 55.93428571428571
1000 56.0295238095238
0010 56.1247619047619
1000 56.21999999999999
0001 56.31523809523809
0100 56.41047619047618
0010 56.50571428571428
1000 56.60095238095237
0001 56.696190476190466
0010 56.79142857142856
0100 56.886666666666656
1000 56.98190476190476
0001 57.07714285714285
1000 57.17238095238095
0010 57.26761904761904
1000 57.36285714285714
0001 57.45809523809523
0010 57.55333333333333
0100 57.64857142857142
1000 57.74380952380952
0100 57.83904761904761
0010 57.93428571428571
0001 58.0295238095238
1000 58.1247619047619
0001 58.22
0100 58.315238095238094
0010 58.41047619047619
1000 58.505714285714284
0001 58.60095238095238
0100 58.69619047619047
0001 58.79142857142857
1000 58.88666666666666
0100 58.98190476190476
0010 59.07714285714285
0001 59.17238095238095
1000 59.26761904761905
0001 59.36285714285714
0100 59.45809523809523
0010 59.55333333333333
1000 59.64857142857142
0010 59.74380952380952
1000 59.83904761904761
0001 59.93428571428571
0100 60.0295238095238
0001 60.1247619047619
1000 60.21999999999999
0100 60.31523809523809
0010 60.41047619047619
0001 60.505714285714284
0010 60.60095238095238
0100 60.69619047619047
1000 60.79142857142857
0001 60.88666666666666
1000 60.98190476190476
0001 61.07714285714285
1000 61.17238095238095
0010 61.26761904761904
1000 61.36285714285714
0001 61.45809523809523
0010 61.55333333333333
0001 61.64857142857142
1000 61.74380952380952
0010 61.83904761904761
0100 61.93428571428571
0001 62.0295238095238
1000 62.1247619047619
0100 62.21999999999999
0010 62.36285714285714
0001 62.50571428571428
1001 62.64857142857142
0101 62.934285714285714
1010 63.22
1100 63.505714285714284
1000 63.79142857142857
0001 63.86285714285714
0100 63.93428571428571
0010 64.02952380952381
0100 64.1247619047619
0001 64.22
1000 64.31523809523809
0001 64.41047619047619
1000 64.50571428571428
0100 64.60095238095238
0010 64.69619047619047
0001 64.79142857142857
0010 64.88666666666666
0100 64.98190476190476
1000 65.07714285714286
0100 65.17238095238095
0010 65.26761904761905
0001 65.36285714285714
1000 65.45809523809524
0010 65.55333333333333
0100 65.64857142857143
0010 65.74380952380952
0100 65.83904761904762
0010 65.9342857142857
1000 66.02952380952381
0001 66.1247619047619
0100 66.22
0001 66.3152380952381
0010 66.41047619047619
0100 66.50571428571429
0010 66.60095238095238
0001 66.69619047619048
0100 66.79142857142857
0010 66.88666666666667
1000 66.98190476190476
0001 67.07714285714286
1000 67.17238095238095
0100 67.26761904761905
0010 67.36285714285714
0001 67.45809523809524
1000 67.55333333333333
0100 67.64857142857143
0010 67.74380952380952
0001 67.83904761904762
1000 67.9342857142857
0010 68.02952380952381
0100 68.1247619047619
0010 68.22
1000 68.31523809523809
0001 68.41047619047619
1000 68.50571428571428
0100 68.60095238095238
0010 68.69619047619047
0001 68.79142857142857
0010 68.88666666666666
0001 68.98190476190476
0010 69.07714285714285
0100 69.17238095238095
1000 69.26761904761904
0001 69.36285714285714
0100 69.45809523809523
0010 69.55333333333333
1000 69.64857142857143
0001 69.74380952380953
0100 69.83904761904762
0001 69.93428571428572
1000 70.02952380952381
0100 70.12476190476191
0010 70.22
0001 70.3152380952381
0010 70.41047619047619
0100 70.50571428571429
1000 70.60095238095238
0001 70.69619047619048
1000 70.79142857142857
0010 70.88666666666667
1000 70.98190476190476
0010 71.07714285714286
0100 71.17238095238095
0010 71.26761904761905
1000 71.36285714285714
0001 71.45809523809524
0100 71.55333333333333
0001 71.64857142857143
1000 71.74380952380952
0100 71.83904761904762
0010 71.9342857142857
0001 72.02952380952381
0010 72.1247619047619
0001 72.22
0010 72.31523809523809
0100 72.41047619047619
1000 72.50571428571428
0001 72.60095238095238
0100 72.69619047619047
0010 72.79142857142857
1000 72.88666666666666
0001 72.98190476190476
0100 73.07714285714285
0010 73.21999999999998
1000 73.36285714285714
0001 73.50571428571428
0010 73.64857142857142
0001 73.71999999999998
0010 73.79142857142855
0100 73.86285714285714
0010 73.9342857142857
0001 74.00571428571428
0010 74.07714285714285
0100 74.14857142857142
1000 74.22
0001 74.3152380952381
0100 74.41047619047619
0010 74.50571428571429
1000 74.60095238095238
0001 74.69619047619048
1000 74.79142857142857
0100 74.86285714285714
0010 74.9342857142857
0100 75.00571428571429
0010 75.07714285714286
0001 75.14857142857143
0010 75.22
0100 75.29142857142857
1000 75.36285714285714
0001 75.45809523809524
0100 75.55333333333333
0010 75.64857142857143
1000 75.72
0010 75.79142857142857
0100 75.86285714285714
0001 75.9342857142857
1000 76.00571428571428
0001 76.07714285714285
1000 76.14857142857143
0100 76.22
0010 76.29142857142857
0001 76.36285714285714
1000 76.4342857142857
0001 76.50571428571428
0010 76.60095238095238
0100 76.69619047619047
1000 76.79142857142857
0100 76.86285714285714
0010 76.9342857142857
0100 77.00571428571428
1000 77.07714285714285
0001 77.14857142857142
0100 77.21999999999998
0010 77.29142857142857
0100 77.36285714285714
0001 77.4342857142857
1000 77.50571428571428
0001 77.57714285714285
1000 77.74380952380953
0010 77.83904761904762
0010 78.02952380952381
0100 78.12476190476191
0100 78.3152380952381
0001 78.41047619047619
0001 78.60095238095238
1000 78.69619047619048
0001 78.79142857142857
1000 78.88666666666667
0100 78.98190476190476
0010 79.07714285714286
0001 79.17238095238095
0010 79.26761904761905
0100 79.36285714285714
1000 79.45809523809524
0001 79.55333333333333
1000 79.64857142857143
0010 79.74380952380952
0100 79.83904761904762
0001 79.9342857142857
1000 80.02952380952381
0001 80.1247619047619
1000 80.22
0001 80.31523809523809
1000 80.41047619047619
0001 80.50571428571428
1000 80.60095238095238
0001 80.69619047619047
1000 80.79142857142857
0001 80.88666666666666
1000 80.98190476190476
0001 81.07714285714285
0010 81.17238095238095
0100 81.26761904761904
0010 81.36285714285714
0100 81.45809523809523
1000 81.55333333333333
0100 81.64857142857142
0010 81.74380952380952
0001 81.8390476190476
1000 81.9342857142857
0001 82.1247619047619
0100 82.22
0001 82.41047619047619
1000 82.60095238095238
0100 82.79142857142857
0020 82.98190476190476
0032 83.26761904761905
2000 83.36285714285714
3003 85.64857142857143
1001 87.9342857142857
0001 88.02952380952381
0100 88.1247619047619
0010 88.22
0100 88.31523809523809
0001 88.41047619047619
1000 88.50571428571428
0001 88.60095238095238
0010 88.69619047619047
0100 88.79142857142857
1000 88.88666666666666
0100 88.98190476190476
0010 89.07714285714285
0001 89.17238095238095
1000 89.26761904761904
0100 89.36285714285714
0010 89.45809523809523
0001 89.55333333333333
1000 89.64857142857142
0010 89.74380952380952
1000 89.8390476190476
0001 89.9342857142857
0010 90.0295238095238
0100 90.1247619047619
1000 90.22
0100 90.3152380952381
0100 90.41047619047619
0001 90.50571428571429
0010 90.60095238095238
0100 90.69619047619048
1000 90.79142857142857
0010 90.88666666666667
0010 90.98190476190476
0001 91.07714285714286
0100 91.17238095238095
0010 91.26761904761905
1000 91.36285714285714
0100 91.45809523809524
0100 91.55333333333333
0001 91.64857142857143
0100 91.74380952380952
0010 91.83904761904762
1000 91.9342857142857
0010 92.02952380952381
0010 92.1247619047619
0001 92.22
0010 92.31523809523809
0100 92.41047619047619
1000 92.50571428571428
0100 92.60095238095238
0100 92.69619047619047
0001 92.79142857142857
0100 92.88666666666666
0100 92.98190476190476
1000 93.07714285714285
0001 93.26761904761904
0100 93.36285714285714
0010 93.45809523809523
1000 93.55333333333333
0001 93.64857142857142
0010 93.74380952380952
0010 93.8390476190476
1000 93.9342857142857
0010 94.0295238095238
0010 94.1247619047619
0001 94.21999999999998
1000 94.31523809523809
0001 94.41047619047617
1000 94.50571428571428
1000 94.79142857142857
0100 94.86285714285714
0010 94.9342857142857
0100 95.00571428571428
0010 95.07714285714286
0001 95.14857142857143
0010 95.22
0100 95.29142857142857
1000 95.36285714285714
0001 95.4342857142857
1000 95.50571428571428
0010 95.57714285714286
1000 95.64857142857143
0001 95.72
0100 95.79142857142857
0010 95.86285714285714
0100 95.9342857142857
0001 96.00571428571428
1000 96.07714285714285
0001 96.14857142857142
1000 96.22
0100 96.29142857142857
0010 96.36285714285714
0100 96.4342857142857
0010 96.50571428571428
0001 96.57714285714285
0010 96.64857142857142
0031 97.07714285714285
1000 97.17238095238095
0010 97.26761904761904
1000 97.36285714285714
0001 97.45809523809523
0010 97.55333333333333
0001 97.64857142857142
1000 97.74380952380952
0100 97.8390476190476
1000 97.9342857142857
0001 98.0295238095238
0100 98.1247619047619
0001 98.22
1000 98.3152380952381
0010 98.41047619047619
0100 98.50571428571429
0001 98.60095238095238
0010 98.69619047619048
0100 98.79142857142857
1000 98.88666666666667
0100 98.98190476190476
0010 99.07714285714286
0001 99.17238095238095
1000 99.26761904761905
0001 99.36285714285714
0100 99.45809523809524
0001 99.55333333333333
1000 99.64857142857143
0100 99.74380952380952
1000 99.83904761904762
0001 99.9342857142857
0010 100.02952380952381
0001 100.1247619047619
1000 100.22
0010 100.36285714285714
0100 100.4342857142857
0001 100.50571428571428
1000 100.60095238095238
0001 100.69619047619047
1000 100.79142857142857
0001 100.88666666666666
1000 100.98190476190476
0001 101.07714285714285
1000 101.17238095238095
0001 101.21999999999998
1000 101.26761904761904
0001 101.31523809523809
1000 101.36285714285714
0100 101.41047619047617
0010 101.45809523809523
0100 101.50571428571428
0010 101.55333333333333
0001 101.60095238095238
1000 101.64857142857142
0010 101.71999999999998
1000 101.79142857142855
0001 101.9342857142857
0100 102.07714285714285
0010 102.21999999999998
0100 102.36285714285712
0001 102.50571428571428
1000 102.57714285714285
0001 102.64857142857142
1000 102.71999999999998
0001 102.79142857142857
0010 102.9342857142857
0100 103.07714285714286
1000 103.22
0001 103.29142857142857
0100 103.32714285714286
0001 103.36285714285714
1000 103.50571428571428
0100 103.64857142857143
0010 103.79142857142857
0001 103.9342857142857
1000 104.07714285714285
0010 104.22
1000 104.29142857142857
0010 104.36285714285714
1000 104.4342857142857
0001 104.50571428571428
0010 104.64857142857142
0100 104.79142857142857
1000 104.9342857142857
0001 105.00571428571428
0010 105.04142857142857
0001 105.07714285714285
1000 105.21999999999998
0010 105.36285714285714
1000 105.50571428571428
0001 105.64857142857142
0010 105.79142857142855
0100 105.9342857142857
1000 106.00571428571428
0100 106.07714285714285
1000 106.14857142857142
0001 106.22
0100 106.36285714285714
0010 106.50571428571429
0100 106.64857142857143
0001 106.72
1000 106.75571428571429
0001 106.79142857142857
1000 106.9342857142857
0100 107.07714285714286
0010 107.22
0001 107.36285714285714
1000 107.50571428571428
0001 107.64857142857143
0010 107.72
0001 107.79142857142857
0010 107.86285714285714
0100 107.9342857142857
1000 108.07714285714285
0010 108.22
0100 108.36285714285714
0001 108.4342857142857
1000 108.47
0001 108.50571428571428
0010 108.64857142857142
0100 108.79142857142857
1000 108.9342857142857
0010 109.00571428571428
1000 109.04142857142857
0010 109.07714285714285
0100 109.21999999999998
0001 109.36285714285714
0010 109.50571428571428
0100 109.57714285714285
1000 109.64857142857142
0001 109.79142857142855
0100 109.9342857142857
0010 110.00571428571428
0100 110.07714285714285
0010 110.14857142857142
1000 110.21999999999998
0001 110.36285714285712
0010 110.50571428571428
0100 110.64857142857142
1000 110.71999999999998
0001 110.75571428571428
1000 110.79142857142857
0010 110.86285714285714
1000 110.9342857142857
0001 111.00571428571428
0010 111.07714285714286
0100 111.14857142857143
1000 111.22
0010 111.29142857142857
1000 111.36285714285714
0100 111.4342857142857
0010 111.50571428571428
0001 111.57714285714286
0100 111.64857142857143
0010 111.72
0100 111.79142857142857
0001 111.86285714285714
1000 111.9342857142857
0100 112.01047619047618
0010 112.08666666666666
0001 112.16285714285713
1000 112.23904761904761
0010 112.31523809523809
1000 112.39142857142856
0001 112.46761904761904
0100 112.54380952380951
1000 112.61999999999999
0010 112.69619047619047
0100 112.77238095238094
0010 112.84857142857142
0100 112.9247619047619
0001 113.00095238095237
1000 113.07714285714285
0100 113.15333333333332
0010 113.2295238095238
0001 113.30571428571427
0100 113.38190476190475
0010 113.45809523809523
1000 113.5342857142857
0001 113.61047619047618
0100 113.68666666666665
1000 113.76285714285713
0001 113.8390476190476
1000 113.91523809523808
0010 113.99142857142856
0100 114.06761904761903
0010 114.14380952380951
1000 114.22
0100 114.29619047619047
0010 114.37238095238095
0001 114.44857142857143
0010 114.5247619047619
0100 114.60095238095238
1000 114.67714285714285
0001 114.75333333333333
0010 114.8295238095238
0100 114.90571428571428
0010 114.98190476190476
1000 115.05809523809523
0100 115.13428571428571
0010 115.21047619047619
0001 115.28666666666666
2000 115.36285714285714
3000 118.21999999999998
