TITLE Umidoru! Ikadoru! Makinadoru!
BPM   176.0
NOTES
0001 11.779727272727271
1000 11.950181818181818
0001 12.120636363636363
0020 12.291090909090908
0230 12.632
2300 12.97290909090909
3010 13.313818181818181
0002 13.484272727272726
0013 13.995636363636363
0200 14.166090909090908
0302 14.506999999999998
1003 14.84790909090909
0020 15.018363636363635
2030 15.359272727272726
3002 15.700181818181816
0103 16.041090909090908
2000 16.211545454545455
3100 16.72290909090909
0002 16.893363636363635
0023 17.234272727272725
0230 17.575181818181818
1300 17.91609090909091
0002 18.086545454545455
0103 18.427454545454548
0020 18.93881818181818
1030 19.279727272727275
0002 19.450181818181818
0013 19.79109090909091
0100 20.132
0002 20.302454545454545
0003 20.643363636363638
0100 20.81381818181818
2000 20.984272727272728
3020 21.325181818181818
0230 21.666090909090908
0300 22.007
0001 22.34790909090909
0020 22.518363636363638
0130 22.859272727272728
2000 23.02972727272727
0001 23.200181818181818
3000 23.370636363636365
1003 24.56381818181818
0100 24.734272727272728
0010 24.90472727272727
0001 25.075181818181818
1000 25.16040909090909
0001 25.330863636363635
0010 25.416090909090908
0100 25.50131818181818
1000 25.586545454545455
0001 25.756999999999998
0100 25.927454545454545
0010 26.012681818181818
1000 26.18313636363636
0001 26.268363636363635
0010 26.43881818181818
0100 26.524045454545455
1000 26.77972727272727
0010 26.950181818181818
0100 27.12063636363636
0001 27.291090909090908
0010 27.461545454545455
0001 27.631999999999998
0010 27.802454545454545
0100 27.97290909090909
1000 28.143363636363635
0100 28.31381818181818
0100 28.484272727272725
1000 28.65472727272727
0001 28.825181818181818
1000 28.99563636363636
0001 29.166090909090908
0100 29.336545454545455
0010 29.506999999999998
0100 29.677454545454545
0100 29.847909090909088
0001 29.93313636363636
1000 30.018363636363635
0100 30.18881818181818
1000 30.359272727272725
0010 30.52972727272727
0100 30.614954545454545
0001 30.785409090909088
1000 30.87063636363636
0100 30.955863636363635
1000 31.041090909090908
0010 31.21154545454545
0100 31.381999999999998
0001 31.46722727272727
1000 31.637681818181814
0100 31.722909090909088
0010 31.893363636363635
0001 31.978590909090908
1000 32.234272727272725
0010 32.40472727272727
1000 32.57518181818181
0001 32.74563636363636
0010 32.916090909090904
0001 33.08654545454545
0010 33.257
0100 33.42745454545454
1000 33.597909090909084
0100 33.76836363636363
0100 33.93881818181818
1000 34.109272727272725
0010 34.27972727272727
1000 34.45018181818182
0010 34.62063636363636
0100 34.791090909090904
0001 34.96154545454545
0100 35.132
0100 35.302454545454545
0001 35.38768181818182
1000 35.472909090909084
0100 35.64336363636363
0010 35.728590909090904
0001 35.81381818181818
1000 35.98427272727272
0010 36.06949999999999
0100 36.154727272727264
0010 36.23995454545454
1000 36.32518181818181
0001 36.49563636363636
0010 36.58086363636363
0100 36.666090909090904
0010 36.83654545454545
0001 37.007
1000 37.09222727272727
0001 37.177454545454545
0100 37.347909090909084
0010 37.43313636363636
0100 37.51836363636363
0001 37.603590909090904
1000 37.68881818181818
0001 37.859272727272725
0010 37.9445
0100 38.02972727272727
1000 38.20018181818181
0100 38.37063636363636
0010 38.45586363636363
0100 38.541090909090904
1000 38.711545454545444
0001 38.79677272727272
1000 38.88199999999999
0001 38.967227272727264
0100 39.05245454545454
0001 39.222909090909084
1000 39.30813636363636
0100 39.39336363636363
0010 39.56381818181818
0001 39.734272727272725
1000 39.8195
0001 39.90472727272727
1000 40.07518181818181
0100 40.160409090909084
0010 40.24563636363636
0001 40.33086363636363
1000 40.416090909090904
0010 40.58654545454545
1000 40.671772727272725
0001 40.757
0100 40.92745454545454
0001 41.01268181818181
0100 41.097909090909084
0001 41.18313636363636
0100 41.26836363636363
0001 41.353590909090904
0100 41.43881818181817
0001 41.524045454545444
1000 41.60927272727272
0100 41.69449999999999
1000 41.779727272727264
0100 41.86495454545454
1000 41.95018181818181
0100 42.035409090909084
1000 42.12063636363636
0100 42.20586363636363
0010 42.291090909090904
0001 42.37631818181818
0010 42.46154545454545
0001 42.546772727272725
0010 42.632
0001 42.71722727272727
0010 42.80245454545454
0001 42.88768181818181
1000 42.972909090909084
0001 43.05813636363636
1000 43.14336363636363
0001 43.228590909090904
1000 43.31381818181818
0001 43.39904545454545
1000 43.484272727272725
0001 43.5695
1000 43.654727272727264
0100 43.73995454545454
1000 43.82518181818181
0100 43.910409090909084
1000 43.99563636363636
0100 44.08086363636363
1000 44.1660909090909
0100 44.25131818181817
0010 44.336545454545444
0001 44.42177272727272
0010 44.50699999999999
0001 44.592227272727264
0010 44.67745454545454
0001 44.76268181818181
0010 44.847909090909084
0001 44.93313636363636
1000 45.01836363636363
1000 45.359272727272725
1000 45.70018181818181
0100 45.87063636363636
0010 46.041090909090904
0001 46.382
1000 46.46722727272727
0001 46.552454545454545
0100 46.63768181818182
0010 46.72290909090909
1000 46.978590909090904
0001 47.06381818181818
1000 47.14904545454545
0001 47.234272727272725
0100 47.40472727272727
0010 47.489954545454545
0100 47.57518181818182
0001 47.74563636363636
1000 47.83086363636363
0100 47.916090909090904
0010 48.00131818181818
0001 48.08654545454545
1000 48.342227272727264
0010 48.42745454545454
0100 48.51268181818181
0010 48.597909090909084
1000 48.76836363636363
0001 48.853590909090904
0010 48.93881818181818
0130 49.109272727272725
1000 49.1945
0100 49.27972727272727
1000 49.364954545454545
0001 49.45018181818182
1000 49.70586363636363
0001 49.791090909090904
0100 49.87631818181818
0010 49.96154545454545
0100 50.132
0001 50.21722727272727
0100 50.302454545454545
0301 50.472909090909084
1000 50.55813636363636
0001 50.64336363636363
1000 50.81381818181818
0010 50.89904545454545
1000 50.98427272727272
0001 51.154727272727264
0100 51.23995454545454
0001 51.410409090909084
1000 51.49563636363636
0100 51.58086363636363
0010 51.75131818181818
0100 51.83654545454545
1000 51.921772727272725
0001 52.007
1000 52.09222727272727
0001 52.177454545454545
0100 52.43313636363636
0010 52.51836363636363
1000 52.603590909090904
0001 52.68881818181818
1000 52.859272727272725
0100 52.9445
0010 53.02972727272727
0100 53.20018181818181
1000 53.285409090909084
0100 53.37063636363636
1000 53.45586363636363
0001 53.541090909090904
1000 53.79677272727272
0001 53.88199999999999
0100 53.967227272727264
0001 54.05245454545454
1000 54.222909090909084
0001 54.30813636363636
0010 54.39336363636363
0130 54.56381818181818
1000 54.64904545454545
0001 54.734272727272725
1000 54.8195
0001 54.90472727272727
0010 55.160409090909084
0100 55.24563636363636
1000 55.33086363636363
0100 55.416090909090904
1000 55.58654545454545
0001 55.671772727272725
1000 55.757
3001 55.92745454545454
0010 56.097909090909084
0100 56.18313636363636
0010 56.26836363636363
0031 56.43881818181817
1000 56.60927272727272
0010 56.69449999999999
0100 56.779727272727264
0001 56.95018181818181
1000 57.12063636363636
0100 57.20586363636363
1000 57.291090909090904
0001 57.37631818181818
1000 57.46154545454545
0100 57.546772727272725
0010 57.632
0100 57.88768181818181
1000 57.972909090909084
0001 58.05813636363636
1000 58.14336363636363
0010 58.31381818181818
0100 58.39904545454545
0001 58.484272727272725
1000 58.654727272727264
0010 58.73995454545454
1000 58.82518181818181
0001 58.910409090909084
1000 58.99563636363636
0001 59.25131818181817
0010 59.336545454545444
0100 59.42177272727272
0010 59.50699999999999
0001 59.67745454545454
1000 59.76268181818181
0001 59.847909090909084
0103 60.01836363636363
0010 60.103590909090904
0100 60.18881818181818
0001 60.27404545454545
1000 60.359272727272725
0001 60.61495454545454
1000 60.70018181818181
0100 60.785409090909084
0010 60.87063636363636
0100 61.041090909090904
1000 61.12631818181818
0001 61.21154545454545
1003 61.38199999999999
0010 61.467227272727264
1000 61.55245454545454
0001 61.722909090909084
0010 61.80813636363636
0001 61.893363636363624
1000 62.06381818181817
0100 62.149045454545444
0010 62.31949999999999
0001 62.404727272727264
1000 62.48995454545454
0001 62.660409090909084
0100 62.74563636363636
0001 62.83086363636363
1000 62.916090909090904
0001 63.00131818181818
0100 63.08654545454545
0001 63.342227272727264
1000 63.42745454545454
0001 63.51268181818181
0010 63.597909090909084
0100 63.76836363636363
1000 63.853590909090904
0001 63.93881818181818
0100 64.10927272727272
0001 64.19449999999999
1000 64.27972727272727
0100 64.36495454545454
1000 64.45018181818182
0001 64.70586363636363
0100 64.7910909090909
0010 64.87631818181818
0100 64.96154545454544
0001 65.13199999999999
1000 65.21722727272727
0001 65.30245454545454
0013 65.47290909090908
0100 65.55813636363635
1000 65.64336363636363
0100 65.7285909090909
0010 65.81381818181818
0001 66.06949999999999
0010 66.15472727272727
0001 66.41040909090908
1000 66.49563636363635
0100 66.58086363636363
0010 66.6660909090909
0001 66.75131818181818
2000 66.83654545454546
3000 68.20018181818182
2002 69.73427272727272
0003 70.58654545454544
3001 70.92745454545455
0100 71.0979090909091
0001 71.26836363636365
1000 71.43881818181819
0100 71.60927272727274
1000 71.77972727272729
0100 71.95018181818182
0010 72.12063636363636
0001 72.29109090909091
1000 72.46154545454546
0010 72.632
0100 72.80245454545455
0001 72.9729090909091
1000 73.14336363636365
0001 73.31381818181818
0010 73.48427272727272
0100 73.65472727272727
1000 73.82518181818182
0100 73.99563636363636
0010 74.16609090909091
0100 74.33654545454546
1000 74.507
0001 74.67745454545454
0100 74.84790909090908
0001 75.01836363636363
1000 75.18881818181818
0100 75.35927272727272
2000 75.52972727272727
3002 75.70018181818182
0203 75.87063636363636
0320 76.0410909090909
2030 76.21154545454544
3001 76.382
0010 76.55245454545455
0001 76.7229090909091
1000 76.89336363636365
0010 77.06381818181819
1000 77.23427272727274
0001 77.40472727272727
0010 77.57518181818182
0100 77.74563636363636
1000 77.91609090909091
0100 78.08654545454546
0010 78.257
0001 78.42745454545455
1000 78.5979090909091
0010 78.76836363636363
0100 78.93881818181818
0001 79.10927272727272
0100 79.27972727272727
0001 79.45018181818182
1000 79.62063636363636
0001 79.79109090909091
0010 79.96154545454546
0100 80.13199999999999
1000 80.30245454545454
0001 80.47290909090908
1000 80.55813636363635
0001 80.64336363636363
1000 80.7285909090909
0001 80.81381818181818
1000 80.89904545454544
0001 80.98427272727272
1000 81.06949999999999
0100 81.15472727272727
1000 81.23995454545454
0100 81.32518181818182
1000 81.41040909090908
0100 81.49563636363635
1000 81.58086363636363
0100 81.6660909090909
1000 81.75131818181818
0001 81.83654545454546
1000 82.007
0010 82.17745454545455
0100 82.3479090909091
0010 82.51836363636365
1000 82.68881818181819
0001 82.85927272727272
0010 83.02972727272727
0100 83.20018181818182
1000 83.37063636363636
0100 83.54109090909091
0010 83.71154545454546
0001 83.882
0100 84.05245454545455
0010 84.22290909090908
0100 84.39336363636363
0001 84.56381818181818
0010 84.73427272727272
0001 84.90472727272727
1000 85.07518181818182
0100 85.24563636363636
0010 85.41609090909091
0100 85.58654545454544
1000 85.75699999999999
0010 85.92745454545454
0100 86.09790909090908
0001 86.26836363636363
2000 86.43881818181818
3200 86.60927272727272
0320 86.77972727272727
0032 86.9501818181818
2003 87.12063636363635
3001 87.29109090909091
0100 87.37631818181818
0001 87.46154545454546
0100 87.54677272727272
0001 87.632
0100 87.71722727272727
0001 87.80245454545455
0100 87.88768181818182
0010 87.9729090909091
1000 88.05813636363636
0010 88.14336363636365
1000 88.22859090909091
0010 88.31381818181818
1000 88.39904545454546
0010 88.48427272727272
1000 88.5695
0001 88.65472727272727
1000 88.73995454545454
0001 88.82518181818182
1000 88.91040909090908
0001 88.99563636363636
1000 89.08086363636363
0001 89.16609090909091
1000 89.25131818181818
0100 89.33654545454546
1000 89.42177272727272
0100 89.507
1000 89.59222727272727
0100 89.67745454545454
1000 89.76268181818182
0100 89.84790909090908
1000 89.93313636363636
0001 90.01836363636363
0010 90.1035909090909
0100 90.18881818181818
1000 90.27404545454544
0100 90.35927272727272
0010 90.44449999999999
0001 90.52972727272727
1000 90.61495454545454
0001 90.70018181818182
0100 90.78540909090908
0010 90.87063636363636
1000 90.95586363636363
0010 91.0410909090909
0100 91.12631818181818
0001 91.21154545454544
1000 91.29677272727272
0001 91.382
0010 91.55245454545455
0100 91.7229090909091
0010 91.89336363636365
0001 92.06381818181819
1000 92.3195
0010 92.57518181818182
0100 92.74563636363636
0001 92.91609090909091
1000 93.08654545454546
0001 93.257
1000 93.42745454545455
0100 93.5979090909091
0010 93.76836363636363
0001 93.93881818181818
1000 94.02404545454546
0010 94.10927272727272
0100 94.27972727272727
0001 94.45018181818182
1000 94.62063636363636
0100 94.70586363636363
0010 94.79109090909091
0100 94.96154545454546
1000 95.04677272727272
0001 95.13199999999999
0100 95.30245454545454
0010 95.38768181818182
0100 95.47290909090908
0001 95.64336363636363
1000 95.81381818181818
0100 95.98427272727272
0010 96.15472727272727
0001 96.32518181818182
1000 96.49563636363635
0010 96.6660909090909
0100 96.75131818181818
0001 96.83654545454546
1000 97.007
0010 97.17745454545455
1000 97.3479090909091
0001 97.43313636363636
0100 97.51836363636365
0010 97.68881818181819
1000 97.77404545454546
0001 97.85927272727272
1000 98.02972727272727
0100 98.11495454545455
0010 98.20018181818182
0001 98.37063636363636
1000 98.54109090909091
0010 98.71154545454546
0100 98.882
0001 99.05245454545455
1000 99.22290909090908
0100 99.39336363636363
0010 99.47859090909091
0001 99.56381818181818
1000 99.73427272727272
0010 99.90472727272727
0100 100.07518181818182
0001 100.16040909090908
0100 100.24563636363636
0001 100.41609090909091
1000 100.50131818181818
0001 100.58654545454544
1000 100.75699999999999
0100 100.84222727272727
0010 100.92745454545454
0001 101.09790909090908
1000 101.26836363636363
0010 101.43881818181818
0100 101.60927272727272
0001 101.77972727272727
1000 101.9501818181818
0100 102.12063636363635
1000 102.20586363636363
0100 102.29109090909091
0010 102.46154545454546
0001 102.632
1000 102.80245454545455
0001 102.88768181818182
0100 102.9729090909091
0010 103.14336363636365
0100 103.22859090909091
0001 103.31381818181818
1000 103.48427272727272
0010 103.5695
0100 103.65472727272727
0001 103.73995454545454
0100 103.82518181818182
0001 103.91040909090908
0100 103.99563636363636
0001 104.08086363636363
0100 104.16609090909091
0001 104.25131818181818
1000 104.33654545454546
0100 104.42177272727272
1000 104.507
0100 104.59222727272727
1000 104.67745454545454
0100 104.76268181818182
1000 104.84790909090908
0100 104.93313636363636
1000 105.01836363636363
3001 106.38199999999999
1001 108.42745454545455
1000 108.5979090909091
0010 108.68313636363636
1000 108.76836363636363
0001 108.93881818181818
0100 109.02404545454546
0001 109.10927272727272
0010 109.27972727272727
0100 109.45018181818182
1000 109.62063636363636
0001 109.79109090909091
1000 109.96154545454546
0010 110.13199999999999
0100 110.30245454545454
0001 110.47290909090908
1000 110.64336363636363
0001 110.81381818181818
0010 110.98427272727272
0100 111.15472727272727
1000 111.32518181818182
0100 111.49563636363635
0010 111.6660909090909
0100 111.83654545454546
1000 112.007
0001 112.17745454545455
0100 112.3479090909091
0010 112.51836363636365
0100 112.68881818181819
0001 112.85927272727272
1000 113.02972727272727
0001 113.20018181818182
0010 113.37063636363636
0100 113.54109090909091
1000 113.71154545454546
0001 113.882
0010 114.05245454545455
0100 114.22290909090908
0100 114.39336363636363
0100 114.56381818181818
0010 114.73427272727272
0001 114.90472727272727
1000 115.07518181818182
0010 115.24563636363636
0100 115.41609090909091
0010 115.58654545454544
1000 115.75699999999999
0001 115.92745454545454
0010 116.09790909090908
0001 116.26836363636363
1000 116.43881818181818
0010 116.60927272727272
0100 116.77972727272727
0010 116.9501818181818
1000 117.12063636363635
0001 117.29109090909091
0010 117.46154545454546
0100 117.632
0010 117.80245454545455
0100 117.9729090909091
1000 118.14336363636365
0001 118.31381818181818
1000 118.48427272727272
1100 118.65472727272727
1100 118.99563636363636
1100 119.33654545454546
1100 119.67745454545454
1100 120.01836363636363
0100 120.18881818181818
0010 120.35927272727272
0001 120.52972727272727
1000 120.70018181818182
0001 120.87063636363636
0100 121.0410909090909
0001 121.21154545454544
1000 121.38199999999999
0001 121.55245454545454
0100 121.72290909090908
0010 121.89336363636363
1000 122.06381818181818
0001 122.23427272727272
0010 122.40472727272726
0010 122.5751818181818
0010 122.74563636363636
0001 122.91609090909091
0010 123.08654545454546
0100 123.257
1000 123.42745454545455
1000 123.5979090909091
1000 123.76836363636363
1000 123.93881818181818
1000 124.10927272727272
0001 124.27972727272727
1000 124.45018181818182
0100 124.62063636363636
0010 124.70586363636363
0001 124.79109090909091
0100 124.96154545454546
0010 125.13199999999999
1000 125.30245454545454
0001 125.38768181818182
1000 125.47290909090908
0010 125.64336363636363
0100 125.81381818181818
0100 125.98427272727272
0100 126.15472727272727
0001 126.41040909090908
1000 126.6660909090909
0010 126.83654545454544
1000 127.00699999999999
0001 127.17745454545454
0001 127.34790909090908
0001 127.51836363636363
0010 127.77404545454544
0100 128.02972727272726
0010 128.20018181818182
0001 128.28540909090907
0010 128.37063636363635
0001 128.45586363636363
0010 128.5410909090909
0001 128.62631818181816
0010 128.71154545454544
0001 128.79677272727272
1000 128.882
0001 128.96722727272726
1000 129.05245454545454
0001 129.13768181818182
1000 129.22290909090907
0001 129.30813636363635
1000 129.39336363636363
0001 129.4785909090909
1000 129.56381818181816
3001 130.92745454545454
0100 131.09790909090907
0010 131.26836363636363
1000 131.43881818181816
0001 131.60927272727272
0010 131.77972727272726
0100 131.86495454545454
0100 132.03540909090907
1000 132.12063636363635
0001 132.2910909090909
0100 132.46154545454544
0010 132.632
1000 132.80245454545454
0001 132.9729090909091
1000 133.14336363636363
0100 133.2285909090909
0100 133.39904545454544
0010 133.48427272727272
0100 133.65472727272726
1000 133.8251818181818
0001 133.99563636363635
0100 134.16609090909088
0001 134.33654545454544
0100 134.50699999999998
0010 134.59222727272726
0010 134.7626818181818
1000 134.84790909090907
0001 134.93313636363635
1000 135.01836363636363
0100 135.18881818181816
0010 135.27404545454544
0010 135.4445
0001 135.52972727272726
1000 135.70018181818182
0001 135.87063636363635
0100 135.95586363636363
0100 136.12631818181816
0001 136.21154545454544
0010 136.382
0100 136.55245454545454
0010 136.7229090909091
0001 136.89336363636363
1000 137.0638181818182
0010 137.23427272727272
0100 137.3195
0100 137.48995454545454
0001 137.57518181818182
1000 137.74563636363635
0001 137.91609090909088
0100 138.00131818181816
0100 138.17177272727272
0010 138.25699999999998
1000 138.42745454545454
0001 138.59790909090907
0010 138.68313636363635
0010 138.85359090909088
0001 138.93881818181816
1000 139.10927272727272
0100 139.1945
1000 139.27972727272726
0100 139.36495454545454
1000 139.45018181818182
0100 139.5354090909091
1000 139.62063636363635
0100 139.70586363636363
0010 139.7910909090909
0001 139.8763181818182
0010 139.96154545454544
0001 140.04677272727272
0010 140.132
0001 140.21722727272726
0010 140.30245454545454
0001 140.38768181818182
1000 140.4729090909091
0100 140.55813636363638
1000 140.64336363636363
3001 140.8138181818182
0100 140.89904545454547
0001 140.98427272727272
1003 141.15472727272729
0100 141.23995454545457
1000 141.32518181818182
3001 141.49563636363638
1003 141.83654545454544
