TITLE Unbroken Circle
BPM   220.0
NOTES
0001 8.735272727272726
0010 8.871636363636362
0100 9.008
1000 9.212545454545452
0001 9.28072727272727
0010 9.417090909090907
0001 9.553454545454544
1000 9.826181818181816
0100 9.962545454545452
0010 10.098909090909089
0100 10.303454545454542
1000 10.37163636363636
0100 10.507999999999997
1000 10.644363636363634
0001 10.917090909090907
0100 11.053454545454544
0010 11.18981818181818
1000 11.394363636363634
0100 11.462545454545452
1000 11.598909090909089
0001 11.735272727272726
0010 12.008
0100 12.144363636363636
1000 12.280727272727272
0100 12.485272727272726
1000 12.553454545454544
0001 12.621636363636362
1000 12.68981818181818
0001 12.758
1000 12.826181818181817
0001 12.962545454545454
0100 13.098909090909089
0010 13.235272727272726
1000 13.371636363636362
0100 13.576181818181816
0010 13.644363636363634
0001 13.78072727272727
1000 13.917090909090907
0001 14.189818181818179
0100 14.326181818181816
0010 14.462545454545452
1000 14.667090909090906
0001 14.735272727272724
0100 14.87163636363636
0010 15.007999999999997
1000 15.28072727272727
1000 15.417090909090907
0100 15.553454545454544
0100 15.689818181818179
0010 15.826181818181816
0010 15.962545454545452
0001 16.09890909090909
0001 16.235272727272726
2000 16.371636363636362
3001 16.644363636363636
0001 16.780727272727272
0010 16.91709090909091
0010 17.053454545454546
0001 17.18981818181818
1001 17.462545454545452
1010 17.871636363636362
0010 18.28072727272727
1000 18.417090909090906
1001 18.553454545454542
0110 18.962545454545452
0001 19.37163636363636
1000 19.507999999999996
1001 19.644363636363632
1100 20.053454545454542
1000 20.46254545454545
0100 20.598909090909086
1000 20.735272727272726
0001 20.803454545454542
1000 20.871636363636362
0100 20.93981818181818
0010 21.008
0001 21.076181818181816
0010 21.144363636363636
0001 21.212545454545452
1000 21.280727272727272
0001 21.34890909090909
1000 21.417090909090906
0010 21.485272727272726
1000 21.553454545454542
0010 21.621636363636362
0100 21.68981818181818
0001 21.758
0100 21.826181818181816
0101 22.235272727272726
1000 22.644363636363632
0010 22.78072727272727
1010 22.917090909090906
1001 23.326181818181816
0001 23.735272727272722
0010 23.87163636363636
0011 24.008
1100 24.41709090909091
0100 24.826181818181816
1000 24.962545454545452
0001 25.09890909090909
0010 25.167090909090906
0100 25.235272727272726
0010 25.303454545454542
0100 25.371636363636362
1000 25.43981818181818
0001 25.508
1000 25.576181818181816
0001 25.644363636363636
0100 25.712545454545452
0010 25.780727272727272
0100 25.917090909090906
0001 26.053454545454542
1001 26.18981818181818
1010 26.59890909090909
1000 27.007999999999996
0001 27.144363636363632
1001 27.28072727272727
1100 27.68981818181818
0100 28.098909090909086
0010 28.235272727272722
0110 28.37163636363636
0011 28.78072727272727
0001 29.189818181818175
1000 29.326181818181812
0010 29.462545454545452
1000 29.53072727272727
0001 29.59890909090909
1000 29.667090909090906
0001 29.735272727272726
0100 29.803454545454542
0010 29.871636363636362
2000 29.93981818181818
3001 30.008
1000 30.076181818181816
0100 30.144363636363632
0010 30.212545454545452
0001 30.28072727272727
0010 30.34890909090909
0100 30.417090909090906
1000 30.485272727272726
0001 30.553454545454542
0011 30.962545454545452
1000 31.37163636363636
0100 31.507999999999996
1100 31.644363636363632
0110 32.05345454545454
0001 32.462545454545456
1000 32.59890909090909
1001 32.73527272727273
1010 33.144363636363636
1000 33.55345454545455
0010 33.68981818181818
0100 33.826181818181816
0001 33.96254545454545
1000 34.09890909090909
0100 34.23527272727272
0010 34.30345454545454
0001 34.37163636363636
0010 34.43981818181818
0001 34.507999999999996
0010 34.576181818181816
0100 34.644363636363636
1000 34.71254545454545
0100 34.78072727272727
1100 34.91709090909091
1001 35.326181818181816
0002 35.73527272727273
0013 35.87163636363636
1100 36.008
1010 36.41709090909091
0001 36.82618181818182
0100 36.962545454545456
1010 37.09890909090909
1001 37.507999999999996
1000 37.91709090909091
0010 38.05345454545454
0100 38.18981818181818
0001 38.258
0100 38.326181818181816
0001 38.394363636363636
1000 38.462545454545456
0001 38.530727272727276
1000 38.59890909090909
0100 38.66709090909091
0010 38.73527272727273
0001 38.80345454545455
1000 38.87163636363636
0100 38.93981818181818
0010 39.008
0001 39.076181818181816
1000 39.144363636363636
0001 39.212545454545456
1000 39.28072727272727
0110 39.689818181818175
1000 40.09890909090909
0001 40.23527272727272
0110 40.37163636363636
1001 40.78072727272727
1000 41.18981818181818
0100 41.326181818181816
1001 41.462545454545456
1100 41.87163636363636
0100 42.280727272727276
0010 42.41709090909091
0001 42.55345454545454
1000 42.62163636363636
0010 42.689818181818175
1000 42.757999999999996
0010 42.826181818181816
0100 42.894363636363636
0001 42.96254545454545
1000 43.03072727272727
0100 43.09890909090909
0010 43.16709090909091
0100 43.23527272727272
1000 43.37163636363636
0001 43.507999999999996
0011 43.644363636363636
1100 44.05345454545454
1000 44.462545454545456
0100 44.59890909090909
0011 44.73527272727273
1100 45.144363636363636
0200 45.55345454545455
0310 45.68981818181818
1001 45.826181818181816
0011 46.23527272727272
0001 46.644363636363636
0100 46.78072727272727
0010 46.91709090909091
0100 46.98527272727273
0001 47.05345454545454
0100 47.12163636363636
0010 47.18981818181818
1000 47.258
0001 47.326181818181816
2000 47.394363636363636
3001 47.462545454545456
1000 47.530727272727276
0001 47.59890909090909
0010 47.66709090909091
0001 47.73527272727273
0010 47.80345454545454
0100 47.87163636363636
1000 47.93981818181818
0200 48.008
0300 48.144363636363636
1100 48.41709090909091
0001 48.82618181818182
0010 48.962545454545456
1002 49.09890909090909
0003 49.23527272727272
1010 49.507999999999996
0001 49.91709090909091
0100 50.05345454545454
0102 50.18981818181818
0003 50.326181818181816
1001 50.59890909090909
0002 50.73527272727273
0023 50.87163636363636
0230 51.008
2300 51.144363636363636
3001 51.28072727272727
0010 51.4170909090909
0100 51.55345454545454
1000 51.689818181818175
0100 51.757999999999996
0010 51.826181818181816
0001 51.894363636363636
1000 51.96254545454545
0001 52.03072727272727
0010 52.09890909090909
0100 52.1670909090909
1000 52.23527272727272
0002 52.37163636363636
2003 52.576181818181816
3000 52.91709090909091
0002 53.326181818181816
0203 53.462545454545456
0320 53.66709090909091
2030 53.73527272727273
3002 53.93981818181818
0203 54.008
0300 54.280727272727276
0002 54.55345454545454
2003 54.826181818181816
3020 55.37163636363636
0130 55.91709090909091
0200 56.05345454545454
0302 56.326181818181816
1003 56.73527272727272
0100 57.14436363636363
0010 57.55345454545454
0001 57.689818181818175
1000 57.826181818181816
0100 58.23527272727272
1000 58.644363636363636
0100 58.78072727272727
0010 58.91709090909091
0001 59.326181818181816
1000 59.73527272727273
0001 59.87163636363636
1000 60.007999999999996
0100 60.4170909090909
0010 60.689818181818175
0001 60.826181818181816
1000 60.96254545454545
0010 61.09890909090909
0100 61.507999999999996
0001 61.91709090909091
1000 62.18981818181818
0100 62.59890909090909
0010 63.008
0100 63.144363636363636
1000 63.28072727272727
0001 63.689818181818175
0100 64.09890909090907
0010 64.37163636363636
1000 64.78072727272726
0010 65.05345454545454
1000 65.18981818181817
0010 65.32618181818181
0100 65.46254545454545
0001 65.87163636363636
0100 66.28072727272726
0010 66.4170909090909
1000 66.55345454545454
0010 66.96254545454545
0100 67.37163636363636
0001 67.508
0010 67.64436363636362
0001 68.05345454545453
1000 68.46254545454543
0100 68.59890909090907
0010 68.73527272727272
0001 69.14436363636362
1000 69.28072727272726
0100 69.34890909090907
0010 69.4170909090909
0001 69.48527272727272
0010 69.55345454545453
0001 69.82618181818181
1000 69.96254545454545
1001 70.09890909090907
0001 70.23527272727272
0010 70.37163636363636
0011 70.508
0001 70.64436363636362
1000 70.71254545454545
0001 70.78072727272726
1000 70.84890909090907
0002 70.9170909090909
0023 71.05345454545454
0230 71.258
2300 71.46254545454545
3001 71.6670909090909
0200 71.73527272727272
0301 72.008
0010 72.14436363636364
0001 72.28072727272726
1000 72.4170909090909
1001 72.55345454545454
0001 72.68981818181818
2000 72.82618181818181
3001 73.09890909090907
0010 73.23527272727272
0100 73.37163636363634
1000 73.50799999999998
0001 73.64436363636362
0100 73.78072727272726
0010 73.84890909090907
0100 73.91709090909089
0001 74.05345454545453
1000 74.12163636363634
0001 74.18981818181817
0010 74.32618181818181
0110 74.46254545454543
0100 74.59890909090907
1000 74.73527272727272
1001 74.87163636363636
0001 75.00799999999998
0010 75.07618181818181
0001 75.14436363636362
0010 75.21254545454543
0100 75.28072727272726
1000 75.4170909090909
0001 75.55345454545453
0100 75.62163636363636
0010 75.68981818181817
1000 75.82618181818181
0010 75.96254545454545
1000 76.09890909090907
0001 76.23527272727272
1000 76.37163636363636
0100 76.508
0010 76.64436363636362
0001 76.78072727272726
0010 76.84890909090909
0200 76.98527272727272
2300 77.18981818181817
3002 77.39436363636362
0023 77.6670909090909
0130 77.87163636363636
1000 78.008
0001 78.07618181818181
1000 78.14436363636364
0001 78.21254545454545
1000 78.28072727272726
1000 78.4170909090909
0001 78.55345454545453
0010 78.68981818181817
0100 78.8261818181818
1000 78.96254545454543
0001 79.09890909090907
1000 79.23527272727272
0010 79.37163636363634
1000 79.43981818181817
0010 79.50799999999998
1000 79.5761818181818
0001 79.64436363636362
0010 79.78072727272726
0100 79.84890909090907
1000 79.91709090909089
0100 79.98527272727272
0010 80.05345454545453
0001 80.18981818181817
1000 80.25799999999998
0001 80.32618181818181
0100 80.46254545454543
0010 80.59890909090907
1000 80.73527272727272
0001 80.87163636363636
1000 81.00799999999998
0010 81.14436363636362
0100 81.28072727272726
0010 81.4170909090909
1000 81.55345454545453
0001 81.62163636363636
0010 81.68981818181817
0001 81.75799999999998
0010 81.82618181818181
0001 81.96254545454545
1000 82.03072727272726
0001 82.09890909090907
1000 82.1670909090909
0010 82.23527272727272
0100 82.37163636363636
0001 82.508
2000 82.64436363636362
3001 82.9170909090909
0010 83.05345454545454
0001 83.18981818181817
1000 83.32618181818181
0001 83.46254545454545
0010 83.59890909090909
0100 83.73527272727272
1000 83.80345454545454
0100 83.87163636363636
0010 83.93981818181817
0001 84.008
0010 84.14436363636364
0100 84.21254545454545
1000 84.28072727272726
0100 84.34890909090909
1000 84.4170909090909
0001 84.55345454545454
0100 84.62163636363636
0001 84.68981818181818
1000 84.82618181818181
0010 84.96254545454545
0100 85.09890909090907
0001 85.23527272727272
1000 85.37163636363634
0100 85.50799999999998
0010 85.57618181818181
0001 85.64436363636362
1000 85.78072727272726
0001 85.91709090909089
0010 86.05345454545453
0100 86.12163636363634
1000 86.18981818181817
0001 86.32618181818181
0010 86.39436363636362
0100 86.46254545454543
0010 86.53072727272726
0100 86.59890909090907
1000 86.73527272727272
0001 86.80345454545453
1000 86.87163636363636
0001 86.93981818181817
0100 87.00799999999998
0010 87.14436363636362
0100 87.28072727272726
0001 87.4170909090909
1000 87.55345454545453
0010 87.68981818181817
0100 87.82618181818181
0001 87.96254545454545
1000 88.09890909090907
0100 88.1670909090909
0010 88.23527272727272
0100 88.30345454545453
1000 88.37163636363636
0001 88.508
1000 88.57618181818181
0002 88.64436363636362
1003 88.71254545454545
0100 88.78072727272726
0010 88.9170909090909
0001 88.98527272727272
0010 89.05345454545454
0001 89.12163636363636
1000 89.18981818181817
0002 89.32618181818181
0003 89.39436363636362
1000 89.46254545454545
0001 89.59890909090909
0010 89.73527272727272
0001 89.87163636363636
1000 90.008
0010 90.14436363636364
0100 90.28072727272726
0001 90.34890909090909
0100 90.4170909090909
0001 90.48527272727272
1000 90.55345454545453
0001 90.68981818181817
0010 90.75799999999998
0001 90.8261818181818
0010 90.89436363636362
0100 90.96254545454543
1000 91.09890909090907
0001 91.16709090909089
1000 91.23527272727272
0001 91.30345454545453
0010 91.37163636363634
0100 91.50799999999998
1000 91.64436363636362
0100 91.78072727272726
0010 91.91709090909089
0001 92.05345454545453
2000 92.18981818181817
3200 92.32618181818181
0320 92.46254545454543
0031 92.73527272727272
1000 92.87163636363636
0001 92.93981818181817
1000 93.00799999999998
0001 93.07618181818181
0010 93.14436363636362
0100 93.28072727272726
1000 93.34890909090907
0100 93.4170909090909
0010 93.55345454545453
0100 93.68981818181817
1000 93.82618181818181
1000 93.96254545454545
0001 94.09890909090907
0100 94.23527272727272
0010 94.37163636363636
0010 94.508
1000 94.64436363636362
0100 94.78072727272726
0010 94.9170909090909
0001 95.05345454545454
0010 95.12163636363636
0100 95.18981818181817
1000 95.258
0001 95.32618181818181
1000 95.39436363636364
0001 95.46254545454545
1000 95.53072727272726
0001 95.59890909090909
2000 95.73527272727272
3100 96.008
0010 96.14436363636364
0011 96.28072727272726
0001 96.4170909090909
1000 96.55345454545454
1100 96.68981818181818
0100 96.82618181818181
1000 96.89436363636364
0001 96.96254545454545
0010 97.03072727272726
0200 97.09890909090907
2300 97.23527272727272
3002 97.43981818181817
2003 97.64436363636362
3100 97.84890909090907
0020 97.91709090909089
0130 98.18981818181817
0010 98.32618181818181
0001 98.46254545454543
0010 98.59890909090907
0110 98.73527272727272
0100 98.87163636363636
2000 99.00799999999998
3001 99.28072727272726
1000 99.4170909090909
0001 99.55345454545453
1000 99.68981818181817
0100 99.82618181818181
0010 99.96254545454545
0001 100.03072727272726
1000 100.09890909090907
0001 100.23527272727272
1000 100.30345454545453
0100 100.37163636363636
0010 100.508
0011 100.64436363636362
0001 100.78072727272726
1000 100.9170909090909
1100 101.05345454545454
0100 101.18981818181817
0010 101.258
0100 101.32618181818181
0010 101.39436363636362
0001 101.46254545454545
1000 101.59890909090909
0001 101.73527272727272
0010 101.80345454545454
0100 101.87163636363636
0010 102.008
0001 102.14436363636364
1000 102.28072727272726
0010 102.4170909090909
0100 102.55345454545453
0010 102.68981818181817
1000 102.8261818181818
0001 102.96254545454543
1000 103.03072727272726
0020 103.16709090909089
2030 103.37163636363634
3002 103.5761818181818
2003 103.84890909090907
3100 104.05345454545453
0010 104.18981818181817
0001 104.25799999999998
0010 104.32618181818181
0001 104.39436363636362
1000 104.46254545454543
0001 104.73527272727272
0010 104.87163636363636
0001 105.00799999999998
1000 105.14436363636362
0100 105.28072727272726
0010 105.4170909090909
0001 105.55345454545453
1000 105.62163636363636
0001 105.68981818181817
1000 105.75799999999998
0100 105.82618181818181
0010 105.96254545454545
0001 106.03072727272726
0010 106.09890909090907
0100 106.1670909090909
1000 106.23527272727272
0001 106.37163636363636
0100 106.43981818181817
0001 106.508
1000 106.64436363636362
0010 106.78072727272726
0100 106.9170909090909
0001 107.05345454545454
1000 107.18981818181817
0001 107.32618181818181
0010 107.46254545454545
0100 107.59890909090909
1000 107.73527272727272
0001 107.80345454545454
0100 107.87163636363636
0001 107.93981818181817
0100 108.00799999999998
0010 108.14436363636362
0100 108.21254545454543
0001 108.28072727272725
0100 108.34890909090907
0010 108.41709090909089
1000 108.55345454545453
0100 108.68981818181817
0020 108.8261818181818
0031 109.09890909090907
0010 109.23527272727272
0100 109.37163636363634
1000 109.50799999999998
0100 109.64436363636362
0010 109.78072727272726
0100 109.91709090909089
1000 109.98527272727272
0001 110.05345454545453
0010 110.12163636363634
0100 110.18981818181817
1000 110.32618181818181
0100 110.39436363636362
0010 110.46254545454543
0001 110.53072727272726
1000 110.59890909090907
0001 110.73527272727272
1000 110.80345454545453
0100 110.87163636363636
0010 111.00799999999998
0001 111.14436363636362
1000 111.28072727272726
0010 111.4170909090909
1000 111.55345454545453
0010 111.68981818181817
0100 111.758
0001 111.82618181818181
0100 111.96254545454545
0001 112.09890909090907
1000 112.23527272727272
0100 112.30345454545453
1000 112.37163636363636
0001 112.508
0100 112.57618181818181
0001 112.64436363636362
1000 112.71254545454545
0010 112.78072727272726
0100 112.9170909090909
0001 113.05345454545454
0100 113.18981818181817
0001 113.32618181818181
0010 113.46254545454543
0100 113.59890909090907
1000 113.7352727272727
0100 113.87163636363634
0010 114.00799999999998
0001 114.14436363636362
1000 114.28072727272725
0001 114.34890909090907
0010 114.41709090909089
0001 114.4852727272727
0010 114.55345454545453
0100 114.68981818181817
0100 114.8261818181818
1000 115.09890909090907
0001 115.16709090909089
0010 115.23527272727272
0100 115.30345454545453
0010 115.37163636363634
0002 115.50799999999998
0003 115.5761818181818
1000 115.64436363636362
0100 115.78072727272726
0010 115.91709090909089
0100 116.05345454545453
0010 116.18981818181817
0001 116.32618181818181
1000 116.46254545454543
0100 116.53072727272726
1000 116.59890909090907
0100 116.66709090909089
0010 116.73527272727272
0001 116.87163636363636
1000 116.93981818181817
0001 117.00799999999998
0010 117.07618181818181
0100 117.14436363636362
1000 117.28072727272726
0010 117.34890909090907
0100 117.4170909090909
0001 117.48527272727272
0100 117.55345454545453
0020 117.68981818181817
1030 117.82618181818181
0001 117.96254545454545
0010 118.09890909090907
0001 118.23527272727272
1000 118.37163636363636
0010 118.43981818181817
1000 118.508
0010 118.57618181818181
2000 118.64436363636362
3001 118.9170909090909
1000 119.05345454545454
0100 119.12163636363636
0010 119.18981818181817
0001 119.258
0010 119.32618181818181
0001 119.46254545454545
1000 119.53072727272726
0001 119.59890909090909
0100 119.73527272727272
0010 119.87163636363636
1000 120.00799999999998
1000 120.14436363636362
0001 120.28072727272725
0010 120.41709090909089
0100 120.55345454545453
0100 120.68981818181817
1000 120.8261818181818
0001 120.96254545454543
1000 121.09890909090907
0001 121.23527272727272
1000 121.30345454545453
0001 121.37163636363634
0100 121.43981818181817
0010 121.50799999999998
0100 121.57618181818181
0010 121.64436363636362
0100 121.71254545454543
0010 121.78072727272726
1000 121.91709090909089
0100 121.98527272727272
0010 122.05345454545453
0001 122.12163636363634
0230 122.40799999999999
2300 122.69890909090908
3002 123.82618181818181
2003 124.09890909090907
3000 124.64436363636362
