TITLE Very Very Very
BPM   206.0
NOTES
1000 6.107504854368931
0100 6.253135922330096
2000 6.398766990291261
3000 6.471582524271843
0001 6.9812912621359215
1000 7.418184466019417
0010 7.8550776699029115
0100 8.037116504854367
0001 8.146339805825242
1000 8.437601941747573
0010 8.583233009708737
0100 8.874495145631068
0010 9.020126213592233
2000 9.311388349514562
3000 9.347796116504853
0001 9.457019417475728
1000 9.602650485436893
0020 9.748281553398057
0030 9.784689320388349
1000 9.893912621359222
0100 10.039543689320388
1000 10.185174757281553
0001 10.330805825242717
0100 10.476436893203882
0001 10.622067961165047
0020 10.767699029126213
0030 10.804106796116503
0002 10.913330097087377
0003 10.949737864077669
2000 11.058961165048542
3000 11.095368932038834
0020 11.204592233009707
0030 11.240999999999998
2000 11.350223300970873
3000 11.386631067961163
0001 11.495854368932036
0100 11.56866990291262
0002 11.641485436893202
0003 11.677893203883492
2000 11.787116504854367
3000 11.823524271844658
0010 11.932747572815533
1000 12.078378640776696
0002 12.224009708737862
0003 12.260417475728154
1000 12.369640776699027
0020 12.515271844660193
0030 12.551679611650483
0200 12.660902912621356
0300 12.697310679611649
0002 12.806533980582524
0003 12.842941747572814
0010 12.952165048543689
0002 13.097796116504854
0003 13.134203883495145
2000 13.243427184466018
3000 13.27983495145631
0200 13.389058252427184
0300 13.425466019417476
2000 13.534689320388349
3000 13.57109708737864
0020 13.680320388349514
0030 13.716728155339805
1000 13.82595145631068
0001 13.89876699029126
2000 13.971582524271843
3000 14.007990291262134
0001 14.117213592233009
1000 14.262844660194174
0200 14.408475728155338
0300 14.44488349514563
1000 14.554106796116503
0001 14.699737864077669
0100 14.845368932038834
0001 14.991
0010 15.136631067961163
0001 15.282262135922329
2000 15.427893203883494
3000 15.464300970873785
0020 15.573524271844658
0030 15.60993203883495
2000 15.719155339805823
3000 15.755563106796115
0002 15.864786407766989
0003 15.90119417475728
0200 16.010417475728154
0300 16.046825242718445
0020 16.15604854368932
0030 16.19245631067961
1000 16.2288640776699
0002 16.301679611650485
0003 16.338087378640775
1000 16.374495145631066
0001 16.44731067961165
0100 16.52012621359223
0010 16.592941747572816
1000 16.665757281553397
0001 16.73857281553398
1000 16.811388349514562
0100 16.884203883495147
0010 16.957019417475728
0100 17.02983495145631
1000 17.102650485436893
0001 17.175466019417474
0010 17.24828155339806
0100 17.32109708737864
1000 17.393912621359224
0010 17.466728155339805
1000 17.61235922330097
0100 17.757990291262136
1000 17.9036213592233
0010 18.049252427184467
1000 18.19488349514563
0001 18.267699029126213
2000 18.340514563106794
3000 18.48614563106796
0001 18.52255339805825
1000 18.631776699029125
0001 18.81381553398058
1000 18.923038834951456
0001 19.10507766990291
1000 19.214300970873786
0001 19.396339805825242
1000 20.088087378640775
0010 20.27012621359223
1000 20.379349514563106
0010 20.561388349514562
1000 20.670611650485434
0010 20.85265048543689
1000 20.961873786407764
0001 21.14391262135922
1000 21.253135922330095
0001 21.43517475728155
1000 21.544398058252426
0001 21.726436893203882
2000 22.418184466019415
3000 22.709446601941746
1000 22.891485436893202
0002 23.000708737864073
0003 23.037116504854367
1000 23.18274757281553
0001 23.291970873786404
0010 23.47400970873786
0100 23.583233009708735
1000 23.76527184466019
0100 23.874495145631066
0010 24.056533980582522
0001 24.165757281553393
1000 24.347796116504853
0010 24.457019417475728
1000 24.74828155339806
0100 24.893912621359224
1000 25.03954368932039
0001 25.330805825242717
0100 25.622067961165047
0010 25.91333009708738
0100 26.20459223300971
0002 26.495854368932036
0003 27.224009708737864
1000 27.660902912621356
0001 27.952165048543687
0010 28.134203883495143
0001 28.243427184466018
0010 28.425466019417474
0001 28.53468932038835
0010 28.716728155339805
0001 29.408475728155338
1000 29.590514563106794
0001 29.69973786407767
1000 29.881776699029125
0001 29.990999999999996
1000 30.173038834951456
0001 30.282262135922327
0100 30.464300970873783
0010 30.573524271844658
0100 30.755563106796114
0010 30.86478640776699
0100 31.046825242718445
0001 31.447310679611647
0002 31.738572815533978
0003 32.02983495145631
1000 32.211873786407764
0001 32.32109708737864
1000 32.503135922330095
0001 32.61235922330097
0100 32.794398058252426
0010 32.9036213592233
1000 33.08566019417476
0010 33.19488349514563
0100 33.37692233009709
0001 33.48614563106796
1000 33.66818446601942
0100 33.77740776699029
0010 33.92303883495145
0002 34.06866990291262
0003 34.21430097087378
2000 34.35993203883495
3000 34.50556310679611
0200 34.65119417475728
0300 34.79682524271844
2000 34.94245631067961
3000 35.08808737864077
0020 35.23371844660194
0030 35.3793495145631
0200 35.52498058252427
0300 35.670611650485434
0002 35.8162427184466
0003 36.54439805825242
1000 36.69002912621359
0010 36.83566019417475
0100 36.90847572815533
0001 36.98129126213592
1000 37.12692233009708
0001 37.27255339805825
1000 37.56381553398058
0001 37.70944660194174
0010 37.85507766990291
0100 38.00070873786407
1000 38.14633980582524
0010 38.43760194174757
1000 38.728864077669904
0001 39.311388349514566
0100 39.45701941747573
0010 39.60265048543689
1000 39.93552149791955
0100 40.60126352288488
0001 40.76769902912621
1000 41.058961165048544
0010 41.350223300970875
0200 41.641485436893205
0300 41.78711650485437
0001 42.22400970873786
0010 42.36964077669902
0100 42.51527184466019
1000 42.66090291262135
0010 42.80653398058252
0100 43.09779611650485
0001 43.38905825242718
1000 43.971582524271845
0010 44.11721359223301
1000 44.26284466019417
0100 44.5541067961165
0010 44.84536893203883
0001 45.13663106796116
1000 45.42789320388349
0001 45.71915533980582
0010 46.010417475728154
0100 46.301679611650485
1000 46.88420388349514
0100 47.0298349514563
0010 47.17546601941747
0100 47.32109708737863
1000 47.4667281553398
0001 47.64876699029126
0100 47.75799029126213
0300 47.77619417475728
0010 48.04925242718446
1000 48.631776699029125
0100 48.81381553398058
1000 48.923038834951456
0001 49.214300970873786
0010 49.79682524271845
0100 49.94245631067961
0010 50.08808737864077
0001 50.3793495145631
0010 50.670611650485434
0100 50.961873786407764
1000 51.544398058252426
0001 51.83566019417476
1000 51.98129126213592
0010 52.12692233009709
1000 52.27255339805825
0100 52.41818446601941
0010 52.70944660194174
0001 53.291970873786404
0100 53.437601941747566
0010 53.583233009708735
0100 53.874495145631066
0001 54.1657572815534
0001 54.45701941747573
1000 54.74828155339805
0100 55.03954368932038
0010 55.33080582524271
0200 55.622067961165044
0300 55.913330097087375
2000 56.204592233009706
3000 56.35022330097087
0002 56.78711650485437
0003 56.85993203883495
0200 57.0783786407767
0300 57.096582524271845
0010 57.22400970873786
2000 57.36964077669903
3000 57.387844660194176
0010 57.51527184466019
0200 57.66090291262136
0300 57.67910679611651
0010 57.80653398058252
2000 57.95216504854369
3000 57.97036893203883
2000 58.243427184466015
3000 58.68032038834951
0100 58.753135922330095
2000 59.11721359223301
3000 59.19002912621359
0010 59.40847572815534
1000 59.62692233009709
0001 59.84536893203883
0010 60.28226213592233
0100 60.42789320388349
1000 60.573524271844654
0100 61.01041747572815
1000 61.44731067961165
0001 61.59294174757281
0100 61.73857281553398
0010 62.17546601941747
1000 62.61235922330097
0001 62.75799029126213
1000 62.903621359223294
0010 63.194883495145625
0100 63.486145631067956
0010 63.77740776699029
1000 64.06866990291262
0001 64.35993203883494
0010 64.65119417475728
0100 64.9424563106796
1100 65.23371844660194
2000 65.52498058252426
3000 65.67061165048544
0002 66.10750485436893
0003 66.2531359223301
1000 66.39876699029126
0010 66.54439805825243
1000 66.69002912621359
0010 66.83566019417476
1000 66.98129126213593
0010 67.12692233009709
0100 67.27255339805825
0002 67.56381553398057
0003 67.8550776699029
0020 68.00070873786407
0030 68.36478640776699
0001 68.43760194174756
1000 68.7288640776699
0001 69.02012621359222
1000 69.31138834951456
0100 69.60265048543688
0010 69.89391262135922
0001 70.03954368932038
1000 70.18517475728154
0001 70.33080582524272
1000 70.47643689320388
0001 70.62206796116504
0100 70.7676990291262
0001 70.91333009708738
0010 71.05896116504854
0001 71.2045922330097
0100 71.35022330097087
0001 71.49585436893204
1000 71.6414854368932
0010 71.78711650485437
1000 71.93274757281553
0100 72.0783786407767
0010 72.15119417475728
0001 72.22400970873785
1000 72.29682524271844
0001 72.36964077669901
0100 72.4424563106796
0010 72.51527184466018
1000 72.58808737864076
0001 72.66090291262135
1000 72.73371844660193
0100 72.80653398058251
0010 72.87934951456309
0100 72.95216504854368
1000 73.02498058252426
0001 73.09779611650484
1000 73.17061165048543
0001 73.24342718446601
0100 73.31624271844659
0010 73.38905825242718
2000 73.6803203883495
3000 73.82595145631068
0010 73.97158252427184
2000 74.26284466019416
3000 74.48129126213591
0001 74.5541067961165
1000 74.73614563106796
0001 74.84536893203882
1000 75.02740776699028
0001 75.13663106796116
1000 75.31866990291262
0001 76.01041747572815
0100 76.1924563106796
0001 76.30167961165048
0100 76.48371844660194
0001 76.59294174757281
0100 76.77498058252426
0001 76.88420388349515
1000 77.0662427184466
0001 77.17546601941747
1000 77.35750485436893
0001 77.46672815533981
1000 77.64876699029126
0002 78.34051456310678
0003 78.63177669902912
1000 78.81381553398057
0002 78.92303883495144
0003 78.95944660194174
1000 79.1050776699029
0001 79.21430097087378
0100 79.39633980582524
0010 79.5055631067961
1000 79.68760194174756
0010 79.79682524271844
0100 79.9788640776699
0001 80.08808737864076
1000 80.27012621359222
0100 80.3793495145631
0010 80.56138834951456
0001 80.67061165048543
0100 80.8162427184466
0001 80.96187378640776
1000 81.25313592233009
0100 81.54439805825243
0010 81.83566019417475
0100 82.12692233009709
2000 82.41818446601941
3000 83.14633980582524
0001 83.58323300970872
1000 83.76527184466018
0001 83.87449514563106
0010 84.05653398058251
0001 84.16575728155338
0010 84.34779611650484
0001 84.45701941747572
0010 84.63905825242718
0001 85.3308058252427
1000 85.51284466019416
0001 85.62206796116504
1000 85.8041067961165
0001 85.91333009708737
1000 86.09536893203882
0001 86.2045922330097
0100 86.38663106796116
0010 86.49585436893203
0100 86.67789320388349
0010 86.78711650485437
0100 86.96915533980582
0001 87.36964077669903
0002 87.66090291262135
0003 87.95216504854369
1000 88.13420388349515
0001 88.24342718446601
1000 88.42546601941747
0001 88.53468932038834
0100 88.7167281553398
0010 88.82595145631066
1000 89.00799029126212
0010 89.117213592233
0100 89.29925242718446
0001 89.40847572815532
1000 89.59051456310678
0100 89.69973786407766
0010 89.84536893203882
0002 89.99099999999999
0003 90.13663106796116
2000 90.28226213592232
3000 90.35507766990291
0100 90.57352427184465
1000 90.86478640776699
0010 91.15604854368931
0100 91.44731067961165
0002 91.73857281553397
0003 92.46672815533981
2000 92.61842718446601
3000 92.83080582524272
0001 93.04925242718447
0100 93.19488349514562
0001 93.34051456310678
0010 93.48614563106794
0100 93.63177669902912
0010 93.77740776699028
0001 93.92303883495144
0010 94.21430097087378
0100 94.35993203883494
1000 94.5055631067961
0010 94.65119417475726
1000 94.9424563106796
0010 95.23371844660193
0100 95.3793495145631
0001 95.52498058252426
1000 95.67061165048543
0100 96.10750485436893
0010 96.25313592233009
0100 96.39876699029125
1000 96.54439805825243
0010 96.69002912621359
1000 96.83566019417475
0001 96.98129126213591
1000 97.12692233009709
0010 97.27255339805825
1000 97.70944660194175
0001 97.85507766990291
0100 98.00070873786407
0001 98.14633980582524
0010 98.29197087378641
0100 98.43760194174757
0010 98.58323300970874
0001 98.7288640776699
1000 98.87449514563107
0010 99.02012621359222
1000 99.31138834951454
0010 99.60265048543688
0100 99.74828155339804
0001 100.03954368932038
1000 100.18517475728154
0001 100.3308058252427
0010 100.47643689320387
0100 100.62206796116504
0010 100.7676990291262
0001 100.91333009708737
0100 101.05896116504853
0010 101.2045922330097
1000 101.35022330097087
0100 101.49585436893203
0010 101.64148543689319
0100 101.93274757281553
1000 102.07837864077669
0001 102.51527184466019
0010 102.66090291262135
0100 102.80653398058251
1000 102.95216504854369
0010 103.09779611650485
0100 103.24342718446601
0010 103.38905825242718
1000 103.53468932038835
0200 103.68032038834951
0300 103.69852427184466
2000 103.82595145631068
3000 103.84415533980582
0020 103.97158252427184
0030 103.98978640776699
0200 104.11721359223301
0300 104.13541747572816
0001 104.26284466019418
0010 104.40847572815534
0001 104.5541067961165
1000 104.69973786407768
0001 104.84536893203882
0100 105.01180443828015
0010 105.1782399445215
0100 105.34467545076282
0010 105.51111095700415
0001 105.67754646324548
1000 105.84398196948682
0200 106.01041747572815
0300 106.0286213592233
0020 106.15604854368931
0030 106.17425242718446
0200 106.30167961165047
0300 106.31988349514562
2000 106.44731067961165
3000 106.4655145631068
0001 106.77498058252426
0010 106.88420388349513
0001 107.02983495145631
0100 107.17546601941747
0010 107.32109708737863
1000 107.4667281553398
0100 107.61235922330097
1000 107.75799029126213
0010 107.9036213592233
0200 108.04925242718446
0300 108.08566019417475
0001 108.14633980582524
0100 108.24342718446601
0002 108.3405145631068
0003 108.35871844660194
2000 108.48614563106796
3000 108.5043495145631
0200 108.63177669902912
0300 108.64998058252426
1000 109.10507766990291
0001 109.21430097087378
0010 109.35993203883496
0001 109.5055631067961
0100 109.65119417475726
0010 109.79682524271843
1000 109.9424563106796
0010 110.08808737864076
0100 110.23371844660193
0020 110.37934951456309
0030 110.39755339805824
2000 110.52498058252426
3000 110.5431844660194
0002 110.67061165048543
0003 110.68881553398057
0200 110.81624271844659
0300 110.83444660194174
0002 110.96187378640775
0003 110.9800776699029
1000 111.10750485436893
3000 111.12570873786407
0001 111.1803203883495
0020 111.25313592233009
0030 111.39876699029125
0001 111.54439805825241
1000 111.72643689320387
0001 111.83566019417475
1000 112.0176990291262
0001 112.12692233009707
1000 112.30896116504853
0001 113.00070873786407
0100 113.18274757281553
0001 113.2919708737864
0100 113.47400970873785
0001 113.58323300970874
0100 113.76527184466019
0001 113.87449514563106
1000 114.05653398058251
0001 114.1657572815534
1000 114.34779611650485
0001 114.45701941747572
1000 114.63905825242718
0002 115.3308058252427
0003 115.62206796116503
1000 115.80410679611649
0002 115.91333009708737
0003 115.94973786407766
1000 116.09536893203882
0001 116.20459223300969
0010 116.38663106796115
0100 116.49585436893203
1000 116.67789320388349
0100 116.78711650485435
0010 116.96915533980581
0001 117.07837864077669
1000 117.26041747572815
0010 117.36964077669901
0100 117.55167961165047
0001 117.66090291262135
0010 117.80653398058251
0001 117.95216504854368
1000 118.24342718446601
0100 118.53468932038834
0010 118.82595145631068
0100 119.117213592233
2000 119.40847572815534
3001 119.69973786407766
0100 119.99099999999999
0010 120.28226213592231
0100 120.57352427184465
0001 120.71915533980581
1000 120.86478640776697
0100 121.04682524271843
1000 121.15604854368931
0100 121.33808737864076
1000 121.44731067961163
0100 121.62934951456309
1000 122.32109708737863
0001 122.50313592233009
1000 122.61235922330096
0001 122.79439805825241
1000 122.9036213592233
0001 123.08566019417475
1000 123.19488349514562
0010 123.37692233009707
0100 123.48614563106796
0010 123.66818446601941
0100 123.77740776699028
0010 123.95944660194174
1000 124.35993203883494
2000 124.65119417475728
3000 124.9424563106796
0001 125.12449514563106
1000 125.23371844660194
0001 125.4157572815534
1000 125.52498058252426
0100 125.70701941747572
0010 125.81624271844659
0001 125.99828155339804
0010 126.10750485436891
0100 126.28954368932037
1000 126.39876699029125
0001 126.5808058252427
0100 126.69002912621357
0010 126.83566019417475
2000 126.98129126213591
3000 127.12692233009707
0002 127.27255339805824
0003 127.34536893203882
0100 127.56381553398057
0001 127.8550776699029
0010 128.14633980582525
0100 128.43760194174757
2000 128.7288640776699
3001 129.02012621359225
0100 129.31138834951457
0010 129.6026504854369
0200 129.89391262135922
0301 130.18517475728157
1000 130.367213592233
0001 130.4764368932039
1000 130.65847572815537
0001 130.76769902912622
1000 130.9497378640777
0100 131.3502233009709
0010 131.64148543689322
0001 131.7871165048544
1000 131.93274757281554
0010 132.07837864077672
1000 132.22400970873787
0100 132.40604854368934
0010 132.51527184466022
0001 132.69731067961166
0010 132.80653398058254
0001 132.988572815534
0010 133.09779611650487
0001 133.27983495145634
1000 133.97158252427184
0010 134.117213592233
0100 134.26284466019416
0010 134.40847572815534
1000 134.55410679611649
0001 134.69973786407766
0010 134.84536893203884
0100 135.02740776699028
1000 135.13663106796116
0100 135.31866990291263
0010 135.42789320388349
0001 135.60993203883496
0100 135.7191553398058
0010 135.90119417475728
1000 136.01041747572816
0001 136.1924563106796
0010 136.30167961165048
0001 136.44731067961166
1000 136.5929417475728
0001 136.73857281553398
1000 136.88420388349513
0001 137.0298349514563
1000 137.17546601941748
0001 137.32109708737863
0100 137.4667281553398
0001 137.9036213592233
0100 138.04925242718446
0001 138.3405145631068
1000 138.7774077669903
0001 139.06866990291263
0100 139.14148543689322
0001 139.21430097087378
0010 139.50556310679613
