TITLE Zombie Maker
BPM   140.0
NOTES
DIFFICULTY Challenge
0001 7.274142857142857
1000 7.488428571428571
0001 7.595571428571428
0100 7.809857142857142
0001 7.917
1000 8.131285714285713
0100 8.238428571428571
0010 8.452714285714285
0001 8.559857142857142
1000 8.774142857142857
0001 8.881285714285713
1000 9.095571428571429
0100 9.202714285714285
0010 9.417
0100 9.524142857142857
1000 9.738428571428571
0001 9.845571428571429
0100 10.059857142857142
0010 10.167
0100 10.381285714285713
0001 10.488428571428571
1000 10.702714285714285
0100 10.809857142857142
0010 11.024142857142856
0100 11.131285714285713
0010 11.345571428571427
0001 11.452714285714285
1000 11.666999999999998
0001 11.774142857142856
0100 11.98842857142857
0010 12.095571428571427
0100 12.309857142857142
0001 12.417
1000 12.631285714285713
0100 12.738428571428571
0100 12.952714285714286
0100 13.167
0010 13.274142857142857
0002 13.702714285714285
1003 14.131285714285713
0010 14.559857142857142
1010 14.988428571428571
1000 15.417
0001 16.05985714285714
0010 16.274142857142856
0110 16.702714285714286
1100 17.559857142857144
1000 18.202714285714286
1010 18.417
0010 18.84557142857143
0100 19.488428571428575
0001 19.702714285714286
1001 20.131285714285717
1100 20.98842857142857
0100 21.416999999999998
0110 21.84557142857143
0010 22.274142857142856
0001 22.917
1000 23.131285714285713
1001 23.559857142857144
0101 24.417
0100 25.059857142857144
0110 25.27414285714286
1001 25.702714285714286
1000 26.131285714285713
0001 26.34557142857143
0100 26.452714285714286
0010 26.666999999999998
1000 26.881285714285713
0100 26.98842857142857
0010 27.202714285714286
0001 27.30985714285714
0010 27.416999999999998
0001 27.55985714285714
1000 27.702714285714286
0002 27.84557142857143
0013 28.274142857142856
0100 28.48842857142857
1000 28.702714285714286
0001 28.917
0100 29.024142857142856
0010 29.131285714285713
1000 29.34557142857143
0001 29.559857142857144
0010 29.77414285714286
0002 29.98842857142857
1003 30.309857142857144
0010 30.417
0100 30.52414285714286
0010 30.631285714285717
1000 30.73842857142857
0100 30.84557142857143
0010 30.952714285714286
0001 31.059857142857144
1000 31.167
0001 31.274142857142856
0100 31.381285714285713
0010 31.48842857142857
1000 31.702714285714283
0100 31.80985714285714
0010 31.916999999999998
0100 32.13128571428571
1000 32.345571428571425
0001 32.55985714285714
1000 32.667
0010 32.774142857142856
0100 32.88128571428571
0001 32.98842857142857
0010 33.095571428571425
0100 33.202714285714286
1000 33.30985714285714
0001 33.417
1000 33.524142857142856
0010 33.63128571428572
0100 33.73842857142857
0010 33.845571428571425
1000 33.952714285714286
0001 34.167
1000 34.274142857142856
0001 34.48842857142857
0010 34.595571428571425
0100 34.702714285714286
1000 34.80985714285714
0001 34.917
0100 35.024142857142856
0010 35.23842857142857
1000 35.452714285714286
0100 35.55985714285714
0010 35.667
0001 35.774142857142856
2000 35.98842857142857
3001 36.30985714285714
0100 36.417
0010 36.524142857142856
1000 36.63128571428572
0001 36.73842857142857
0010 36.952714285714286
0100 37.05985714285715
1000 37.167
0001 37.274142857142856
0100 37.417
0010 37.55985714285715
1000 37.702714285714286
0001 37.84557142857143
0010 37.98842857142857
0100 38.13128571428572
1000 38.27414285714286
0100 38.417
0010 38.55985714285715
0001 38.702714285714286
1000 38.84557142857143
0001 38.98842857142857
0100 39.13128571428572
0010 39.27414285714286
0100 39.417
0001 39.55985714285715
1000 39.702714285714286
0001 39.845571428571425
1000 40.05985714285714
0010 40.166999999999994
1000 40.38128571428571
0100 40.595571428571425
0010 40.70271428571428
0001 40.916999999999994
1000 41.024142857142856
0002 41.13128571428571
1003 41.55985714285714
0010 41.666999999999994
1000 41.774142857142856
0001 41.827714285714286
1000 41.88128571428571
0001 41.93485714285714
1000 41.98842857142857
0100 42.095571428571425
0010 42.202714285714286
0001 42.30985714285714
1000 42.416999999999994
0010 42.524142857142856
0100 42.63128571428571
0001 42.73842857142857
1000 42.845571428571425
0100 42.899142857142856
1000 42.952714285714286
0100 43.00628571428571
1000 43.05985714285714
0001 43.166999999999994
0010 43.274142857142856
0100 43.38128571428571
1000 43.48842857142857
0001 43.595571428571425
0100 43.702714285714286
0010 43.80985714285714
1000 43.917
0100 44.024142857142856
0010 44.13128571428571
0100 44.23842857142857
1000 44.345571428571425
0001 44.452714285714286
1000 44.55985714285714
0010 44.667
0100 44.774142857142856
0001 44.88128571428571
1000 44.98842857142857
0001 45.095571428571425
1000 45.202714285714286
0100 45.25628571428572
1000 45.30985714285714
0100 45.36342857142857
1000 45.417
0001 45.524142857142856
0010 45.63128571428572
0001 45.73842857142857
0100 45.845571428571425
0010 45.952714285714286
1000 46.05985714285714
0010 46.167
1000 46.274142857142856
0001 46.327714285714286
1000 46.38128571428572
0001 46.43485714285714
1000 46.48842857142857
0100 46.595571428571425
0010 46.702714285714286
0001 46.80985714285714
0100 46.917
0010 47.024142857142856
1000 47.13128571428572
0001 47.23842857142857
1000 47.34557142857143
0100 47.452714285714286
0010 47.55985714285714
0001 47.667
0100 47.774142857142856
0010 47.88128571428572
0100 47.98842857142857
0001 48.09557142857143
0010 48.202714285714286
0100 48.30985714285714
1000 48.417
0001 48.524142857142856
1000 48.63128571428572
0010 48.68485714285715
1000 48.73842857142857
0010 48.792
1000 48.84557142857143
0001 48.952714285714286
1000 49.05985714285715
0100 49.167
0010 49.274142857142856
0001 49.38128571428572
0100 49.48842857142857
0010 49.59557142857143
1000 49.702714285714286
0001 49.75628571428572
1000 49.80985714285715
0001 49.86342857142857
1000 49.917
0100 50.024142857142856
0010 50.13128571428571
0001 50.238428571428564
1000 50.345571428571425
0010 50.45271428571428
0100 50.55985714285714
0001 50.666999999999994
1000 50.774142857142856
0001 50.88128571428571
0010 50.988428571428564
0100 51.095571428571425
0010 51.20271428571428
0001 51.30985714285714
1000 51.416999999999994
0010 51.524142857142856
0100 51.63128571428571
0001 51.738428571428564
1000 51.845571428571425
0100 51.95271428571428
0010 52.05985714285714
0001 52.166999999999994
1000 52.274142857142856
0001 52.48842857142857
0100 52.70271428571428
0010 52.80985714285714
1000 52.916999999999994
0001 53.13128571428571
0010 53.345571428571425
0100 53.55985714285714
1000 53.774142857142856
0001 53.88128571428571
0100 54.095571428571425
0010 54.30985714285714
0100 54.416999999999994
0001 54.63128571428571
1000 54.73842857142857
0002 54.845571428571425
1003 55.274142857142856
0010 55.702714285714286
1010 56.13128571428571
1000 56.55985714285714
0001 57.202714285714286
0010 57.417
0110 57.845571428571425
1100 58.702714285714286
1000 59.34557142857143
1010 59.55985714285714
0010 59.98842857142857
0100 60.63128571428572
0001 60.84557142857143
1001 61.274142857142856
1000 62.13128571428571
0001 62.345571428571425
0100 62.45271428571428
0010 62.666999999999994
1000 62.774142857142856
0001 62.988428571428564
0010 63.095571428571425
0100 63.30985714285714
0010 63.416999999999994
0001 63.63128571428571
1000 63.738428571428564
0001 63.95271428571428
0100 64.05985714285714
0010 64.27414285714285
1000 64.38128571428571
0100 64.59557142857142
0010 64.70271428571428
0100 64.917
1000 65.02414285714285
0001 65.23842857142857
1000 65.34557142857142
0010 65.55985714285714
0100 65.667
0001 65.88128571428571
0010 65.98842857142857
0001 66.20271428571428
1000 66.30985714285714
0100 66.52414285714285
0010 66.63128571428571
0100 66.84557142857143
1000 66.95271428571428
0001 67.167
1000 67.27414285714285
0001 67.48842857142856
1003 68.13128571428571
3010 68.98842857142857
0100 69.20271428571428
0001 69.73842857142857
1000 69.84557142857143
0001 70.05985714285714
0010 70.59557142857143
0100 70.70271428571428
0010 72.417
0001 72.63128571428571
1000 73.167
0010 73.27414285714286
1000 73.48842857142857
0100 73.80985714285714
0010 74.02414285714286
0001 74.13128571428571
2003 75.417
3001 75.84557142857143
0100 76.27414285714286
0010 76.7027142857143
1000 77.13128571428572
0100 77.55985714285714
0010 77.98842857142857
0001 78.417
1000 78.84557142857143
0010 79.27414285714285
0100 79.70271428571428
0001 80.13128571428571
1000 80.55985714285714
0001 80.98842857142857
0010 81.63128571428571
0001 82.27414285714286
1000 82.70271428571428
0010 83.13128571428571
0100 83.55985714285714
0001 83.98842857142857
1000 84.417
0100 84.84557142857143
0010 85.27414285714286
0001 85.7027142857143
0010 86.13128571428571
0001 86.55985714285714
0100 86.98842857142857
0010 87.417
0100 87.84557142857143
0001 88.48842857142857
0100 89.13128571428572
0001 89.27414285714286
1000 89.417
0002 89.55985714285714
0103 89.98842857142857
0010 90.20271428571428
1000 90.417
0001 90.63128571428571
0010 90.73842857142857
0100 90.84557142857143
1000 91.05985714285714
0001 91.27414285714285
0100 91.48842857142856
0002 91.70271428571428
1003 92.02414285714285
0100 92.13128571428571
0010 92.23842857142856
0100 92.34557142857142
1000 92.45271428571428
0010 92.55985714285714
0100 92.66699999999999
0001 92.77414285714285
1000 92.88128571428571
0001 92.98842857142857
0010 93.09557142857143
0100 93.20271428571428
1000 93.417
0010 93.52414285714286
0100 93.63128571428571
0010 93.84557142857143
1000 94.05985714285714
0001 94.27414285714286
1000 94.38128571428571
0100 94.48842857142857
0010 94.59557142857143
0001 94.70271428571428
0100 94.80985714285714
0010 94.91699999999999
1000 95.02414285714285
0001 95.13128571428571
1000 95.23842857142857
0100 95.34557142857142
0010 95.45271428571428
0100 95.55985714285714
1000 95.66699999999999
0001 95.88128571428571
1000 95.98842857142857
0001 96.20271428571428
0100 96.30985714285714
0010 96.417
1000 96.52414285714286
0001 96.63128571428571
0010 96.73842857142857
0100 96.9527142857143
1000 97.167
0010 97.27414285714286
0100 97.38128571428571
0001 97.48842857142857
2000 97.7027142857143
3001 98.02414285714286
0010 98.13128571428571
0100 98.23842857142857
1000 98.34557142857142
0001 98.45271428571428
0100 98.667
0010 98.77414285714285
1000 98.88128571428571
0001 98.98842857142857
0010 99.13128571428571
0100 99.27414285714285
1000 99.417
0001 99.55985714285714
0100 99.70271428571428
0010 99.84557142857142
1000 99.98842857142856
0010 100.13128571428571
0100 100.27414285714285
0001 100.41699999999999
1000 100.55985714285713
0001 100.70271428571428
0010 100.84557142857142
0100 100.98842857142856
0010 101.13128571428571
0001 101.27414285714285
1000 101.41699999999999
0001 101.55985714285714
0100 101.70271428571428
0010 101.84557142857143
1000 101.98842857142857
0010 102.13128571428571
0100 102.27414285714285
0001 102.417
0010 102.55985714285714
0100 102.70271428571428
1000 102.84557142857143
0100 102.98842857142857
0010 103.13128571428571
0001 103.27414285714285
1000 103.48842857142856
0010 103.70271428571428
0100 103.91699999999999
0101 104.13128571428571
0001 104.34557142857142
0010 104.55985714285714
0100 104.77414285714285
1000 104.98842857142857
0001 105.20271428571428
0100 105.417
0010 105.63128571428571
0110 105.84557142857143
0100 106.05985714285714
0001 106.27414285714286
1000 106.48842857142857
0100 106.70271428571428
0010 106.91699999999999
0001 107.13128571428571
0010 107.34557142857142
0011 107.55985714285714
0001 107.77414285714285
1000 107.98842857142857
0010 108.20271428571428
0100 108.417
0001 108.63128571428571
0010 108.84557142857143
0100 109.05985714285714
1100 109.27414285714286
1000 109.48842857142857
0001 109.7027142857143
0100 109.917
0010 110.13128571428571
1000 110.34557142857142
0001 110.55985714285714
1000 110.77414285714285
1100 110.98842857142857
0100 111.20271428571428
0010 111.417
0001 111.63128571428571
1000 111.84557142857142
0001 112.05985714285713
0100 112.27414285714285
0010 112.48842857142856
1010 112.70271428571428
1000 112.91699999999999
0100 113.13128571428571
0010 113.34557142857142
0001 113.55985714285714
0010 113.77414285714285
0001 113.98842857142857
0100 114.20271428571428
0101 114.417
0001 114.63128571428571
0010 114.84557142857143
0100 115.05985714285714
1000 115.27414285714285
0010 115.48842857142856
0100 115.70271428571428
0001 115.91699999999999
1001 116.13128571428571
1000 116.34557142857142
0100 116.55985714285714
0010 116.77414285714285
0001 116.98842857142857
0010 117.20271428571428
0100 117.417
1000 117.63128571428571
1100 117.84557142857143
0100 118.05985714285714
1000 118.27414285714286
0001 118.48842857142857
0100 118.70271428571428
0010 118.91699999999999
1000 119.13128571428571
0001 119.34557142857142
0011 119.55985714285714
0010 119.77414285714285
0100 119.98842857142857
1000 120.20271428571428
0001 120.417
0100 120.63128571428571
0001 120.84557142857143
1000 121.05985714285714
1100 121.27414285714286
0100 121.48842857142857
0010 121.7027142857143
0001 121.917
1000 122.13128571428571
0010 122.34557142857142
0100 122.55985714285714
0001 122.77414285714285
1001 122.98842857142857
1000 123.20271428571428
0100 123.417
0010 123.63128571428571
0001 123.84557142857142
1000 124.05985714285713
0001 124.27414285714285
0100 124.48842857142856
0110 124.70271428571428
0010 124.91699999999999
1010 125.13128571428571
1000 125.34557142857142
0100 125.55985714285714
0110 125.77414285714285
0011 125.98842857142857
0001 126.20271428571428
1001 126.417
1000 126.63128571428571
0010 126.84557142857143
0100 127.05985714285714
0010 127.27414285714285
1000 127.48842857142856
0100 127.70271428571428
0010 127.91699999999999
0011 128.1312857142857
0001 128.34557142857142
1001 128.55985714285714
1000 128.77414285714283
0010 128.98842857142856
0110 129.20271428571428
0101 129.41699999999997
0001 129.6312857142857
1001 129.84557142857142
1000 130.05985714285714
0100 130.27414285714283
0010 130.48842857142856
0011 130.70271428571428
0001 131.1312857142857
1010 131.55985714285714
0001 131.98842857142856
1000 132.417
0010 132.63128571428572
0100 132.84557142857142
1001 133.27414285714286
0010 133.70271428571428
1001 134.1312857142857
0001 134.34557142857142
1000 134.45271428571428
0001 134.5598571428571
1000 134.77414285714283
0001 134.98842857142856
0010 135.09557142857142
0100 135.20271428571428
1000 135.41699999999997
0001 135.6312857142857
0100 135.73842857142856
0010 135.84557142857142
1000 136.05985714285714
0100 136.27414285714283
0010 136.3812857142857
0001 136.48842857142856
1000 136.70271428571428
0010 136.917
0100 137.02414285714283
0001 137.1312857142857
1001 137.55985714285714
1000 137.98842857142856
0110 138.417
0001 138.84557142857142
0100 139.27414285714286
0010 139.48842857142859
1000 139.70271428571428
0101 140.13128571428572
2000 140.55985714285714
3001 140.98842857142856
0010 141.20271428571428
0100 141.30985714285714
1000 141.41699999999997
0001 141.6312857142857
0100 141.84557142857142
0010 141.95271428571428
2000 142.05985714285714
3001 142.70271428571428
0100 142.917
0010 143.02414285714286
0010 143.23842857142856
0010 143.45271428571428
1000 143.55985714285714
1001 143.98842857142856
0220 144.417
0330 145.27414285714286
DIFFICULTY Hard
0001 7.274142857142857
1000 7.595571428571428
0010 7.917
0100 8.238428571428571
0001 8.559857142857142
0010 8.881285714285713
0100 9.202714285714285
1000 9.524142857142857
0010 9.845571428571429
1000 10.167
0001 10.488428571428571
0010 10.809857142857142
0100 11.131285714285713
0010 11.452714285714285
0001 11.774142857142856
1000 12.095571428571427
0001 12.417
1000 12.631285714285713
0100 12.738428571428571
0010 12.952714285714286
0100 13.167
0010 13.274142857142857
0002 13.702714285714285
1003 14.131285714285713
0010 14.559857142857142
1010 14.988428571428571
1000 15.417
0001 16.05985714285714
0010 16.274142857142856
0110 16.702714285714286
1100 17.559857142857144
1000 18.202714285714286
1010 18.417
0010 18.84557142857143
0100 19.488428571428575
0001 19.702714285714286
1001 20.131285714285717
1100 20.98842857142857
0100 21.416999999999998
0110 21.84557142857143
0010 22.274142857142856
0001 22.917
1000 23.131285714285713
1001 23.559857142857144
0101 24.417
0100 25.059857142857144
0110 25.27414285714286
1001 25.702714285714286
1000 26.131285714285713
0001 26.34557142857143
0100 26.452714285714286
0010 26.666999999999998
1000 26.881285714285713
0100 26.98842857142857
0010 27.416999999999998
0001 27.55985714285714
1000 27.702714285714286
0002 27.84557142857143
0013 28.274142857142856
0100 28.48842857142857
1000 28.702714285714286
0001 28.917
0100 29.024142857142856
0010 29.131285714285713
1000 29.34557142857143
0001 29.559857142857144
0010 29.77414285714286
0002 29.98842857142857
1003 30.309857142857144
0010 30.417
0100 30.631285714285717
0010 30.84557142857143
1000 31.059857142857144
0001 31.274142857142856
0100 31.381285714285713
0010 31.48842857142857
1000 31.702714285714283
0100 31.80985714285714
0010 31.916999999999998
0100 32.13128571428571
1000 32.345571428571425
0001 32.55985714285714
0010 32.774142857142856
0001 32.98842857142857
1000 33.202714285714286
0010 33.417
0100 33.63128571428572
0010 33.845571428571425
1000 33.952714285714286
0001 34.167
1000 34.274142857142856
0001 34.48842857142857
0100 34.702714285714286
0001 34.917
0100 35.024142857142856
0010 35.23842857142857
1000 35.452714285714286
0100 35.55985714285714
0010 35.774142857142856
0002 35.98842857142857
1003 36.30985714285714
0100 36.417
1000 36.73842857142857
0100 36.952714285714286
0010 37.167
0001 37.274142857142856
1000 37.417
0010 37.702714285714286
0100 37.98842857142857
0010 38.13128571428572
1000 38.27414285714286
0001 38.55985714285715
0010 38.84557142857143
0001 38.98842857142857
0010 39.13128571428572
0100 39.417
0010 39.702714285714286
0001 39.845571428571425
1000 40.05985714285714
0010 40.166999999999994
1000 40.38128571428571
0100 40.595571428571425
0010 40.70271428571428
0002 41.13128571428571
1003 41.55985714285714
0010 41.774142857142856
0200 41.98842857142857
0301 42.416999999999994
2000 42.63128571428571
3200 43.05985714285714
0320 43.48842857142857
0031 43.917
2000 44.13128571428571
3002 44.55985714285714
0103 44.98842857142857
0010 45.202714285714286
1000 45.417
0001 45.63128571428572
1000 45.845571428571425
0100 46.05985714285714
0010 46.274142857142856
0001 46.48842857142857
1000 46.917
0001 47.13128571428572
0100 47.34557142857143
0010 47.55985714285714
1000 47.774142857142856
0001 47.98842857142857
0010 48.202714285714286
0002 48.417
0013 48.84557142857143
0100 49.05985714285715
1000 49.274142857142856
0002 49.48842857142857
2003 49.917
3020 50.345571428571425
0130 50.774142857142856
0002 50.988428571428564
0023 51.416999999999994
0130 51.845571428571425
0010 52.05985714285714
0001 52.166999999999994
1000 52.274142857142856
0001 52.48842857142857
0100 52.70271428571428
0010 52.80985714285714
1000 52.916999999999994
0001 53.13128571428571
0010 53.345571428571425
0100 53.55985714285714
1000 53.774142857142856
0001 53.88128571428571
0100 54.095571428571425
0010 54.30985714285714
0100 54.416999999999994
0002 54.845571428571425
1003 55.274142857142856
0010 55.702714285714286
1010 56.13128571428571
1000 56.55985714285714
0001 57.202714285714286
0010 57.417
0110 57.845571428571425
1100 58.702714285714286
1000 59.34557142857143
1010 59.55985714285714
0010 59.98842857142857
0100 60.63128571428572
0001 60.84557142857143
1001 61.274142857142856
1000 62.13128571428571
0010 62.45271428571428
0100 62.774142857142856
0001 63.095571428571425
0010 63.416999999999994
0100 63.738428571428564
0010 64.05985714285714
0001 64.38128571428571
1000 64.70271428571428
0010 65.02414285714285
0100 65.34557142857142
0001 65.667
0010 65.98842857142857
0100 66.30985714285714
1000 66.63128571428571
0001 66.95271428571428
1000 67.27414285714285
0001 67.48842857142856
1003 68.13128571428571
3010 68.98842857142857
0100 69.20271428571428
0001 69.73842857142857
1000 69.84557142857143
0001 70.05985714285714
0010 70.59557142857143
0100 70.70271428571428
0010 72.417
0001 72.63128571428571
1000 73.167
0010 73.27414285714286
1000 73.48842857142857
0100 73.80985714285714
0010 74.02414285714286
0001 74.13128571428571
2003 75.417
3001 75.84557142857143
0100 76.27414285714286
0010 76.7027142857143
1000 77.13128571428572
0100 77.55985714285714
0010 77.98842857142857
0001 78.417
1000 78.84557142857143
0010 79.27414285714285
0100 79.70271428571428
0001 80.13128571428571
1000 80.55985714285714
0001 80.98842857142857
0010 81.63128571428571
0001 82.27414285714286
1000 82.70271428571428
0010 83.13128571428571
0100 83.55985714285714
0001 83.98842857142857
1000 84.417
0100 84.84557142857143
0010 85.27414285714286
0001 85.7027142857143
0010 86.13128571428571
0001 86.55985714285714
0100 86.98842857142857
0010 87.417
0100 87.84557142857143
0001 88.48842857142857
0100 89.13128571428572
0001 89.27414285714286
1000 89.417
0002 89.55985714285714
0103 89.98842857142857
0010 90.20271428571428
1000 90.417
0001 90.63128571428571
0010 90.73842857142857
0100 90.84557142857143
1000 91.05985714285714
0001 91.27414285714285
0100 91.48842857142856
0002 91.70271428571428
1003 92.02414285714285
0100 92.13128571428571
0010 92.34557142857142
0100 92.55985714285714
1000 92.77414285714285
0001 92.98842857142857
0010 93.09557142857143
0100 93.20271428571428
1000 93.417
0010 93.52414285714286
0100 93.63128571428571
0010 93.84557142857143
1000 94.05985714285714
0001 94.27414285714286
0100 94.48842857142857
0001 94.70271428571428
1000 94.91699999999999
0100 95.13128571428571
0010 95.34557142857142
0100 95.55985714285714
1000 95.66699999999999
0001 95.88128571428571
1000 95.98842857142857
0001 96.20271428571428
0010 96.417
0001 96.63128571428571
0010 96.73842857142857
0100 96.9527142857143
1000 97.167
0010 97.27414285714286
0100 97.48842857142857
0002 97.7027142857143
1003 98.02414285714286
0010 98.13128571428571
1000 98.45271428571428
0010 98.667
0100 98.88128571428571
0001 98.98842857142857
1000 99.13128571428571
0100 99.417
0010 99.70271428571428
0100 99.84557142857142
1000 99.98842857142856
0001 100.27414285714285
0100 100.55985714285713
0001 100.70271428571428
0100 100.84557142857142
0010 101.13128571428571
0100 101.41699999999999
0001 101.55985714285714
1000 101.84557142857143
0001 101.98842857142857
0010 102.27414285714285
0001 102.417
1000 102.70271428571428
0010 102.84557142857143
0100 103.13128571428571
0001 103.27414285714285
1000 103.70271428571428
0100 103.91699999999999
0010 104.13128571428571
0001 104.34557142857142
1000 104.55985714285714
0001 104.98842857142857
0100 105.417
0010 105.63128571428571
1000 105.84557142857143
0001 106.05985714285714
1000 106.27414285714286
0100 106.70271428571428
0010 107.13128571428571
0001 107.34557142857142
0010 107.55985714285714
0100 107.77414285714285
1000 107.98842857142857
0001 108.417
0100 108.84557142857143
0010 109.05985714285714
1000 109.27414285714286
0010 109.48842857142857
0100 109.7027142857143
0001 110.13128571428571
1000 110.55985714285714
0100 110.77414285714285
0010 110.98842857142857
0100 111.20271428571428
1000 111.417
0001 111.84557142857142
0100 112.27414285714285
0010 112.48842857142856
1000 112.70271428571428
0001 112.91699999999999
1000 113.13128571428571
0001 113.55985714285714
0010 113.98842857142857
0100 114.20271428571428
1000 114.417
0100 114.63128571428571
1000 114.84557142857143
0001 115.27414285714285
0100 115.70271428571428
0010 115.91699999999999
1000 116.13128571428571
0001 116.34557142857142
1000 116.55985714285714
0001 116.98842857142857
0010 117.20271428571428
0100 117.417
1000 117.63128571428571
0100 117.84557142857143
0010 118.05985714285714
0100 118.27414285714286
1000 118.70271428571428
0001 118.91699999999999
0100 119.13128571428571
0010 119.34557142857142
1000 119.55985714285714
0001 119.77414285714285
1000 119.98842857142857
0100 120.417
0010 120.63128571428571
0001 120.84557142857143
0100 121.05985714285714
0001 121.27414285714286
0100 121.48842857142857
0010 121.7027142857143
1000 122.13128571428571
0001 122.34557142857142
0010 122.55985714285714
0100 122.77414285714285
1000 122.98842857142857
0100 123.20271428571428
1000 123.417
0001 123.84557142857142
0100 124.05985714285713
0010 124.27414285714285
0100 124.48842857142856
0001 124.70271428571428
1000 124.91699999999999
0100 125.13128571428571
0010 125.55985714285714
0001 125.77414285714285
1000 125.98842857142857
0010 126.20271428571428
0100 126.417
0001 126.63128571428571
1000 126.84557142857143
0001 127.27414285714285
0010 127.48842857142856
0100 127.70271428571428
1000 127.91699999999999
0100 128.1312857142857
0010 128.34557142857142
0001 128.55985714285714
1000 128.98842857142856
0010 129.20271428571428
0100 129.41699999999997
0001 129.6312857142857
1000 129.84557142857142
0001 130.05985714285714
0010 130.27414285714283
0011 130.70271428571428
0001 131.1312857142857
1010 131.55985714285714
0001 131.98842857142856
1000 132.417
0010 132.63128571428572
0100 132.84557142857142
1001 133.27414285714286
0010 133.70271428571428
1001 134.1312857142857
0001 134.34557142857142
1000 134.45271428571428
0001 134.5598571428571
1000 134.77414285714283
0001 134.98842857142856
0010 135.09557142857142
0100 135.20271428571428
1000 135.41699999999997
0001 135.6312857142857
0100 135.73842857142856
0010 135.84557142857142
1000 136.05985714285714
0100 136.27414285714283
0010 136.3812857142857
0001 136.48842857142856
1000 136.70271428571428
0010 136.917
0100 137.02414285714283
0001 137.1312857142857
1001 137.55985714285714
1000 137.98842857142856
0110 138.417
0001 138.84557142857142
0100 139.27414285714286
0010 139.48842857142859
1000 139.70271428571428
0101 140.13128571428572
2000 140.55985714285714
3001 140.98842857142856
0010 141.20271428571428
0100 141.30985714285714
1000 141.41699999999997
0001 141.6312857142857
0100 141.84557142857142
0010 141.95271428571428
2000 142.05985714285714
3001 142.70271428571428
0100 142.917
0010 143.02414285714286
1000 143.23842857142856
0010 143.45271428571428
1000 143.55985714285714
1001 143.98842857142856
0220 144.417
0330 145.27414285714286
DIFFICULTY Medium
0001 7.274142857142857
0010 7.917
0001 8.559857142857142
0100 9.202714285714285
0010 9.845571428571429
1000 10.488428571428571
0100 11.131285714285713
1000 11.774142857142856
0001 12.417
1000 12.631285714285713
0010 12.952714285714286
0100 13.274142857142857
0002 13.702714285714285
1003 14.131285714285713
0010 14.559857142857142
1010 14.988428571428571
1000 15.417
0001 16.05985714285714
0010 16.274142857142856
0110 16.702714285714286
1100 17.559857142857144
1000 18.202714285714286
1010 18.417
0010 18.84557142857143
0100 19.488428571428575
0001 19.702714285714286
1001 20.131285714285717
1100 20.98842857142857
0100 21.416999999999998
0110 21.84557142857143
0010 22.274142857142856
0001 22.917
1000 23.131285714285713
1001 23.559857142857144
0101 24.417
0100 25.059857142857144
0110 25.27414285714286
1001 25.702714285714286
1000 26.131285714285713
0001 26.34557142857143
0010 26.666999999999998
0100 26.98842857142857
0010 27.416999999999998
0001 27.84557142857143
1000 28.274142857142856
0010 28.702714285714286
0100 28.917
0001 29.131285714285713
1000 29.559857142857144
0100 29.98842857142857
0010 30.417
0001 30.631285714285717
1000 30.84557142857143
0010 31.274142857142856
0100 31.702714285714283
0010 32.13128571428571
1000 32.345571428571425
0001 32.55985714285714
1000 32.98842857142857
0100 33.417
0010 33.845571428571425
0001 34.05985714285714
1000 34.274142857142856
0001 34.702714285714286
0100 35.13128571428572
0001 35.55985714285714
1000 35.774142857142856
0001 35.98842857142857
0100 36.417
0010 36.84557142857143
0100 37.05985714285715
0001 37.274142857142856
0010 37.702714285714286
0100 38.13128571428572
1000 38.55985714285715
0010 38.98842857142857
0100 39.417
0001 39.845571428571425
1000 40.05985714285714
0100 40.38128571428571
0010 40.70271428571428
0002 41.13128571428571
1003 41.55985714285714
0010 41.774142857142856
0200 41.98842857142857
0301 42.416999999999994
2000 42.63128571428571
3200 43.05985714285714
0320 43.48842857142857
0031 43.917
2000 44.13128571428571
3002 44.55985714285714
1003 44.98842857142857
0100 45.417
0010 45.845571428571425
0001 46.274142857142856
1000 46.48842857142857
0001 46.917
0100 47.13128571428572
0010 47.55985714285714
1000 47.98842857142857
0002 48.417
0013 48.84557142857143
0100 49.05985714285715
1000 49.274142857142856
0002 49.48842857142857
2003 49.917
3020 50.345571428571425
0130 50.774142857142856
0002 50.988428571428564
0023 51.416999999999994
0130 51.845571428571425
1000 52.274142857142856
0001 52.70271428571428
1000 53.13128571428571
0010 53.55985714285714
1000 53.774142857142856
0100 54.095571428571425
0010 54.416999999999994
0002 54.845571428571425
1003 55.274142857142856
0010 55.702714285714286
1010 56.13128571428571
1000 56.55985714285714
0001 57.202714285714286
0010 57.417
0110 57.845571428571425
1100 58.702714285714286
1000 59.34557142857143
1010 59.55985714285714
0010 59.98842857142857
0100 60.63128571428572
0001 60.84557142857143
1001 61.274142857142856
1000 62.13128571428571
0100 62.774142857142856
0010 63.416999999999994
0001 64.05985714285714
1000 64.70271428571428
0010 65.34557142857142
0100 65.98842857142857
0001 66.63128571428571
1000 67.27414285714285
0002 67.48842857142856
2003 68.13128571428571
3010 68.98842857142857
0100 69.20271428571428
0001 69.84557142857143
1000 70.05985714285714
0100 70.70271428571428
0010 72.417
0001 72.63128571428571
0010 73.27414285714286
0100 73.48842857142857
1000 73.80985714285714
0002 74.13128571428571
2003 75.417
3001 75.84557142857143
0100 76.27414285714286
0010 76.7027142857143
1000 77.13128571428572
0100 77.55985714285714
0010 77.98842857142857
0001 78.417
1000 78.84557142857143
0010 79.27414285714285
0100 79.70271428571428
0001 80.13128571428571
1000 80.55985714285714
0001 80.98842857142857
0010 81.63128571428571
0001 82.27414285714286
1000 82.70271428571428
0010 83.13128571428571
0100 83.55985714285714
0001 83.98842857142857
1000 84.417
0100 84.84557142857143
0010 85.27414285714286
0001 85.7027142857143
0010 86.13128571428571
0001 86.55985714285714
0100 86.98842857142857
0010 87.417
0100 87.84557142857143
0001 88.48842857142857
0100 89.13128571428572
0001 89.55985714285714
1000 89.98842857142857
0010 90.417
0100 90.84557142857143
0001 91.27414285714285
0010 91.70271428571428
0100 92.13128571428571
1000 92.55985714285714
0001 92.98842857142857
1000 93.417
0010 93.84557142857143
0100 94.27414285714286
0001 94.70271428571428
1000 95.13128571428571
0100 95.55985714285714
0010 95.98842857142857
0001 96.417
0010 96.84557142857143
0100 97.27414285714286
1000 97.7027142857143
0001 98.13128571428571
0100 98.55985714285714
0010 98.98842857142857
1000 99.417
0001 99.84557142857142
1000 100.27414285714285
0100 100.70271428571428
0010 101.13128571428571
0001 101.55985714285714
0010 101.98842857142857
0100 102.417
1000 102.84557142857143
0001 103.27414285714285
0100 103.70271428571428
0010 104.13128571428571
1000 104.34557142857142
0001 104.77414285714285
1000 104.98842857142857
0100 105.417
0010 105.63128571428571
0001 106.05985714285714
1000 106.27414285714286
0010 106.70271428571428
0100 107.13128571428571
0001 107.55985714285714
1000 107.77414285714285
0100 108.20271428571428
0010 108.417
0001 108.84557142857143
1000 109.05985714285714
0001 109.48842857142857
0100 109.7027142857143
0010 110.13128571428571
1000 110.55985714285714
0001 110.98842857142857
0010 111.20271428571428
0100 111.63128571428571
0010 111.84557142857142
0001 112.27414285714285
1000 112.48842857142856
0001 112.91699999999999
0100 113.13128571428571
0010 113.55985714285714
1000 113.98842857142857
0100 114.417
0010 114.63128571428571
0001 115.05985714285714
1000 115.27414285714285
0001 115.70271428571428
0100 115.91699999999999
0010 116.34557142857142
1000 116.55985714285714
0001 116.98842857142857
1000 117.417
0100 117.84557142857143
0010 118.05985714285714
0001 118.48842857142857
1000 118.70271428571428
0010 119.13128571428571
0100 119.34557142857142
0001 119.77414285714285
1000 119.98842857142857
0100 120.417
0010 120.84557142857143
0001 121.27414285714286
1000 121.48842857142857
0001 121.917
0100 122.13128571428571
0010 122.55985714285714
1000 122.77414285714285
0001 123.20271428571428
1000 123.417
0100 123.84557142857142
0010 124.27414285714285
0001 124.70271428571428
1000 124.91699999999999
0001 125.34557142857142
0100 125.55985714285714
0010 125.98842857142857
1000 126.20271428571428
0100 126.63128571428571
0010 126.84557142857143
0001 127.27414285714285
1000 127.70271428571428
0010 128.1312857142857
0100 128.34557142857142
0001 128.77414285714283
1000 128.98842857142856
0001 129.41699999999997
0010 129.6312857142857
0100 130.05985714285714
0010 130.27414285714283
0011 130.70271428571428
0001 131.1312857142857
1010 131.55985714285714
0001 131.98842857142856
1000 132.417
0010 132.63128571428572
0100 132.84557142857142
1001 133.27414285714286
0010 133.70271428571428
1002 134.1312857142857
1003 134.5598571428571
0200 134.77414285714283
0310 135.20271428571428
0002 135.41699999999997
1003 135.84557142857142
0020 136.05985714285714
0130 136.48842857142856
0002 136.70271428571428
1003 137.1312857142857
1001 137.55985714285714
1000 137.98842857142856
0110 138.417
0001 138.84557142857142
0100 139.27414285714286
0010 139.48842857142859
1000 139.70271428571428
0101 140.13128571428572
2000 140.55985714285714
3002 140.98842857142856
0013 141.41699999999997
0200 141.6312857142857
2300 142.05985714285714
3001 142.70271428571428
0100 142.917
0010 143.23842857142856
1000 143.55985714285714
1001 143.98842857142856
0220 144.417
0330 145.27414285714286
DIFFICULTY Easy
0001 7.274142857142857
1000 8.988428571428571
0010 10.702714285714285
0100 12.417
0001 14.131285714285713
1000 14.988428571428571
0001 15.417
0100 16.274142857142856
0010 16.702714285714286
1000 17.559857142857144
0100 18.417
0010 18.84557142857143
0001 19.702714285714286
1000 20.131285714285717
0100 20.98842857142857
0010 21.84557142857143
0001 22.274142857142856
1000 23.131285714285713
0001 23.559857142857144
0100 24.417
0010 25.27414285714286
1000 25.702714285714286
0001 26.55985714285714
1000 26.98842857142857
0001 27.84557142857143
1000 28.702714285714286
0100 29.131285714285713
0010 29.559857142857144
0001 30.417
1000 30.84557142857143
0001 31.274142857142856
0100 32.13128571428571
0010 32.55985714285714
1000 32.98842857142857
0001 33.845571428571425
0010 34.274142857142856
0100 34.702714285714286
0010 35.55985714285714
0001 35.98842857142857
1000 36.417
0001 37.274142857142856
0100 37.702714285714286
0010 38.13128571428572
1000 38.98842857142857
0001 39.417
1000 39.845571428571425
0001 41.55985714285714
1000 41.98842857142857
0010 42.416999999999994
0100 42.845571428571425
0001 43.274142857142856
1000 43.702714285714286
0100 44.13128571428571
0010 44.55985714285714
0001 44.98842857142857
1000 45.845571428571425
0001 46.274142857142856
0100 47.13128571428572
0001 47.55985714285714
1000 48.417
0100 48.84557142857143
0010 49.274142857142856
0001 49.702714285714286
1000 50.13128571428571
0001 50.55985714285714
0100 50.988428571428564
0010 51.416999999999994
1000 51.845571428571425
0001 52.70271428571428
0010 53.13128571428571
0100 53.55985714285714
1000 55.274142857142856
0001 56.13128571428571
0100 56.55985714285714
0010 57.417
1000 57.845571428571425
0001 58.702714285714286
1000 59.55985714285714
0100 59.98842857142857
0010 60.84557142857143
0100 61.274142857142856
1000 62.13128571428571
0001 62.988428571428564
0100 63.416999999999994
0010 64.27414285714285
1000 64.70271428571428
0001 65.55985714285714
0010 66.417
0100 66.84557142857143
0010 67.70271428571428
0001 68.13128571428571
1000 68.98842857142857
0001 69.84557142857143
1000 70.70271428571428
0001 72.417
0100 73.27414285714286
0010 74.13128571428571
1000 75.84557142857143
0001 76.27414285714286
1000 76.7027142857143
0001 77.55985714285714
0100 77.98842857142857
0010 78.417
1000 79.27414285714285
0001 79.70271428571428
1000 80.13128571428571
0100 80.98842857142857
0010 81.417
0001 81.84557142857143
1000 82.70271428571428
0001 83.13128571428571
0100 83.55985714285714
0010 84.417
1000 84.84557142857143
0001 85.27414285714286
1000 86.13128571428571
0100 86.55985714285714
0010 86.98842857142857
0100 87.84557142857143
1000 88.27414285714286
0001 88.7027142857143
1000 89.13128571428572
0001 89.55985714285714
0010 90.417
0100 91.27414285714285
1000 91.70271428571428
0001 92.13128571428571
0100 92.55985714285714
0010 92.98842857142857
1000 93.84557142857143
0001 94.70271428571428
0010 95.13128571428571
0100 95.55985714285714
1000 95.98842857142857
0001 96.417
0100 97.27414285714286
0010 98.13128571428571
1000 98.55985714285714
0010 98.98842857142857
0100 99.417
0001 99.84557142857142
1000 100.70271428571428
0100 101.55985714285714
0010 101.98842857142857
0001 102.417
1000 102.84557142857143
0001 103.27414285714285
1000 104.13128571428571
0001 104.55985714285714
0100 105.417
0010 105.84557142857143
1000 106.70271428571428
0001 107.55985714285714
0010 107.98842857142857
0100 108.84557142857143
1000 109.27414285714286
0001 110.13128571428571
0100 110.98842857142857
0010 111.417
1000 112.27414285714285
0001 112.70271428571428
1000 113.55985714285714
0100 114.417
0010 114.84557142857143
0001 115.70271428571428
1000 116.13128571428571
0001 116.98842857142857
0100 117.84557142857143
0010 118.27414285714286
1000 119.13128571428571
0001 119.55985714285714
1000 120.417
0100 121.27414285714286
0010 121.7027142857143
0001 122.55985714285714
1000 122.98842857142857
0001 123.84557142857142
0100 124.70271428571428
0010 125.13128571428571
1000 125.98842857142857
0001 126.417
1000 127.27414285714285
0100 128.1312857142857
0010 128.55985714285714
0001 129.41699999999997
0100 129.84557142857142
0010 130.70271428571428
1000 131.55985714285714
0001 131.98842857142856
1000 132.84557142857142
0010 133.27414285714286
0100 134.1312857142857
0001 134.98842857142856
0010 135.41699999999997
0100 136.27414285714283
1000 136.70271428571428
0001 137.55985714285714
0100 138.417
0010 138.84557142857142
1000 139.70271428571428
0001 140.13128571428572
1000 140.98842857142856
0100 141.84557142857142
0010 142.27414285714283
0001 142.70271428571428
1001 144.417
DIFFICULTY Beginner
0001 7.274142857142857
1000 8.988428571428571
0010 10.702714285714285
0100 12.417
0001 14.131285714285713
1000 15.845571428571427
0100 17.559857142857144
0010 19.27414285714286
0001 20.98842857142857
1000 22.702714285714286
0001 24.417
0100 26.131285714285713
0010 27.84557142857143
0100 29.559857142857144
0001 31.274142857142856
1000 32.98842857142857
0001 34.702714285714286
0010 36.417
0100 38.13128571428572
1000 39.845571428571425
0010 41.55985714285714
0100 43.274142857142856
0001 44.98842857142857
1000 46.702714285714286
0100 48.417
1000 50.13128571428571
0001 51.845571428571425
0100 53.55985714285714
0010 55.274142857142856
1000 56.98842857142857
0001 58.702714285714286
1000 60.417
0100 62.13128571428571
0010 63.845571428571425
0001 65.55985714285714
0010 67.27414285714285
0100 68.98842857142857
1000 70.70271428571428
0001 72.417
0100 74.13128571428571
0010 75.84557142857143
1000 77.55985714285714
0001 79.27414285714285
1000 80.98842857142857
0100 82.70271428571428
1000 84.417
0001 86.13128571428571
0100 87.84557142857143
0010 89.55985714285714
0100 91.27414285714285
0001 92.98842857142857
1000 94.70271428571428
0001 96.417
0010 98.13128571428571
0100 99.84557142857142
1000 101.55985714285714
0100 103.27414285714285
1000 104.98842857142857
0001 106.70271428571428
0100 108.417
0010 110.13128571428571
1000 111.84557142857142
0100 113.55985714285714
0010 115.27414285714285
0001 116.98842857142857
0010 118.70271428571428
0100 120.417
1000 122.13128571428571
0100 123.84557142857142
0010 125.55985714285714
0100 127.27414285714285
1000 128.98842857142856
0001 130.70271428571428
0100 132.417
0010 134.1312857142857
0100 135.84557142857142
0001 137.55985714285714
1000 139.27414285714286
0100 140.98842857142856
0010 142.70271428571428
1001 144.417
