0002
1003
0100
0010
0010
0001
2000
3000
1000
0100
0001
1000
0010
1000
0001
0010
0010
0001
0100
1000
0100
1000
1000
0010
0010
0001
0302
1000
0001
0010
0100
0100
0001
1000
1000
0100
0100
0010
0001
0100
0010
0001
0001
1000
0100
1000
0100
0001
1000
0100
0010
0010
0010
1000
0100
0010
0001
1000
0002
0013
1000
0003
0100
0100
1000
1003
0002
0010
0010
0010
1000
0100
0001
1000
0001
0020
0230
0010
1000
0001
0010
1000
0100
0100
0010
0011
0001
3001
0001
1000
1010
0001
1000
0001
1000
1000
0001
1000
0010
1000
1000
0010
0100
1001
0001
0010
0100
0010
1010
0001
1000
0100
0100
0100
0100
0001
0010
0010
0100
1000
0010
0010
0001
0100
0010
0001
0100
0101
0001
1000
0001
0001
1000
0010
0010
0001
0100
0001
0010
0010
1000
0100
1000
0001
0010
0100
2000
3100
1000
0010
0100
1000
0010
1000
0001
1000
0010
1000
0020
0001
0100
0100
0100
0010
0001
0010
1000
0200
0300
0001
1000
0001
0010
0100
0100
1000
0001
0010
1000
0100
1000
0100
1000
0100
0010
1000
0100
0100
0010
0010
0001
0100
1000
1000
0100
0010
0010
0100
0100
0001
0202
0300
1000
0020
0001
0010
0100
0100
1000
0001
0010
0010
1000
0001
0010
0100
0001
0001
0013
0310
0001
1000
0001
0001
1000
0001
0010
0100
0100
0010
0100
1000
0100
0001
0100
1000
0100
1000
0100
1000
0010
0100
0001
1000
0001
1000
0220
0300
0002
0003
2002
3003
0001
1000
0001
0010
0100
2010
3020
0032
1000
0100
1000
0001
0100
0100
0010
0001
0010
0001
0010
0001
0001
0100
1000
0001
0100
0110
1001
0010
2002
3003
0010
0010
0001
0010
1000
0100
0010
0020
1030
0010
0100
0010
1000
0100
1000
0011
1000
0001
0100
0010
0010
0010
0010
0001
1000
0100
0010
1000
0010
0010
0001
1000
0001
1000
0001
0200
0300
0100
2002
0002
0203
0001
1000
0100
1000
0001
0100
0001
0010
0100
0001
0100
0001
0100
1000
0001
1000
0001
0010
1000
0100
1000
0001
0010
0001
0001
1000
0001
2000
3001
0100
1000
1000
3001
1000
0001
0001
0100
0001
0100
0001
0010
0100
0010
0010
1010
0001
1000
0010
0002
0003
2002
0013
0100
0001
0010
0100
0001
0002
2003
3002
0103
1000
0001
1000
0100
0001
0010
0001
0100
0010
0001
1000
0100
0100
0001
0010
0010
0010
1000
0001
0100
1000
0010
0100
0010
0001
1000
0001
0100
0010
0001
1000
0001
0001
1000
1001
1000
0100
0010
1000
0010
0010
0001
1000
0010
0100
0100
0010
0001
0100
0001
0010
1000
0001
1000
1000
0100
0010
0100
0100
0100
0010
0001
1000
1000
1000
1000
0100
0010
0100
0010
0010
0001
1000
0010
0001
1000
0010
0001
0010
0010
1000
0001
1000
0010
0010
1000
1000
0100
0010
0100
0010
0100
0010
0010
0001
0010
1000
0001
0010
0010
0001
0010
1000
0100
0010
1000
0100
1000
0001
0001
0001
1000
0010
0010
0100
0001
0001
1000
0002
2003
3020
0001
1000
0010
0010
1000
0100
0010
1000
0010
0001
0010
0001
1000
0001
0100
0100
1000
1000
0100
1000
0001
0010
0100
0010
0100
0100
1000
0001
0010
0001
0010
0001
1000
0010
0001
0100
0010
0100
0010
1000
1000
0010
0011
0100
0001
0010
0001
0100
0010
0001
0010
0010
0010
1000
0001
0001
0001
1000
0001
0001
1000
0001
0001
1000
0001
1000
0010
0100
0001
0001
1000
0100
0100
0001
0100
0010
0002
2000
3000
0001
0100
0001
0010
1000
0100
0010
0001
0010
1000
0010
0001
1000
0001
0010
1000
0001
0001
1000
0001
0100
1000
0001
0200
1000
0001
1000
0010
0001
0001
0010
0010
0100
1000
0001
1000
0100
0100
2002
3003
2002
3003
1000
2002
3000
0001
1000
0010
0010
0001
1000
0100
0002
0203
0010
0001
0100
0001
1000
0001
0100
0010
0010
0010
0010
0001
0100
0001
1000
0001
0010
0100
1000
0001
0100
0010
1000
1000
0001
0110
1010
0001
1000
0001
0003
0100
0001
0003
0001
1000
0100
0010
0010
0010
0001
0010
0100
1000
1000
0100
0001
0010
0010
1000
0011
1000
0110
0010
0001
0010
1000
0100
0010
0100
0010
1000
0001
1001
0001
0010
0010
1000
0010
0001
1000
0100
0010
0001
1000
0001
0010
0100
1000
0010
0001
0010
0010
0001
1001
0010
0001
0010
3001
0010
0001
0010
1000
0001
0001
0200
0010
0010
0010
2000
3010
0100
2002
3003
