2000
3000
2002
3003
0002
1003
0110
0001
0010
1000
0100
0001
2000
3001
1002
0100
0010
0001
0010
1000
0001
0010
0001
0001
0010
0010
0001
1000
0100
0010
0001
1000
0100
0001
0010
0010
1000
0001
1000
0001
1000
0001
1000
0001
1003
1000
0001
1000
0100
1000
0010
1000
0011
0001
0001
0010
0100
0010
0010
0100
1000
0001
1000
1000
0001
0010
0010
0010
0100
0002
2003
3000
0010
0100
1000
0001
1000
0100
0010
1000
0001
1000
0001
0100
0001
0010
0100
0001
0103
0001
0010
0001
0010
0001
1000
0200
0001
1000
1001
1100
0100
0010
1000
0001
0010
0001
0010
0001
1000
0001
0100
0010
0001
0100
0010
0010
0100
1000
1000
0001
1000
0001
1000
1000
1000
1010
0010
0100
0010
1000
0001
1000
0100
0001
0010
0001
0010
0100
0010
0001
1000
0001
0010
0100
0002
0100
0010
1000
1000
0010
0010
0100
0010
0010
0010
0100
1000
0010
0001
1000
0001
0010
0100
0010
0010
0010
0100
1000
0001
0100
1000
0001
0001
1000
0001
0100
1000
0100
0010
0100
1000
0001
1000
0100
0100
0200
0300
1000
0001
0010
0100
1000
0010
0010
0001
0100
1000
0001
1000
0001
1000
0001
0100
1000
0010
0010
1000
0001
1000
0001
0010
0010
0010
1000
0010
0001
0100
1000
0100
0010
1000
0001
0100
1000
0100
1000
0001
1000
0100
0001
0100
1000
0002
1000
0001
1000
0001
0010
0010
0010
0001
0100
0010
0001
0001
0010
0100
1000
0001
0010
0100
0010
0001
0100
0010
0010
0001
0001
1000
0001
1000
0100
0010
0001
2003
0001
0010
1000
0010
0100
0001
1001
0010
1000
0001
0010
1100
0102
2002
3003
0001
0010
0100
2002
0003
0100
0010
0001
0003
0010
0010
1000
0010
1000
0102
1001
1000
0001
0010
0100
0100
0100
0020
0130
0010
0102
2003
3100
0002
0020
2030
0010
1000
0001
0001
0020
2030
0001
0003
1010
0001
0002
1003
0010
0001
0100
0010
0001
0100
0010
1000
0001
0001
0010
0002
0013
0010
1000
0100
0003
1000
0002
1003
0100
0001
0001
0001
0010
0100
0001
0013
0001
0003
0001
0010
0002
0203
1000
2002
3003
0001
0010
0001
1000
0010
0301
1000
0010
0100
0001
1000
1000
0001
2001
3010
0001
0010
0100
0001
3001
0001
1000
0001
1000
0010
0010
0001
0100
0010
0100
1000
0001
0010
0001
0010
0001
0001
0010
1000
0002
0003
1000
0100
0010
0010
0001
1000
0001
0010
0100
0001
0100
1000
0100
0010
0001
1000
0001
1000
0001
0010
0001
1000
0100
0010
1000
0001
1000
0001
0100
0100
0001
1000
0001
0100
0100
0010
1000
0100
0100
0100
0001
0002
2003
3000
1000
0010
0001
0010
0001
0100
0010
1000
0001
0001
1000
0100
0011
0001
0100
0001
1000
0100
1000
0010
1000
0020
0030
0010
1000
0001
0010
0100
0100
0001
0010
1001
2002
3003
0100
0100
1000
0100
0002
0003
