TITLE mirai_prism_camellia_remix
BPM 92.28515625
NOTES 
1000 0.04
0001 0.2
1001 1.08
1001 2.36
0001 2.57
1000 2.82
0001 3.65
1000 3.8
0001 3.85
1000 4.06
0001 4.3
1000 4.52
0001 4.91
1000 5.13
0001 5.35
1000 5.56
0001 5.92
1000 6.41
0001 6.64
1001 13.79
1001 14.57
1001 16.65
1001 17.47
1001 20.47
0001 20.54
1001 22.18
1001 28.08
1001 30.02
0001 30.11
1001 30.87
1001 32.59
1001 34.08
1001 35.71
1001 36.12
0101 37.07
0001 37.29
1001 37.84
1001 39.86
1001 40.3
1001 41.66
0001 41.7
1001 42.12
1001 45.0
0101 45.84
0001 46.07
1000 46.61
0001 46.71
0001 47.79
1001 48.23
1001 50.03
1001 52.44
0001 52.7
0001 53.47
1000 53.56
0001 54.43
1001 55.06
1001 56.95
0101 58.07
0001 58.29
0001 59.08
1000 59.13
0001 59.57
1000 59.79
0001 60.65
0001 61.5
1000 61.71
0001 61.93
1000 69.18
0001 69.22
1000 69.35
1000 76.51
0001 76.77
1001 79.72
1001 80.68
0101 81.53
0001 81.63
1001 82.93
1001 86.7
0001 87.17
1001 87.57
1001 90.44
1001 90.96
1001 91.93
1001 97.84
0101 98.59
1001 99.44
1001 101.16
0001 101.26
1001 104.29
1001 104.69
1001 105.55
1001 106.39
1001 107.23
1001 108.12
1001 109.32
0101 110.27
1000 110.34
0001 110.71
1001 112.61
1001 118.07
0101 118.72
0001 118.93
1000 119.46
0001 120.11
0001 121.18
1000 121.5
0001 121.82
1000 122.14
0001 122.35
1000 122.57
0001 122.89
1000 123.22
0001 123.53
1000 123.6
0001 123.85
1000 124.06
0001 124.1
1000 124.14
1000 127.74
0001 127.79
0010 127.83
0100 127.87
0010 127.91
0100 127.95
0010 127.99
0100 128.03
0010 128.07
0100 128.11
0010 128.15
0100 128.19
0010 128.23
0100 128.27
0010 128.31
0100 128.35
0010 128.39
0100 128.43
0010 128.47
0100 128.51
0010 128.55
0100 128.59
0010 128.63
0100 128.67
0010 128.71
0100 128.73
