TITLE oer_the_flood
BPM 129.19921875
NOTES 
1001 2.32
1001 3.71
0001 3.87
1000 3.95
0001 4.11
1000 4.19
0001 4.25
1000 4.32
0001 4.51
1000 4.58
0001 4.62
1000 4.73
0001 4.82
1000 4.91
0001 4.95
0001 6.07
1000 6.15
0001 6.39
1000 6.46
0001 6.5
0001 7.27
1000 7.42
0001 7.48
1000 7.59
0001 7.7
1000 7.74
0001 8.17
1000 8.25
0001 8.34
1000 8.51
0001 8.83
1000 8.93
0001 9.17
0001 9.86
1000 9.9
1001 12.22
1001 13.61
0001 14.09
1000 14.2
0001 14.26
1000 14.63
0001 14.76
1000 14.84
0001 16.28
0001 17.17
0001 18.41
0001 19.17
1000 19.8
0001 19.94
1000 20.4
0001 21.34
1000 21.96
0001 22.11
0001 22.89
0001 23.66
1000 23.78
0001 24.84
1000 24.88
0001 25.04
1000 29.2
0001 29.4
1000 29.92
0001 30.0
0001 31.86
1000 32.01
0001 32.78
1001 33.55
0101 34.73
0010 34.78
0100 34.85
0010 34.92
0100 35.18
1000 35.25
1001 38.05
0101 38.99
1000 39.1
0001 39.38
1000 39.59
0001 39.9
0001 40.67
1001 41.45
1001 43.52
0001 43.77
1000 43.92
0001 44.15
1000 44.38
0001 45.3
0001 46.24
1001 46.85
0101 47.95
1001 48.25
1001 50.57
1001 51.34
1001 83.74
1001 89.18
1001 138.63
1001 141.48
1001 143.5
0001 143.6
1000 143.79
0001 144.01
1000 148.46
