TITLE mischievous_function
BPM 99.38401442307692
NOTES 
1 0.02
8 0.18
1 0.39
8 0.59
1 0.79
8 0.89
1 1.09
8 1.38
1 1.59
8 1.78
1 1.98
8 2.19
1 2.39
8 2.68
1 2.98
8 3.19
1 3.38
8 3.58
1 3.79
8 3.99
1 4.28
8 4.58
9 5.0
9 6.0
8 6.32
1 6.4
8 6.58
9 6.79
9 10.69
9 14.8
9 15.8
9 17.21
9 18.0
9 19.59
8 19.69
1 19.79
8 20.0
1 20.09
8 20.29
1 20.39
8 20.58
1 20.79
8 20.89
1 20.99
8 21.18
1 21.29
8 21.39
1 21.59
8 21.69
1 21.89
8 21.99
1 22.18
9 22.58
9 23.39
8 23.99
1 24.18
8 24.39
1 24.59
8 24.89
1 25.09
9 25.78
8 26.52
9 26.89
8 27.59
9 27.79
9 28.98
8 29.18
9 29.7
8 29.89
1 30.19
8 30.39
1 30.59
8 30.79
9 30.99
9 32.19
9 33.09
8 33.39
9 33.97
8 34.09
9 36.49
8 36.79
9 36.98
9 38.58
9 39.59
8 39.99
1 40.18
9 40.38
9 41.79
9 42.6
8 43.19
9 43.39
9 44.98
8 45.19
9 46.2
8 46.58
1 46.7
9 47.79
9 50.49
8 51.18
9 51.78
9 52.78
8 52.98
9 54.0
8 54.58
9 54.98
9 55.98
8 56.18
9 57.58
9 58.99
8 59.18
9 60.42
8 60.8
1 60.99
9 61.19
9 65.8
9 70.4
9 72.32
9 73.58
9 79.99
9 81.78
9 83.37
9 83.41
9 86.79
8 86.89
1 86.99
8 87.09
1 87.2
8 87.29
1 87.48
8 87.59
1 87.78
8 87.99
1 88.09
8 88.19
1 88.39
8 88.49
1 88.59
8 88.79
1 88.89
8 89.09
9 89.19
9 90.69
