TITLE fantasy_world_repair_girl
BPM 129.19921875
NOTES 
1000 0.01
0001 0.47
1000 1.1
0001 1.42
1000 1.57
0001 1.73
1000 1.88
0001 2.81
1000 2.96
0001 3.11
1000 3.44
0001 4.06
1000 4.21
0001 5.46
1001 6.4
1001 9.97
1001 11.04
1001 15.48
1001 20.62
1001 21.46
1001 22.71
0001 23.18
1000 23.25
0001 23.32
0001 23.96
1000 24.25
0001 25.18
0001 25.8
1000 26.28
0001 26.43
1000 26.73
0001 27.06
0001 27.99
0001 28.92
1000 29.08
0001 30.62
1000 31.26
0001 31.39
1000 31.88
0001 32.5
1000 32.64
0001 33.13
1000 33.73
0001 34.06
1000 34.36
0001 35.14
0001 36.22
1000 36.52
0001 36.83
1000 41.05
0001 41.2
1001 41.97
1001 45.86
0001 46.18
1001 47.36
1001 48.67
0001 48.97
1000 49.13
0001 49.3
0001 50.54
1000 50.69
0001 51.16
0001 52.39
1000 53.03
0001 53.17
1000 53.64
0001 54.42
1001 55.29
1001 57.76
0101 58.87
1000 58.96
0001 59.06
1000 59.22
0001 59.39
1001 63.12
1001 68.57
1001 72.91
0001 73.16
1001 74.93
1001 78.61
0101 79.28
1000 79.44
0001 79.53
1000 79.61
1000 84.73
0001 84.89
1000 91.03
0001 91.1
0001 92.96
1001 93.54
1001 94.68
1001 95.8
0001 96.22
1000 96.4
0001 96.77
0001 98.1
