TITLE happy_screaming_night_businessman
BPM 117.45383522727273
NOTES 
1 0.25
8 0.55
1 0.66
8 0.84
1 0.9
8 1.05
9 1.68
8 1.92
1 2.11
8 2.7
1 2.91
8 3.27
1 3.59
8 3.91
1 4.03
8 4.29
1 4.4
8 4.53
9 4.78
9 5.92
8 6.42
1 6.54
8 6.8
1 7.03
8 7.43
9 7.92
8 8.42
1 8.54
9 9.41
8 9.93
9 10.54
8 10.8
1 10.89
8 11.02
9 11.42
8 11.92
1 12.03
9 13.04
8 13.54
1 14.04
8 14.17
1 14.3
8 14.53
1 14.68
8 14.92
1 15.04
8 15.29
1 15.54
8 15.8
1 15.91
8 16.04
9 16.22
9 17.43
8 17.54
1 17.79
8 17.92
1 18.04
8 18.16
1 18.39
8 18.53
1 18.72
8 18.81
1 18.92
8 19.05
1 19.29
9 19.91
8 20.29
9 20.55
9 27.23
9 35.24
8 35.73
1 35.98
8 36.29
9 37.17
8 37.3
9 38.05
8 38.4
9 39.04
8 39.3
1 39.43
8 39.54
9 40.05
9 41.17
8 41.41
1 41.54
8 42.04
1 42.43
8 42.53
9 43.04
8 43.28
1 43.43
8 43.55
9 44.05
8 44.29
9 45.41
9 46.42
8 46.54
1 46.8
8 47.05
1 47.42
8 47.53
9 47.92
8 48.42
9 49.41
8 49.91
9 50.54
8 51.04
9 51.42
9 53.41
8 53.79
1 54.03
8 54.42
1 54.54
8 54.79
1 54.89
8 55.04
1 55.3
8 55.41
1 55.56
8 55.79
1 56.04
9 56.41
9 57.41
8 57.55
1 57.79
8 58.29
1 58.42
8 58.55
9 59.41
8 59.54
1 59.91
8 60.05
1 60.29
8 60.42
1 60.54
9 61.54
8 61.81
9 62.29
8 62.68
1 62.92
8 63.04
1 63.29
8 63.54
1 63.79
8 63.92
9 64.05
9 65.42
8 65.78
9 66.29
8 66.54
9 68.36
9 69.33
8 69.42
1 69.55
8 69.67
1 69.81
8 69.93
1 70.05
8 70.23
9 70.72
8 70.89
9 71.79
8 72.05
1 72.29
8 72.42
1 72.67
8 72.85
1 72.99
8 73.43
1 73.55
8 73.67
1 73.8
8 74.01
1 74.29
8 74.92
1 75.04
8 75.32
1 75.38
8 75.86
1 76.04
9 76.84
9 78.04
8 78.34
1 78.46
8 78.54
1 78.84
8 78.96
1 79.04
9 79.79
8 80.03
9 82.04
8 82.34
1 82.46
8 82.6
1 82.66
8 82.77
1 82.84
8 82.96
1 83.04
9 83.79
8 84.03
9 85.29
9 89.94
9 90.23
9 92.56
9 93.29
9 94.66
8 94.8
9 95.67
9 100.29
9 102.29
9 103.67
8 104.17
1 104.29
8 104.35
1 104.42
8 104.54
1 104.79
8 105.04
1 105.17
8 105.29
1 105.54
8 105.78
1 105.92
8 106.04
9 106.54
8 106.92
1 107.17
8 107.42
1 107.54
8 107.92
1 108.17
8 108.3
1 108.55
8 108.92
9 109.17
9 110.17
8 110.67
9 111.42
8 111.54
9 111.92
8 112.55
1 113.04
9 113.17
9 114.92
9 115.55
9 116.54
9 118.55
9 119.55
9 120.3
9 122.3
8 122.42
1 122.54
8 122.79
1 122.92
8 123.04
1 123.17
8 123.3
1 123.41
8 123.54
1 123.78
8 123.93
1 124.03
8 124.17
1 124.42
8 124.55
1 124.8
8 125.04
9 125.54
9 126.53
8 127.04
1 127.29
8 127.54
1 127.92
8 128.04
1 128.3
8 128.54
1 128.79
8 128.92
1 129.04
9 129.21
9 130.54
8 131.29
1 131.53
8 131.67
1 131.91
8 132.04
1 132.29
8 132.54
1 132.8
8 132.92
1 133.04
9 133.22
9 135.91
8 136.05
9 136.54
9 136.92
9 140.04
8 140.54
1 140.92
9 141.07
9 147.0
