TITLE common_world_domination
BPM 151.99908088235293
NOTES 
1000 0.2
0001 0.61
1000 1.01
0001 1.2
1000 1.4
0001 1.8
1000 1.9
0001 2.2
0001 2.89
0001 3.5
0001 4.2
1000 4.3
0001 4.42
1000 4.6
0001 4.71
1000 4.91
0001 5.1
1000 5.31
0001 5.4
1000 5.79
0001 6.09
1000 6.39
0001 6.6
1000 6.68
0001 7.4
1000 7.61
0001 8.2
1000 8.3
0001 8.91
0001 9.6
1000 9.88
0001 10.6
1000 10.8
0001 11.71
1000 12.26
0001 12.41
1000 12.62
0001 12.72
1001 18.51
1001 20.71
1001 21.01
1001 24.1
0101 25.1
1000 25.2
0001 25.3
1000 25.5
0001 25.6
0001 26.79
0001 27.6
1000 27.79
0001 28.52
1000 29.11
0001 29.29
1000 29.38
0001 29.79
1000 29.99
0001 30.2
0001 31.0
0001 31.98
1000 32.27
0001 33.2
0001 34.0
1000 34.2
0001 34.8
1000 35.32
0001 35.59
1000 35.87
0001 35.98
1000 36.4
0001 36.8
1000 37.03
0001 38.37
1000 38.79
0001 39.2
1000 39.39
0001 40.3
1000 40.39
0001 41.89
1000 42.16
0001 42.99
1000 43.41
0001 44.2
1000 44.71
0001 45.41
1001 46.2
1001 47.96
0101 48.83
1001 49.18
1001 50.81
1001 51.2
1001 58.52
1001 62.39
0101 63.19
1001 63.79
1001 75.1
0001 75.42
0001 76.32
1000 76.37
0001 76.56
1000 76.78
0001 77.01
1000 77.25
0001 77.32
1001 77.59
1001 83.39
1001 83.91
1001 89.09
0001 89.39
1000 89.69
0001 89.99
1001 92.57
0101 93.64
0010 93.68
0100 93.8
1000 94.37
0001 94.41
1000 94.47
0001 94.51
1000 94.55
0001 94.98
1000 95.35
0001 95.46
1000 95.51
0001 95.77
1000 95.82
0001 95.86
0010 95.9
0100 95.94
0010 95.98
0100 96.02
0010 96.06
0100 96.1
0010 96.14
0100 96.18
0010 96.22
0100 96.26
0010 96.3
0100 96.34
0010 96.38
0100 96.42
0010 96.46
0100 96.5
0010 96.54
0100 96.58
0010 96.62
0100 96.66
0010 96.7
0100 96.74
0010 96.78
0100 96.82
0010 96.86
0100 96.9
0010 96.94
0100 96.98
0010 97.02
0100 97.06
0010 97.1
0100 97.14
0010 97.18
0100 97.22
