TITLE squeaksystem
BPM 135.99917763157896
NOTES 
1000 0.05
0001 0.49
1000 0.64
0001 0.81
1000 0.97
0001 1.42
0001 2.0
0001 2.98
1000 3.31
0001 4.52
0001 5.17
1000 5.31
0001 5.51
1000 5.65
0001 6.1
1001 6.67
0101 7.66
1001 7.99
1001 9.2
0001 9.41
1000 9.85
0001 9.99
1000 10.32
0001 10.43
1000 10.73
0001 11.46
0001 12.33
1000 12.66
0001 12.77
0001 13.64
1000 13.94
0001 14.08
1000 14.52
0001 14.67
1000 15.0
0001 15.11
1000 15.4
0001 15.85
1000 16.14
0001 16.42
1000 17.01
0001 17.34
1000 17.44
0001 18.17
1000 18.32
0001 18.47
1000 18.62
0001 18.76
1000 18.91
0001 19.05
1000 19.2
0001 19.34
1000 19.63
0001 19.78
1000 20.22
0001 20.51
1000 20.8
0001 20.95
1000 21.24
0001 21.39
1000 21.53
0001 21.68
1000 21.83
0001 21.97
1000 22.11
0001 22.26
1000 22.4
0001 22.56
1000 22.7
0001 22.85
1000 23.0
0001 23.14
1000 23.29
0001 23.58
1000 23.73
0001 23.87
1000 24.02
0001 24.31
1000 24.45
0001 24.89
1000 25.19
0001 25.48
1000 25.63
0001 25.91
1000 26.06
0001 26.21
1000 26.35
0001 26.5
1000 26.65
0001 26.79
1000 26.93
0001 27.08
1000 27.23
0001 27.38
1000 27.53
0001 27.68
1000 27.82
0001 27.96
1000 28.25
0001 28.4
1000 28.55
0001 28.69
1000 28.99
0001 29.13
1000 29.57
0001 29.86
1000 30.15
0001 30.3
1000 30.59
0001 30.74
1000 30.88
0001 31.03
1000 31.18
0001 31.32
1000 31.46
0001 31.61
1000 31.76
0001 31.91
1000 32.05
0001 32.2
1000 32.36
0001 32.49
1000 32.64
0001 32.93
1000 33.08
0001 33.22
1000 33.37
0001 33.66
1000 33.81
0001 34.25
1000 34.54
0001 34.83
1000 34.98
0001 35.26
1000 35.42
0001 35.56
1000 35.7
0001 35.85
1000 36.0
0001 36.14
1000 36.29
0001 36.43
1000 36.59
0001 36.73
1000 36.88
0001 37.03
1000 37.17
0001 37.31
1000 37.61
0001 37.75
1000 38.05
0001 38.49
1000 38.77
0001 39.21
1000 39.36
0001 39.51
1000 39.95
0001 40.25
1000 40.38
0001 40.69
1000 40.82
0001 42.28
1000 42.43
0001 42.73
1000 43.16
0001 43.45
1000 43.89
0001 44.04
1000 44.18
0001 44.62
1000 44.78
0001 44.91
1000 45.06
0001 45.21
1000 45.36
0001 45.5
0001 46.96
1000 47.1
0001 47.69
1000 47.98
0001 48.12
0001 49.3
1000 49.45
0001 49.57
1000 49.73
0001 50.03
1000 50.33
0001 50.76
0001 51.63
1000 51.78
0001 52.65
1000 52.8
0001 53.53
1000 53.97
0001 54.25
1000 54.4
0001 54.71
1000 54.84
0001 55.13
1000 55.44
0001 56.31
1000 56.46
0001 56.75
1000 57.19
0001 57.35
1000 57.47
0001 57.63
1000 57.92
0001 58.07
1000 58.21
0001 58.36
1000 58.5
0001 58.65
1000 58.79
0001 58.94
1000 59.08
0001 59.4
1000 59.52
0001 60.11
0001 60.99
1000 61.13
0001 61.28
1000 61.42
0001 61.86
1000 62.02
0001 62.15
1000 62.3
0001 62.45
1000 62.59
0001 62.74
1000 62.88
0001 63.03
1000 63.18
0001 63.32
1000 63.47
0001 63.62
1000 63.75
0001 64.07
1000 64.2
0001 64.78
1000 65.21
0001 65.66
1000 65.81
0001 65.96
1000 66.1
0001 66.54
1000 66.7
0001 66.98
1000 67.27
0001 67.42
1000 67.56
0001 67.71
1000 67.85
0001 68.0
1000 68.15
0001 68.29
1000 68.43
0001 68.75
1000 68.87
0001 69.46
0001 70.34
1000 70.49
0001 70.63
1000 70.77
0001 71.21
1000 71.37
0001 71.5
1000 71.65
0001 71.8
1000 71.95
0001 72.1
1000 72.24
0001 72.39
1000 72.53
0001 72.67
1000 73.11
0001 73.29
1000 73.4
0001 73.55
1000 73.84
0001 73.97
1000 74.14
0001 74.31
1000 74.42
0001 74.73
1000 74.87
0001 75.02
1000 75.16
0001 75.31
1000 75.45
0001 75.6
1000 75.89
0001 76.18
1000 76.33
0001 76.48
1000 76.62
0001 76.77
1000 76.91
0001 77.79
1000 77.95
0001 78.08
1000 78.23
0001 78.52
1000 78.67
0001 78.82
1000 78.95
0001 79.25
1000 79.69
0001 79.84
1000 79.98
0001 80.13
1000 80.28
0001 80.57
1000 80.86
0001 81.0
1000 81.15
0001 81.3
1000 81.45
0001 81.59
1000 82.17
0001 82.47
1000 82.62
0001 82.76
1000 82.9
0001 83.19
1000 83.34
0001 83.49
1000 83.63
0001 83.93
1000 84.07
0001 84.22
1000 84.37
0001 84.52
1000 84.66
0001 84.8
0001 85.54
1000 85.68
0001 85.83
1000 85.98
0001 87.14
1000 87.3
0001 87.43
1000 87.58
0001 87.87
1000 88.02
0001 88.17
1000 88.3
0001 88.6
1000 88.75
0001 88.89
1000 89.04
0001 89.19
1000 89.33
0001 89.48
0001 90.21
1000 90.35
0001 90.5
1000 90.65
0001 91.82
1000 92.11
0001 92.23
1001 93.57
1001 94.88
1001 96.34
1001 96.8
1001 99.56
1001 101.48
1001 103.07
1001 104.23
1001 105.7
1001 106.15
1001 107.74
1001 108.91
0101 110.08
1000 110.23
0001 110.38
1000 110.52
0001 110.67
1000 110.82
0001 110.96
1000 111.25
0001 111.4
1000 116.66
0001 116.85
1000 116.9
0001 116.94
0010 116.96
