TITLE this_is_not_the_end
BPM 143.5546875
NOTES 
1 1.84
8 1.99
9 3.15
8 3.31
9 5.25
8 5.69
9 6.31
8 6.95
1 7.15
8 7.28
1 7.33
8 7.75
1 7.86
8 7.94
9 8.85
8 9.05
1 9.16
8 9.75
1 9.83
8 10.48
1 10.55
9 10.59
9 12.46
8 12.53
1 12.57
8 12.78
9 13.46
8 13.86
1 14.05
9 14.73
9 15.53
8 16.23
1 16.38
9 17.27
8 17.47
9 18.14
8 18.33
1 18.56
8 18.91
1 19.02
9 19.84
9 20.92
9 21.98
8 22.42
1 22.62
8 22.71
1 22.86
8 23.1
1 23.26
8 23.47
1 23.92
8 24.03
1 24.35
8 24.85
1 24.98
8 25.11
1 25.2
8 25.41
1 25.7
8 25.97
1 26.05
8 26.35
1 26.4
8 26.48
1 26.59
8 26.67
1 26.71
8 26.75
9 26.9
9 30.33
8 30.91
1 31.19
8 31.62
1 32.05
8 32.28
9 33.11
9 36.04
8 36.23
9 38.26
9 38.96
9 39.98
9 40.85
9 44.79
9 48.55
9 50.94
9 51.98
8 52.07
1 52.39
9 52.81
9 54.69
9 56.29
8 56.7
1 57.03
8 57.33
9 58.2
8 58.85
9 58.96
9 60.89
8 61.09
1 61.42
8 61.63
1 61.83
8 62.17
1 62.27
9 62.37
9 64.1
8 64.3
9 66.54
9 67.4
9 68.37
9 72.99
8 73.71
1 73.84
8 74.04
1 74.24
8 74.39
1 74.48
8 74.59
9 75.34
9 76.44
8 77.27
1 77.47
8 77.67
1 77.79
8 77.92
1 78.02
8 78.13
1 78.33
9 79.1
8 79.36
1 79.41
9 80.42
8 80.56
1 80.71
8 80.79
1 80.89
8 81.09
1 81.44
8 81.59
1 81.67
8 82.2
1 82.29
8 82.43
9 83.17
9 84.16
8 84.32
1 84.52
8 84.77
1 85.18
8 85.31
1 85.56
8 85.79
9 86.38
9 88.2
8 88.97
9 89.08
9 90.76
8 91.63
1 91.73
8 91.85
9 92.06
9 93.24
8 93.33
9 95.06
9 95.15
9 97.87
8 97.96
1 98.05
8 98.17
9 98.49
9 99.98
8 100.08
1 100.19
9 100.52
9 101.66
9 102.66
9 104.54
9 106.17
9 108.15
8 108.5
9 108.98
9 109.61
9 110.83
8 111.38
1 111.91
8 111.95
9 113.17
8 113.36
9 115.03
8 115.35
9 116.7
9 118.1
9 125.6
9 126.83
8 127.26
9 127.7
9 133.46
9 136.18
9 136.42
9 139.32
8 139.6
9 141.12
8 141.21
1 141.25
8 141.32
9 141.53
9 147.52
