TITLE no_money_down_low_monthly_payments
BPM 95.703125
NOTES 
1 0.04
8 0.36
1 0.85
8 1.0
1 1.3
8 1.45
9 1.95
8 2.79
1 2.9
8 3.05
1 3.21
9 3.84
8 4.16
1 4.48
9 4.96
8 5.59
1 5.76
8 5.9
1 6.05
8 6.55
1 6.85
8 7.01
1 7.33
8 7.65
9 8.12
8 8.43
1 8.59
8 9.06
1 9.54
8 9.71
1 10.02
8 10.34
1 10.65
8 11.12
1 11.45
8 11.61
1 11.93
8 12.07
1 12.24
8 12.4
1 12.54
8 13.18
1 13.35
8 13.5
1 13.66
8 13.82
1 14.14
8 14.3
1 14.46
8 14.51
1 14.61
8 14.93
9 15.24
9 16.66
8 16.98
1 17.15
8 17.45
9 17.93
8 18.25
9 19.04
8 19.67
1 19.84
9 20.3
8 20.94
1 21.26
8 21.41
1 21.73
8 22.22
1 22.53
8 22.85
1 23.3
8 23.46
1 23.63
9 24.42
8 24.71
1 25.06
8 25.36
1 25.52
9 26.01
8 26.64
1 26.96
8 27.26
1 27.42
8 27.9
1 28.21
8 28.54
9 29.17
8 29.49
9 29.81
9 32.02
8 32.66
9 33.3
8 33.94
9 34.24
9 35.36
9 36.46
9 37.73
8 38.0
1 38.04
9 38.1
9 39.94
8 40.26
9 40.58
9 41.53
9 41.85
9 44.38
9 46.45
8 46.59
1 46.84
8 47.2
1 47.38
9 47.78
8 48.5
1 48.81
9 49.12
9 50.85
8 51.18
1 51.25
8 51.34
1 51.64
8 52.13
1 52.29
9 53.24
8 53.71
1 53.87
8 54.02
1 54.18
8 54.51
1 54.81
8 55.14
1 55.45
8 55.61
1 55.93
8 56.09
1 56.4
8 56.72
1 56.95
8 57.04
9 57.36
8 58.21
9 58.32
9 61.96
9 62.39
9 64.96
8 65.59
1 65.91
8 66.23
1 66.54
9 66.85
9 67.81
8 68.13
9 68.43
9 69.71
8 70.34
1 70.65
8 70.97
1 71.3
8 71.52
1 71.61
8 71.91
1 72.01
8 72.24
9 72.89
9 74.14
9 74.77
9 75.73
8 76.34
9 76.99
8 77.23
1 77.54
8 77.63
1 78.1
8 78.24
9 78.9
8 79.12
1 79.52
8 79.82
9 80.17
8 80.8
1 80.96
9 82.07
8 82.38
1 82.53
8 82.68
1 82.85
8 83.0
1 83.16
8 83.33
9 83.48
9 84.82
9 86.49
8 86.96
1 87.12
9 87.42
9 88.63
9 89.32
9 90.21
9 92.34
9 93.45
9 95.04
8 95.18
9 95.98
9 96.94
8 97.25
9 98.83
9 100.73
8 101.05
1 101.36
8 101.69
1 102.01
8 102.32
1 102.64
8 102.98
9 103.59
9 104.46
8 105.17
1 105.4
9 106.12
9 106.53
9 108.63
