0.01
0.05
0.11
0.16
0.24
0.5
0.74
0.99
1.25
1.66
1.91
2.17
2.41
2.66
2.91
3.0
3.16
3.67
4.17
5.13
6.75
6.99
7.89
9.5
10.5
10.92
11.0
14.1
15.16
16.91
17.91
19.5
19.74
20.0
20.26
20.91
21.5
21.91
22.61
24.0
24.4
24.92
25.91
26.0
26.7
27.41
27.5
28.0
28.26
28.5
28.829999999999995
28.91
29.0
29.5
30.41
30.5
30.65
32.75
33.76
34.42
34.49
34.76
34.99
35.4
35.49
35.99
36.25
36.41
36.99
37.99
38.52
38.76
41.5
41.74
42.26
42.3
42.5
42.75
48.49
48.76
49.5
50.39
50.5
51.59
51.91
52.47
52.99
58.38
58.48
59.8
60.36
60.49
65.25
65.91
66.76
66.93
67.51
68.01
68.26
68.44
68.72
69.1
69.25
70.16
71.41
72.1
72.67
75.0
75.58
75.62
76.25
76.5
77.49
77.66
78.26
79.0
79.4
79.49
79.65
80.41
82.4
82.99
83.45
87.91
89.65
91.49
91.93
95.12
96.33
108.17
108.89
108.96
109.39
109.46
109.88
109.96
111.14
111.25
111.43
111.65
112.31999999999998
112.7
113.78
115.66
116.64
116.69
116.73
116.77
116.81
116.85
116.89
116.93
116.97
117.01
117.05
117.09
117.13
117.17
117.21
117.25
117.29
117.33
117.37
117.41
117.45
117.49
117.53
117.56999999999998
117.61
117.65
117.69
117.73
117.77
117.81
117.85
117.89
117.93
117.97
118.01
118.05
118.09
118.1
