0.18
3.67
3.99
4.09
4.16
4.48
4.83
4.99
5.15
5.32
5.49
5.67
5.83
6.15
6.32
6.65
6.99
7.48
7.64
8.14
8.3
8.47
8.64
8.8
8.97
9.13
9.3
9.48
9.63
9.79
10.13
10.29
10.45
10.79
10.95
11.3
11.95
12.46
12.78
13.12
13.28
13.44
13.77
13.86
14.1
14.28
14.45
14.61
14.77
15.15
15.26
16.74
17.08
17.26
17.37
17.59
17.74
17.92
18.08
18.25
18.41
18.58
18.75
18.92
19.08
19.24
19.57
19.74
19.91
20.24
20.4
20.57
20.9
21.07
21.23
21.56
21.72
21.9
22.23
22.56
22.89
23.05
23.22
23.39
23.55
23.89
24.05
24.22
24.38
24.55
24.71
24.88
25.04
25.21
25.37
25.55
25.7
25.87
26.04
26.21
26.37
26.54
26.87
27.11
27.2
27.53
27.86
28.2
28.36
28.53
28.69
28.86
29.02
29.19
29.52
29.68
29.85
30.01
30.19
30.34
30.52
30.85
31.01
31.18
31.34
31.51
31.66
31.84
31.99
32.17
32.33
32.5
32.66
32.83
32.99
33.17
33.32
33.5
33.66
33.83
33.99
34.16
34.49
34.83
34.98
35.16
35.3
35.49
35.65
35.82
35.98
36.15
36.31
36.48
36.64
36.81
36.97
37.15
37.48
37.64
37.81
38.14
38.47
38.81
38.96
39.14
39.3
39.63
39.8
39.96
40.14
40.46
40.62
40.79
41.13
41.45
41.62
41.79
42.12
42.43
42.61
43.11
43.44
43.6
43.77
44.11
44.2
44.27
44.44
44.77
44.93
45.1
45.27
45.43
45.6
45.76
46.42
46.92
47.25
47.42
47.75
48.08
48.25
48.41
48.75
49.08
49.41
49.58
49.74
50.07
50.23
50.4
50.56
50.74
50.9
51.07
51.22
51.4
51.56
51.74
51.89
52.06
52.22
52.39
52.55
52.73
52.88
53.06
53.22
53.39
53.54
53.72
54.05
54.21
54.38
54.71
54.87
55.05
55.21
55.37
55.53
55.71
55.87
56.04
56.2
56.37
56.53
56.71
56.86
57.04
57.37
57.53
57.7
57.85
58.03
58.19
58.36
58.52
58.7
58.78
58.85
59.02
59.35
59.52
59.69
60.02
60.35
60.51
60.68
60.84
61.01
61.34
61.5
61.67
62.01
62.17
62.34
62.65999999999999
62.82
63.0
63.13
63.33
63.49
63.67
64.0
64.1
64.15
64.33
64.44
64.49
64.66
64.81
64.99
65.14
65.32
65.48
65.65
65.81
65.98
66.15
66.32
66.65
66.81
66.98
67.14
67.31
67.47
67.64
67.8
67.98
68.13
68.3
68.47
68.63
68.8
68.97
69.13
69.3
69.64
69.97
70.29
70.63
70.78
70.96
71.12
71.29
71.45
71.62
71.96
72.28
72.44
72.62
72.77
72.95
73.1
73.28
73.43
73.61
73.93
74.09
74.27
74.43
74.61
74.7
74.77
74.94
75.09
75.26
75.42
75.6
75.75
75.93
76.26
76.42
76.59
76.67
76.74
76.92
77.08
77.25
77.42
77.59
77.75
77.91
78.08
78.25
78.41
78.58
78.74
78.91
79.08
79.24
79.41
79.58
79.74
79.91
80.24
80.72
80.9
82.47
82.57
82.66
82.71
82.99
83.71
83.89
84.04
84.21
84.55
84.7
84.87
85.05
85.21
85.38
85.54
85.87
86.03
86.21
86.7
87.04
87.7
87.87
88.03
88.2
88.53
88.69
88.86
89.36
89.68
90.03
90.34
90.52
90.86
91.02
91.17
91.34
91.51
91.68
92.01
92.34
92.67
92.84
93.01
93.17
93.34
93.51
94.16
94.28
94.49
94.66
94.83
94.99
95.16
95.32
95.49
95.66
95.82
95.99
96.15
96.31
96.47
96.81
97.14
97.31
97.48
97.64
97.8
97.97
98.14
98.3
98.47
98.63
98.81
98.97
99.13
99.29
99.47
99.73
99.8
99.96
100.13
100.29
100.46
100.62
100.96
101.12
101.46
101.78
101.95
102.12
102.28
102.46
102.61
102.78
102.96
103.11
103.44
103.61
103.78
103.94
104.11
104.27
104.44
104.61
104.78
104.93
105.11
105.26
105.44
105.59
105.77
106.1
106.43
106.59
106.76
106.92
107.09
107.25
107.42
107.75
107.91
108.08
108.25
108.42
108.58
108.75
108.89
109.08
109.23
109.41
109.75
109.9
110.08
110.22
110.4
110.56999999999998
110.74
110.9
111.06999999999998
111.16
111.4
111.52
111.73
111.83
112.06
112.22
112.4
112.55
112.73
113.06
113.22
113.39
113.55
113.72
113.88
114.05
114.2
114.38
114.54
114.71
115.04
115.2
115.37
115.5
115.71
115.86
116.04
116.37
116.53
116.7
117.04
117.2
117.37
117.7
117.85
118.03
118.14
118.36
118.52
118.69
118.85
119.03
119.18
119.36
119.49
119.68
119.84
120.02
120.35
120.43
120.5
120.67
120.78
121.0
121.17
121.34
121.5
121.67
121.81999999999998
122.01
122.11
122.34
122.5
122.67
122.81999999999998
123.0
123.16
123.33
123.49
123.67
123.81999999999998
123.99
124.15
124.33
124.48
124.66
124.99
125.14
125.31999999999998
125.47
125.65
125.8
125.99
134.92000000000002
