1.37
1.49
1.62
1.86
1.99
2.11
2.35
2.59
2.85
3.09
3.34
3.83
3.96
4.32
4.82
5.06
5.31
5.43
5.54
5.79
6.04
6.29
6.53
6.77
7.03
7.22
7.29
7.53
7.64
7.71
7.89
9.0
9.23
9.37
9.5
10.23
10.72
10.96
11.21
11.46
11.69
11.84
11.92
12.13
12.19
12.44
12.55
12.68
12.93
13.02
13.17
13.42
13.56
13.6
13.67
13.81
13.88
13.92
14.16
14.26
14.33
14.4
14.48
14.53
14.65
14.789999999999997
14.9
15.14
15.39
15.63
16.13
16.62
16.84
17.11
17.35
17.6
17.84
18.03
18.09
18.32
18.59
18.83
19.08
19.2
19.32
19.56
19.81
19.86
19.92
19.98
20.06
20.29
20.54
20.79
21.05
21.18
21.28
21.53
21.78
22.03
22.17
22.27
22.46
22.52
22.77
23.01
23.25
23.5
23.74
24.0
24.09
24.22
24.46
24.51
24.71
24.98
25.22
25.4
25.47
25.71
25.96
26.1
26.2
26.45
26.7
26.95
27.19
27.43
27.69
27.93
28.079999999999995
28.17
28.42
28.6
28.67
28.91
29.06
29.16
29.4
29.54
29.65
29.89
30.14
30.22
30.27
30.329999999999995
30.39
30.579999999999995
30.64
30.79
30.88
31.12
31.37
31.54
31.62
31.86
32.1
32.35
32.6
32.75
32.79
32.84
32.96
33.1
33.23
33.34
33.48
33.58
33.83
34.07
34.22
34.32
34.57
34.82
35.18
35.3
35.55
35.71
35.8
35.96
36.04
36.29
36.54
36.78
37.03
37.27
37.52
37.77
38.01
38.26
38.51
38.75
38.99
39.24
39.48
39.68
39.73
39.97
40.22
40.47
40.97
41.3
42.26
42.92
43.18
43.42
43.67
43.91
44.16
44.32
44.4
44.65
44.79
44.9
45.14
45.63
45.88
46.13
46.62
46.78
46.83
47.11
47.26
47.36
47.59
47.84
48.1
48.26
48.37
48.44
48.53
48.58
48.83
48.95
49.08
49.56
50.06
50.3
50.55
50.65
50.76
51.04
51.28
51.53
51.78
51.91
52.02
52.27
52.39
52.52
52.76
52.88
53.01
53.13
53.25
53.5
53.75
54.0
54.23
54.32
54.73
54.94
54.98
55.19
55.46
55.72
55.96
56.21
56.42
56.69
56.81
56.95
57.19
57.44
57.68
57.93
58.12
58.17
58.42
58.90999999999999
59.15999999999999
59.4
59.64
59.9
60.13
60.38
60.62
60.88
61.12
61.37
61.61
61.86
62.1
62.36
62.6
62.85
63.09
63.34
63.58
63.83
64.06
64.32
64.57
64.68
64.81
65.25
65.31
65.55
65.8
66.04
66.29
66.53
66.78
67.02
67.51
67.69
67.77
68.02
68.26
68.5
68.63
68.75
68.99
69.11
69.24
69.48
69.61
69.74
69.98
70.23
70.47
70.59
70.72
70.96
71.21
71.45
71.7
71.95
72.2
72.44
72.55
72.68
72.93
73.05
73.18
73.43
73.67
73.91
74.16
74.39
74.65
75.15
75.38
75.63
75.76
75.88
76.13
76.36
76.62
76.75
76.86
76.99
77.11
77.61
77.84
78.09
78.34
78.59
78.83
79.08
79.32
79.57
79.81
79.96
80.06
80.2
80.31
80.56
81.05
81.78
82.03
82.28
82.35
82.51
82.73
82.77
83.02
83.5
83.69
83.75
83.99
84.24
84.37
84.49
84.62
84.73
84.87
84.98
85.47
85.71
85.8
85.84
85.91
85.96
86.17
86.33
86.45
86.7
86.95
87.19
87.44
87.88
87.93
88.18
88.42
88.66
88.91
89.41
89.64
89.9
90.39
90.59
90.75
90.88
91.0
91.13
91.25
91.37
91.62
91.86
92.1
92.23
92.35
92.48
92.72
92.85
93.34
93.57
93.83
94.07
94.13
94.33
94.82
95.06
95.3
95.55
96.54
96.61
96.79
97.03
97.28
97.52
97.77
98.5
99.24
99.33
100.15
100.43
100.47
100.56
100.62
100.72
100.79
100.96
101.94
102.19
102.44
102.68
102.92
103.17
103.34
103.42
103.67
103.8
103.91
104.16
104.4
104.64
104.98
105.14
105.53
105.63
105.83
105.88
106.12
106.37
106.62
106.86
106.99
107.11
107.53
107.59
107.85
107.95
108.09
108.34
108.59
108.72
109.08
109.31999999999998
109.56999999999998
109.81
110.06
110.3
110.48
110.55
110.79
110.92
111.04
111.29
111.41
111.53
111.78
111.9
111.97
112.03
112.15
112.21
112.27
112.52
112.76
113.01
113.25
113.75
114.0
114.13
114.24
114.49
114.73
114.96
115.23
115.35
115.4
115.44
115.71
115.96
116.08
116.21
116.45
116.58
116.95
117.2
117.43
117.93
118.06
118.18
118.25
118.3
118.42
118.66
118.8
118.9
119.15
119.4
119.65
119.89
120.01
120.11
120.39
120.63
120.88
121.13
121.24
121.37
121.62
121.86
122.11
122.36
122.6
122.73
122.79
122.84
123.03
123.09
123.34
123.56999999999998
123.83
124.08
124.26
124.31999999999998
124.56999999999998
124.69
124.8
125.06
125.3
125.43
125.54
125.8
126.04
126.29
126.53
126.66
126.78
127.03
127.14
127.27
127.52
127.76
128.01
128.14
128.26
128.37
128.5
128.74
128.88
129.0
129.25
129.37
129.48
129.62
129.67
129.74
129.86
129.98
132.05
