0.72
1.01
1.33
2.28
2.55
2.75
2.91
3.23
3.54
3.68
3.86
4.04
4.17
4.54
4.8
5.13
5.43
5.72
6.07
6.19
6.25
6.39
6.54
6.7
7.0
7.18
7.33
7.47
7.65
7.96
8.28
8.6
8.73
8.91
9.22
9.71
9.86
10.17
10.49
10.81
10.97
11.12
11.25
11.31
11.44
11.57
11.75
11.93
12.07
12.39
12.7
12.87
12.99
13.33
13.43
13.5
13.64
13.68
13.97
14.13
14.27
14.75
14.9
15.22
15.539999999999997
15.76
15.86
16.02
16.17
16.66
16.8
16.98
17.27
17.43
17.76
18.07
18.37
18.7
19.01
19.19
19.33
19.64
19.96
20.27
20.91
21.08
21.15
21.22
21.44
21.55
21.72
22.27
22.34
22.65
23.08
23.12
23.24
23.44
23.52
23.6
23.74
24.08
24.24
24.38
24.7
24.86
25.01
25.19
25.33
25.65
25.76
25.94
26.19
26.28
26.45
26.6
26.74
26.91
27.06
27.23
27.54
27.86
28.17
28.28
28.49
28.66
28.81
28.97
29.13
29.43
29.75
29.829999999999995
30.06
30.38
30.57
30.7
30.829999999999995
31.02
31.1
31.16
31.329999999999995
31.65
31.829999999999995
31.96
32.07
32.13
32.29
32.46
32.55
32.6
33.08
33.23
33.39
33.5
33.54
33.69
33.78
33.87
34.01
34.18
34.33
34.45
34.49
34.64
34.8
35.13
35.28
35.44
35.59
35.7
35.75
35.91
36.07
36.23
36.39
36.5
36.55
36.71
36.8
36.86
37.01
37.16
37.26
37.33
37.65
37.81
37.91
38.11
38.21
38.28
38.6
38.77
39.07
39.38
39.55
39.81
39.86
40.1
40.17
40.33
40.65
40.81
40.96
41.13
41.28
41.59
41.75
41.91
42.07
42.39
42.7
42.85
42.96
43.26
43.5
43.65
43.82
43.96
44.12
44.43
44.6
44.75
44.84
44.91
45.07
45.39
45.54
45.64
45.7
45.85
45.99
46.18
46.33
46.49
46.65
46.81
46.96
47.12
47.28
47.37
47.44
47.6
47.69
47.75
47.91
48.38
48.71
48.86
49.02
49.18
49.33
49.49
49.65
49.8
49.89
49.96
50.12
50.21
50.27
50.4
50.44
50.6
50.75
50.91
51.03
51.07
51.23
51.39
51.47
51.55
51.7
51.86
52.02
52.09
52.17
52.4
52.5
52.81
53.04
53.14
53.45
54.52
54.58
54.64
54.94
55.04
55.33
55.40999999999999
55.8
56.06
56.17
56.22
57.14
57.22
57.29
57.34
57.53
57.68
57.84
58.15999999999999
58.29
58.39
58.49
59.71
60.4
60.59
60.72
61.0
61.34
61.49
61.65
61.8
61.96
62.15
62.29
62.43
62.9
63.24
63.36
63.52
63.81
63.86
64.01
64.18
64.34
64.65
64.81
65.06
65.12
65.44
65.59
65.91
66.07
66.22
66.31
66.38
66.54
66.64
66.7
66.85
67.02
67.18
67.58
67.65
67.97
68.12
68.44
68.6
68.75
68.84
68.91
69.07
69.23
69.39
69.54
69.7
69.86
70.01
70.1
70.17
70.34
70.49
70.65
70.81
70.96
71.12
71.37
71.44
71.6
71.75
71.91
72.07
72.23
72.39
72.55
72.71
72.85
73.02
73.18
73.28
73.5
73.58
73.66
73.8
74.28
74.59
74.8
74.91
75.14
75.54
76.14
76.32
76.55
76.66
77.44
78.48
78.7
78.85
79.18
79.26
79.33
79.85
79.95
80.12
80.27
80.6
81.22
81.71
81.81
81.86
82.18
82.29
82.34
82.48
82.64
83.12
83.75
83.9
84.39
85.02
85.18
85.33
85.65
86.46
86.75
86.86
87.09
87.24
87.55
87.75
87.87
88.16
88.52
88.8
89.12
89.44
89.59
89.91
90.07
90.23
90.31
90.38
90.86
91.02
91.17
91.32
91.48
91.65
91.8
91.97
92.12
92.29
92.44
92.75
92.92
93.07
93.15
93.23
93.36
93.79
93.86
94.01
94.17
94.32
94.65
94.96
95.13
95.28
95.44
95.59
95.76
95.91
96.22
96.54
96.7
97.18
97.34
97.49
97.79
97.89
97.97
98.11
98.28
98.46
98.6
98.7
98.84
99.37
99.55
99.7
100.16
100.32
100.5
100.64
100.72
100.8
101.44
101.59
101.76
101.9
102.07
102.23
102.39
102.53
102.7
103.02
103.18
103.26
103.33
103.66
103.96
104.28
104.5
104.6
104.72
105.23
105.86
106.19
106.52
111.82
