0.68
0.74
0.79
1.05
1.15
1.58
1.8
1.9
3.39
3.55
4.02
4.13
4.37
4.44
4.55
4.65
4.97
5.18
5.62
5.71
5.85
5.97
6.12
6.77
7.18
7.26
7.33
7.4
7.6
7.82
8.66
8.74
9.5
10.35
10.78
10.99
11.06
11.13
11.21
11.84
12.05
12.26
12.47
12.89
12.99
13.06
13.1
13.2
13.39
13.72
13.94
14.01
14.09
14.16
14.58
14.89
15.0
15.11
15.32
15.42
15.63
15.74
15.84
16.05
16.16
16.26
16.58
16.68
16.79
17.01
17.1
17.2
17.32
17.52
17.63
17.74
17.85
17.95
18.05
18.27
18.36
18.49
18.7
18.8
19.01
19.11
19.22
19.33
19.41
19.54
19.64
19.87
19.96
20.07
20.39
20.48
20.7
20.92
21.02
21.13
21.44
21.65
21.75
21.87
21.95
22.08
22.18
22.27
22.39
22.5
22.6
22.7
22.83
22.92
23.02
23.12
23.44
23.77
23.87
24.08
24.19
24.29
24.39
24.5
24.6
24.71
24.81
25.03
25.13
25.46
25.56
25.76
25.88
25.98
26.08
26.19
26.3
26.4
26.61
26.72
26.83
26.93
27.04
27.14
27.36
27.46
27.57
27.68
28.42
28.85
29.36
29.6
30.21
30.32
30.44
30.53
30.63
30.74
31.05
31.16
31.28
31.48
31.59
31.7
31.78
31.89
32.01
32.12
32.32
32.43
32.54
32.64
32.75
32.86
32.96
33.17
33.25
33.4
33.59
33.7
33.81
33.9
34.02
34.13
34.25
34.43
34.65
34.86
34.94
35.07
35.28
35.49
35.6
35.8
36.02
36.13
36.23
36.33
36.45
36.55
36.63
36.67
36.74
36.97
37.18
37.4
37.5
37.62
37.74
37.82
37.93
38.03
38.23
38.35
38.46
38.66
38.77
39.08
39.18
39.31
39.51
39.61
39.92
40.04
40.15
40.35
40.56
40.78
41.0
41.2
41.83
42.04
42.25
42.36
42.57
42.78
42.89
43.31
43.62
43.73
44.05
44.15
44.36
44.47
44.58
44.89
45.0
45.1
45.31
45.42
45.53
45.74
45.84
46.26
46.36
46.47
46.58
46.69
46.78
47.0
47.1
47.43
47.53
47.85
47.96
48.06
48.15
48.37
48.49
48.6
48.69
48.8
48.91
49.12
49.22
49.43
49.65
49.76
49.86
49.95
50.06
50.17
50.28
50.38
50.49
50.6
50.81
50.91
51.0
51.12
51.34
51.43
51.54
51.64
51.76
51.85
51.96
52.07
52.18
52.5
52.59
52.71
52.82
53.03
53.12
53.23
53.44
53.54
53.66
53.75
53.87
54.29
54.5
54.61
54.71
54.81
54.92
55.13
55.24
55.35
55.45
55.67
55.77
55.97
56.09
56.29
56.39
56.61
56.82
57.14
57.23
57.56
57.67
58.12
58.3
58.42
58.52
58.63
58.83
58.94
59.15
59.23
59.3
59.37
59.48
59.57
59.65
59.79
60.21
60.40999999999999
60.53
60.63
60.84
60.94
61.06
61.37
61.69
61.79
61.9
62.13
62.21
62.3
62.53
62.62
62.69
62.75
62.95
63.06
63.17
63.27
63.37
63.48
63.59
64.14
64.33
64.43
64.88
65.06
65.17
65.28
65.59
65.71
65.91
65.99
66.06
66.13
66.33
66.42
66.55
66.66
66.97
67.18
67.39
67.6
67.71
67.82
67.9
68.13
68.24
68.45
68.55
68.66
68.76
68.87
68.97
69.08
69.16
69.22
69.3
69.4
69.5
69.61
69.72
69.93
70.24
70.35
70.75
70.97
71.18
71.69
71.75
72.04
72.12
72.24
72.35
72.65
72.8
72.88
72.99
73.08
73.31
73.41
73.52
73.64
73.81
74.04
74.26
74.36
74.45
74.56
74.68
74.77
75.1
75.21
75.3
75.5
75.63
75.81
76.05
76.18
76.26
76.36
76.48
76.68
76.79
76.87
77.11
77.2
77.32
77.64
77.74
77.95
78.05
78.16
78.27
78.48
78.58
78.79
78.89
79.01
79.2
79.43
79.64
79.75
79.86
80.07
80.17
80.27
80.49
80.67
80.8
80.91
81.02
81.1
81.33
81.44
81.54
81.66
81.76
81.85
81.97
82.39
82.6
82.71
82.81
82.92
83.02
83.13
83.24
83.43
83.55
83.65
83.86
83.97
84.08
84.18
84.29
84.4
84.51
84.6
84.72
84.82
84.9
85.03
85.26
85.55
85.66
85.76
85.87
85.99
86.19
86.3
86.4
86.51
86.61
86.72
86.83
86.92
87.04
87.14
87.25
87.35
87.45
87.57
87.65
87.78
87.88
87.99
88.09
88.29
88.41
88.52
88.62
88.72
88.83
88.92
89.03
89.25
89.36
89.45
89.58
89.69
89.78
89.89
89.99
90.1
90.2
90.3
90.41
90.52
90.63
90.74
90.84
90.95
91.05
91.16
91.26
91.37
91.47
91.68
91.8
91.89
91.99
92.1
92.22
92.29
92.42
92.53
92.64
92.74
92.84
92.95
93.06
93.17
93.27
93.35
93.48
93.59
93.69
93.8
93.89
94.01
94.11
94.21
94.32
94.43
94.53
94.64
94.75
94.85
94.96
95.07
95.17
95.28
95.39
95.48
95.68
96.12
96.33
96.44
96.54
96.65
96.75
96.97
97.15
97.29
97.39
97.5
97.6
97.71
97.92
98.02
98.13
98.24
98.37
98.45
98.54
98.77
98.97
99.08
99.4
99.48
99.82
100.35
100.54
100.66
100.74
101.09
101.2
101.51
101.62
101.93
102.05
102.15
102.25
102.35
102.46
102.55
102.77
102.88
103.2
103.3
103.63
103.73
103.83
104.04
104.15
104.37
104.47
104.57
104.9
104.99
105.1
105.2
105.31
105.52
105.63
105.82
105.95
106.05
106.14
106.26
106.37
106.58
106.67
106.77
106.9
107.11
107.21
107.31
107.41
107.49
107.53
107.63
107.74
107.85
107.95
108.06
108.28
108.59
108.7
108.8
108.9
109.0
109.09
109.22
109.3
109.43
109.53
109.64
109.75
109.83
109.97
110.06
110.38
110.49
110.6
110.8
110.91
111.01
111.12
111.23
111.44
111.54
111.75
111.87
112.19
112.28
112.39
112.6
112.68
113.45
113.53
114.29
114.38
114.71
115.14
115.35
115.42
115.5
115.56999999999998
115.67
116.09
116.3
116.51
116.73
116.81999999999998
116.94
117.36
117.56999999999998
117.67
117.78
117.88
117.99
118.2
118.41
118.52
118.73
118.8
118.88
118.95
119.04
119.25
119.34
119.7
119.76
119.86
121.01
