0.6
7.72
11.51
12.05
15.92
16.4
16.64
16.86
17.8
18.74
19.67
20.14
20.62
21.09
21.55
21.91
22.02
22.49
23.42
24.13
24.36
24.46
24.55
25.3
26.24
26.7
27.17
27.64
28.11
28.3
28.34
28.54
28.81
29.05
29.39
29.52
29.99
30.34
30.51
30.69
31.079999999999995
31.4
31.86
32.22
32.57
33.16
33.27
33.64
35.95
36.19
37.49
37.67
37.83
38.19
38.47
38.57
38.89
39.13
39.36
39.72
40.06
41.37
42.01
45.17
45.33
45.69
46.39
46.63
46.87
47.22
47.57
47.91
48.5
49.43
49.79
50.14
50.91
50.96
51.28
51.66
52.65
52.83
53.03
53.19
53.48
53.53
53.88
54.13
54.36
54.71
55.07
55.40999999999999
56.24
56.94
57.13
57.37
57.6
57.64
57.9
58.06
58.56
59.52
59.98
60.24
60.45
60.58
60.81
61.15999999999999
61.24
61.63
61.76
62.24
62.29
62.57
62.69
62.92
63.15
63.58
63.73
64.2
64.54
64.92
65.02
65.12
65.38
65.51
65.85
65.96
66.22
66.32
66.44
66.67
66.78
66.91
67.49
67.72
67.95
68.29
68.66
69.13
69.25
69.61
69.72
69.96
70.06
70.19
70.42
70.65
70.74
71.1
71.24
71.48
71.7
72.03
72.12
72.42
72.53
72.88
73.0
73.35
73.45
73.56
73.73
73.82
73.94
74.03
74.17
74.41
74.51
74.99
75.18
75.24
75.45
75.58
75.7
75.8
76.16
76.26
76.63
76.75
77.11
77.21
77.25
77.57
77.69
77.92
78.03
78.15
78.26
78.51
78.61
78.73
78.98
79.2
79.33
79.54
79.58
79.63
79.92
80.03
80.38
80.51
80.85
80.97
81.05
81.33
81.44
81.67
81.92
82.26
82.31
82.49
82.73
82.95
83.08
83.29
83.66
84.13
84.25
84.6
84.71
84.95
85.06
85.19
85.42
85.54
85.65
85.74
86.01
86.24
86.47
86.54
86.7
87.03
87.07
87.51
87.88
88.0
88.35
88.76
88.82
88.93
89.12
89.99
90.35
91.71
91.87
92.0
92.23
92.57
93.73
93.87
93.95
93.99
94.04
94.22
94.27
94.51
94.67
95.05
95.34
95.51
95.61
95.92
96.42
96.54
97.49
97.58
97.65
97.85
97.95
98.2
98.42
98.62
98.74
98.78
98.87
99.36
99.45
99.49
99.73
99.85
100.01
100.07
100.27
100.77
100.98
101.23
101.4
101.45
101.7
102.05
102.16
103.11
103.33
103.46
103.8
103.91
104.18
104.29
104.88
104.99
117.25
