0.01
0.05
0.09
0.2
0.29
0.51
0.61
1.81
2.12
2.41
3.02
3.18
3.32
3.62
4.07
4.22
4.97
5.43
6.48
6.63
6.94
7.24
7.55
7.84
8.14
8.44
8.9
8.98
9.05
11.16
12.45
15.45
16.59
17.05
17.49
18.25
19.0
20.06
20.35
21.87
25.35
25.78
28.36
29.71
29.86
30.47
30.76
31.06
31.36
31.81
31.96
32.13
33.02
33.17
35.43
35.58
35.74
35.8
36.18
36.48
36.79
37.09
37.85
37.99
38.29
40.11
40.41
40.71
40.86
41.3
41.45
41.77
42.21
42.5
42.82
43.26
43.42
43.88
44.41
44.92
45.08
45.23
45.68
45.83
46.15
46.28
47.35
47.51
47.63
47.93
48.24
48.53
48.69
48.78
49.65
50.05
50.52
50.97
51.09
51.55
51.72
52.46
52.77
52.91
53.07
53.22
53.52
53.83
53.97
54.86
55.18
55.33
55.48
55.79
55.93
56.68
57.15
57.29
57.89
60.61
66.03
66.33
66.93
67.91
67.98
70.26
71.15
71.29
72.97
74.18
74.48
74.57
75.38
77.49
78.84
79.31
80.03
80.21
80.37
80.5
81.53
81.72
81.86
83.81
84.19
84.23
85.03
85.21
85.32
85.62
85.88
85.94
90.46
90.56
92.56
93.88
95.43
95.87
97.25
98.13
102.97
105.25
105.53
107.79
109.01
112.38
112.54
113.53
115.48
115.93
116.08
136.45
136.74
136.88
137.05
137.2
137.4
137.49
137.8
137.94
138.09
138.69
139.0
139.14
139.3
142.32
142.77
144.38
144.95
148.39
148.44
148.48
148.52
148.56
148.6
148.64
148.68
148.72
148.76
148.8
148.84
148.88
148.92
148.96
149.0
149.04
149.08
149.12
149.16
149.2
149.24
149.28
149.32
149.34
