0.03
0.65
0.85
1.41
1.47
1.64
1.98
4.84
4.98
5.72
6.05
6.37
7.019999999999999
7.34
7.79
8.0
8.32
8.64
8.96
10.35
12.21
12.52
12.86
15.89
16.93
17.71
24.05
26.16
26.8
27.13
27.78
30.69
31.02
31.35
31.99
32.31
33.61
34.99
37.18
42.37
42.69
44.99
45.97
46.11
46.44
46.93
47.09
47.74
47.91
48.06
48.22
48.54
48.61
48.7
48.87
49.1
49.2
49.36
50.82
51.14
51.47
51.62
51.81
51.94
52.12
52.26
52.59
52.92
53.24
53.56
54.22
55.19
56.81
57.13
57.3
57.62
57.78
57.95
58.1
58.43
58.76
59.25
59.4
60.21
62.0
62.32
62.81
62.97
64.26
64.62
64.91
65.41
65.56
67.12
67.6
71.15
71.9
72.54
74.0
74.16
74.48
74.81
75.13
76.59
78.05
78.7
79.02
79.67
80.17
80.32
80.91
82.59
82.91
83.24
83.89
84.2
85.18
88.1
89.07
94.27
94.59
97.17
97.35
99.77
99.94
101.16
101.24
102.37
102.54
116.83
