2.71
2.98
3.07
3.26
3.52
3.6
3.68
3.9
4.06
4.41
4.88
5.42
5.52
5.77
5.86
5.96
6.22
6.7
6.86
7.22
7.39
7.43
7.69
7.93
8.11
8.21
8.39
9.21
9.87
10.15
10.29
10.56
10.66
10.97
11.1
11.2
11.48
11.59
11.73
11.93
12.02
12.17
12.28
12.49
12.57
12.74
12.83
12.99
13.29
13.37
13.57
13.64
13.789999999999997
13.83
14.1
14.19
14.45
14.66
14.73
14.88
14.92
15.35
15.45
15.53
15.8
15.97
16.07
16.25
16.62
16.89
17.16
17.6
17.7
18.15
18.24
18.35
18.42
18.68
18.79
19.32
19.6
19.78
19.87
20.14
20.32
20.41
20.86
20.96
21.05
21.23
21.6
21.67
22.03
22.31
22.48
22.75
23.02
23.12
23.3
23.4
23.66
24.48
24.75
24.87
25.02
25.29
25.56
25.74
25.91
26.01
26.11
26.37
26.55
26.65
26.82
26.92
27.01
27.2
27.46
27.72
28.0
28.2
28.28
28.55
28.82
29.09
29.26
29.54
29.63
29.9
30.18
30.35
30.46
30.99
31.16
31.25
31.43
31.7
31.8
32.06
32.24
32.34
32.52
32.88
33.16
33.3
33.61
33.96
34.25
34.69
34.79
34.92
35.05
35.23
35.32
35.51
35.59
35.77
35.84
36.03
36.14
36.59
36.67
36.77
36.87
36.96
37.21
37.36
37.4
37.5
37.67
37.76
37.94
38.21
38.3
38.57
38.85
39.03
39.29
39.39
39.66
39.93
40.1
40.38
40.47
40.73
40.92
41.01
41.2
41.83
42.28
42.55
42.91
43.0
43.37
43.46
43.53
43.71
43.99
44.17
44.26
44.71
45.08
45.34
45.62
45.89
46.43
46.89
47.25
47.38
47.52
47.79
48.06
48.33
48.6
49.05
49.41
49.65
49.86
50.14
50.5
50.77
51.22
51.32
51.58
51.74
52.15
52.4
52.66
52.94
53.07
53.39
53.75
53.92
54.02
54.3
54.57
55.02
55.11
55.56
55.92
56.2
56.48
56.98
57.27
57.72
57.82
58.09
58.37
59.17
59.44
59.9
59.99
60.26
60.53
60.79
61.34
61.61
61.88
62.15
62.42
62.6
62.97
63.24
63.78
64.15
64.23
64.32
64.6
64.83
64.87
65.32
65.41
65.67
65.95
66.4
66.49
67.03
67.3
67.49
67.58
67.72
68.12
68.57
68.66
69.21
69.45
69.65
69.75
70.02
70.29
70.57
70.74
70.83
71.66
72.19
72.73
73.28
73.81
74.36
74.56
74.81
74.89
75.61
75.88
75.99
76.13
76.17
76.26
76.53
76.69
76.8
76.93
76.98
77.24
77.34
77.61
77.77
77.88
78.42
78.7
78.88
78.97
79.08
79.14
79.41
79.51
79.78
79.9
79.95
80.05
80.33
80.51
80.59
80.86
81.04
81.14
81.31
81.58
81.67
81.95
82.13
82.22
82.76
83.03
83.2
83.31
83.48
83.59
83.85
84.12
84.41
84.56
84.7
84.92
85.2
85.46
85.92
86.22
86.28
86.48
87.08
87.18
87.37
87.63
87.81
88.09
88.45
88.73
89.0
89.27
89.53
89.81
90.26
90.62
90.86
91.0
91.08
91.52
91.7
91.86
91.98
92.3
92.8
92.97
93.11
93.33
93.61
93.87
94.14
94.26
94.53
94.6
94.96
95.22
95.5
95.78
96.05
96.32
96.43
96.77
96.93
97.12
97.4
97.68
97.74
97.94
98.2
98.48
98.61
98.65
98.93
99.03
99.3
99.57
100.02
100.38
100.65
100.77
101.1
101.39
101.46
101.61
102.46
102.73
102.83
102.97
103.31
103.67
103.79
103.85
104.05
104.17
104.35
104.64
104.89
105.26
105.46
105.52
105.7
105.9
105.99
106.8
107.17
107.33
107.69
107.87
107.97
108.15
108.24
108.68
109.34
109.62
110.03
110.14
110.31
110.41
110.76
110.87
110.95
111.24
111.41
111.5
111.67
111.95
112.04
112.31
112.58
113.35
113.54
113.61
115.09
