1.46
1.76
2.26
2.76
2.93
3.09
3.6
3.65
3.71
3.78
3.88
4.1
4.43
4.59
4.93
5.26
5.43
5.6
5.77
5.92
6.27
6.43
6.77
7.1
7.44
7.6
7.769999999999999
7.93
8.1
8.59
8.94
9.1
9.16
9.26
9.43
9.61
9.76
9.86
9.93
10.09
10.26
10.44
10.48
10.61
10.77
10.94
11.1
11.6
11.76
12.1
12.43
12.93
13.32
13.44
13.61
14.1
14.6
14.77
14.94
15.1
15.37
15.43
15.6
15.78
15.83
15.88
15.93
16.1
16.43
16.77
16.94
17.1
17.28
17.44
17.6
17.77
18.1
18.27
18.44
18.6
18.77
18.94
19.44
19.6
19.77
19.93
20.1
20.28
20.43
20.6
20.76
20.94
21.11
21.26
21.35
21.44
21.6
21.77
21.93
22.1
22.27
22.44
22.6
22.77
22.94
23.1
23.18
23.26
23.43
23.6
23.77
24.1
24.43
24.77
24.93
25.01
25.11
25.27
25.43
25.6
25.76
25.92
26.1
26.27
26.44
26.59
26.77
27.1
27.44
27.93
28.1
28.43
28.77
28.94
29.09
29.22
29.26
29.43
29.77
30.1
30.27
30.44
30.6
30.77
30.94
31.1
31.43
31.6
31.77
31.93
32.1
32.26
32.44
32.77
32.93
33.1
33.39
33.44
33.59
33.77
34.1
34.26
34.43
34.6
34.77
34.94
35.1
35.44
35.6
35.77
35.93
36.1
36.27
36.43
36.53
36.6
36.76
36.93
37.04
37.1
37.27
37.36
37.44
37.6
37.77
37.91
38.1
38.27
38.43
38.6
38.77
38.94
39.1
39.27
39.44
39.6
39.77
39.93
40.1
40.44
40.6
40.71
40.77
40.94
41.1
41.27
41.44
41.6
41.77
41.94
42.1
42.27
42.44
42.6
42.77
42.93
43.01
43.1
43.26
43.43
43.6
43.73
43.77
43.93
44.1
44.27
44.44
44.6
44.77
44.94
45.1
45.43
45.77
46.27
46.33
46.44
46.6
46.77
46.93
47.1
47.27
47.43
47.59
47.76
47.93
48.1
48.21
48.27
48.43
48.77
48.94
49.11
49.27
49.44
49.59
49.77
50.1
50.27
50.44
50.6
50.77
50.94
51.1
51.44
51.6
51.77
51.94
52.1
52.43
52.77
53.11
53.26
53.35
53.43
53.6
53.73
53.77
54.1
54.26
54.43
54.77
54.92
55.1
55.26
55.43
55.77
56.1
56.43
56.77
56.94
57.1
57.28
57.44
57.76
58.09
58.26
58.44
58.6
58.77
58.93
59.1
59.44
59.61
59.94
60.1
60.27
60.44
60.61
60.77
60.93
61.1
61.27
61.44
61.6
61.77
62.1
62.26
62.44
62.6
62.77
63.1
63.44
63.6
63.78
63.93
64.1
64.27
64.44
64.77
65.11
65.43
65.6
65.76
66.1
66.35
66.61
66.77
66.87
66.94
67.11
67.43
67.6
67.77
68.1
68.18
68.27
68.44
68.69
68.77
68.93
69.02
69.11
69.26
69.44
69.6
69.77
70.11
70.27
70.44
70.61
70.77
70.93
71.1
71.44
71.61
71.77
72.11
72.44
72.77
72.93
73.11
73.36
73.44
73.6
73.77
74.1
74.26
74.35
74.44
74.6
74.7
74.77
74.92
75.1
75.27
75.43
75.6
75.77
75.89
76.1
76.26
76.43
76.6
76.77
76.93
77.1
77.43
77.77
78.11
78.43
78.61
78.77
79.1
79.26
79.44
79.61
79.93
80.11
80.22
80.3
80.44
80.59
80.77
80.94
81.27
81.44
81.59
81.77
82.11
82.28
82.36
82.6
82.78
82.93
83.06
83.11
83.2
83.27
83.44
83.59
83.77
83.94
84.1
84.27
84.43
84.59
84.77
84.94
85.02
85.27
85.44
85.55
85.77
85.86
85.93
86.11
86.26
86.43
86.53
86.61
86.76
86.8
86.93
87.09
87.19
87.39
87.43
87.59
87.77
88.1
88.43
88.59
88.77
88.93
89.1
89.27
89.44
89.77
89.93
90.06
90.1
90.28
90.35
90.6
90.77
90.92
91.11
91.27
91.44
91.6
91.71
91.94
92.1
92.44
92.77
92.94
93.03
93.22
93.27
93.44
93.76
93.93
94.1
94.27
94.35
94.43
94.6
94.76
94.94
95.1
95.26
95.44
95.6
95.68
95.75
95.93
96.1
96.21
96.27
96.43
96.59
96.71
96.77
96.93
97.11
97.39
97.44
97.6
97.76
97.93
98.1
98.26
98.43
98.77
99.12
99.27
99.37
99.43
99.77
100.1
100.27
100.43
100.77
100.86
101.1
101.26
101.36
101.51
101.7
102.11
102.26
102.35
102.39
102.43
102.61
102.68
102.77
102.93
103.1
103.26
103.44
103.61
103.69
103.93
104.1
104.44
104.6
104.77
104.94
105.02
105.1
105.2
105.27
105.44
105.6
105.76
106.11
106.28
106.35
106.61
106.77
106.94
107.77
108.1
108.77
109.1
109.44
110.05
110.17
112.23
