0.05
0.68
2.06
2.56
2.68
4.69
5.69
6.19
6.69
7.94
8.2
8.44
9.68
9.95
10.18
10.69
11.32
11.57
11.95
12.19
12.31
12.44
13.82
13.94
14.18
14.69
14.81
15.69
15.93
16.18
16.32
16.44
16.82
16.94
17.19
17.68
17.94
18.19
18.44
18.68
18.82
18.94
19.57
19.94
20.44
20.82
20.94
21.19
21.44
21.94
22.07
22.19
22.44
22.68
22.94
23.19
23.57
23.94
24.32
24.44
25.69
25.94
26.19
26.33
26.44
26.81
26.94
27.19
27.57
27.69
27.94
28.19
28.32
28.44
28.7
29.07
29.34
29.69
29.94
30.19
30.44
30.81
30.94
31.06
31.19
31.57
31.69
31.94
32.08
32.19
32.32
32.44
32.7
33.07
33.18
33.33
33.45
33.58
33.69
33.83
33.94
34.07
34.19
34.44
34.82
35.19
35.57
35.69
35.94
36.08
36.19
36.32
36.44
36.69
37.69
37.83
37.94
38.19
38.44
38.95
39.19
39.57
39.69
39.94
40.19
40.32
40.44
41.33
41.69
41.94
42.08
42.19
42.32
42.44
42.68
43.19
43.43
43.57
43.68
43.94
44.07
44.19
44.44
44.7
45.32
45.69
45.83
45.94
46.07
46.19
46.32
46.44
46.68
46.82
47.07
47.19
47.58
47.69
47.94
48.08
48.19
48.32
48.44
48.69
48.94
49.32
49.44
49.69
49.94
50.07
50.19
50.44
50.68
51.19
51.57
51.69
51.94
52.07
52.19
52.44
52.7
53.69
53.94
54.07
54.19
54.44
54.68
55.19
55.36
55.69
55.81
55.93
56.19
56.31
56.44
56.7
56.83
56.96
57.07
57.33
57.44
57.57
57.82
57.94
58.07
58.19
58.44
58.68
58.82
59.19
59.57
60.08
60.19
60.32
60.44
60.57
60.68
60.81
60.95
61.06
61.19
61.32
61.43
61.57
61.94
62.06
62.2
62.44
62.67
63.19
63.57
63.81
64.07
64.19
64.32
64.44
64.57
64.69
64.82
65.07
65.19
65.33
65.44
65.56
65.67
65.95
66.06
66.44
66.67
67.19
67.57
67.72
68.19
68.32
69.08
69.58
69.82
69.96
70.67
71.21
71.43
71.59
71.69
71.82
71.94
71.98
72.08
72.19
72.28
72.36
72.44
72.82
72.94
73.06
73.19
73.82
73.94
74.07
74.19
74.32
74.44
74.94
75.35
75.57
75.69
75.94
76.19
76.32
76.44
76.82
76.94
77.19
77.83
77.94
78.07
78.19
78.32
78.44
78.69
78.82
78.94
79.48
79.57
79.69
79.94
80.19
80.44
80.82
80.94
81.19
81.33
81.82
81.94
82.07
82.19
82.32
82.45
82.68
82.94
83.69
83.94
84.19
84.44
84.82
84.94
85.19
85.33
85.82
85.94
86.08
86.19
86.44
86.94
87.57
87.69
87.94
88.19
88.33
88.44
88.94
89.18
89.53
89.7
89.93
90.06
90.19
90.44
90.67
90.82
90.94
91.2
91.32
91.69
91.94
92.19
92.44
92.81
92.94
93.07
93.19
93.82
94.06
94.19
94.44
94.68
94.94
95.2
95.58
95.69
95.94
96.19
96.33
96.44
96.81
96.94
97.19
98.07
98.19
98.45
98.68
98.82
98.93
99.19
99.57
99.69
99.94
100.19
100.44
100.81
100.93
101.19
101.94
102.18
102.44
102.69
102.95
103.36
103.56
103.8
103.93
104.31
108.0
