0.16
0.33
0.5
0.55
0.82
1.0
1.34
1.5
1.67
1.84
2.08
2.34
2.51
3.0
3.16
3.34
3.45
3.49
3.67
3.82
3.99
4.34
4.49
4.59
4.63
4.69
4.74
4.84
5.01
5.31
5.84
7.51
7.67
7.78
14.84
18.15
19.47
19.81
20.12
21.98
22.1
22.18
22.31
23.48
23.8
23.98
24.49
25.95
26.15
26.32
26.47
27.329999999999995
27.47
27.74
28.18
28.34
28.829999999999995
29.49
29.66
29.84
29.99
30.85
31.19
31.66
32.49
32.82
34.17
34.5
34.67
37.74
37.83
37.91
37.99
38.45
38.5
38.84
38.97
39.49
40.33
43.13
43.51
45.0
45.34
45.5
45.67
45.84
46.0
46.17
46.33
46.5
46.67
46.84
47.0
47.17
47.26
47.33
47.5
47.84
48.0
48.33
48.67
48.83
49.0
49.33
49.5
49.67
50.0
50.17
50.67
51.0
51.24
51.33
51.5
51.67
51.83
52.0
52.17
52.33
52.67
52.83
53.17
53.33
53.66
54.0
54.17
54.33
54.65999999999999
55.0
55.34
55.5
55.82
65.77
67.07
67.33
67.49
67.66
67.83
68.48
68.82
69.0
69.16
69.68
69.83
70.18
70.34
70.52
72.5
72.68
72.98
73.13
73.33
75.83
77.51
81.18
82.79
84.5
85.49
85.8
87.49
87.83
88.15
88.81
89.49
91.16
91.83
92.16
95.34
95.66
96.0
96.18
96.43
96.47
96.51
96.67
96.81
97.17
97.23
97.29
97.33
97.67
98.0
98.09
98.14
98.34
98.66
99.0
99.31
99.47
99.66
99.83
99.89
99.99
100.16
100.32
100.82
100.93
100.99
101.31
101.82
102.01
102.14
102.5
102.81
103.17
103.67
103.83
104.17
104.31
104.5
104.67
104.83
105.66
106.0
110.75
110.8
110.81
