0.71
0.87
0.9399999999999998
1.19
1.87
4.45
5.6
7.49
8.2
9.37
9.52
9.83
10.07
10.31
10.55
11.24
11.71
11.94
12.18
12.53
12.65
12.88
13.11
13.58
14.05
14.52
14.99
15.47
15.93
16.17
16.29
16.39
16.87
17.1
17.33
17.57
17.8
18.04
18.27
18.5
18.74
19.09
19.21
19.45
19.68
19.91
20.15
20.38
20.5
20.61
21.08
21.32
21.55
21.79
22.02
22.25
22.49
22.84
22.96
23.19
23.43
23.66
23.78
23.89
24.36
24.83
25.07
25.3
25.54
25.65
25.77
26.01
26.24
26.59
26.71
26.95
27.18
27.42
27.53
27.65
27.88
28.11
28.24
28.579999999999995
28.82
28.93
29.05
29.29
29.52
29.75
29.99
30.34
30.7
30.92
31.17
31.63
31.86
32.33
32.57
32.8
33.04
33.27
33.5
33.74
33.85
34.09
34.21
34.44
34.68
35.15
35.38
35.62
35.85
36.08
36.32
36.55
36.66
36.79
37.02
37.26
37.49
37.6
37.84
37.96
38.19
38.43
38.66
38.89
39.13
39.36
39.48
39.55
39.6
39.84
40.07
40.3
40.54
40.77
41.01
41.24
41.35
41.59
41.71
41.94
42.17
42.43
42.65
42.88
43.12
43.35
43.58
43.82
44.05
44.29
44.52
44.76
44.99
45.34
45.46
45.69
45.93
46.16
46.4
46.63
46.87
46.98
47.1
47.21
47.33
47.57
47.81
48.04
48.27
48.5
48.74
48.85
49.1
49.21
49.44
49.68
49.93
50.15
50.38
50.62
50.74
50.85
50.96
51.08
51.32
51.67
51.79
52.02
52.25
52.49
52.61
52.72
52.84
52.96
53.2
53.43
53.66
53.9
54.13
54.37
54.59
54.83
55.07
55.3
55.54
55.77
56.01
56.24
56.46
56.6
56.71
56.94
57.18
57.43
57.65
57.88
58.12
58.24
58.35
58.46
58.58
58.82
59.05
59.29
59.52
59.75
59.99
60.47
60.7
61.15999999999999
61.28
61.4
61.64
61.86
62.1
62.33
62.57
63.04
63.15999999999999
63.27
63.51
63.62
63.75
64.1
64.21
64.45
64.68
65.16
65.38
65.5
65.61
66.08
66.32
66.56
66.79
67.02
67.25
67.49
67.84
67.96
68.19
68.43
68.66
68.9
69.13
69.36
69.83
70.07
70.3
70.54
70.78
71.0
71.14
71.25
71.6
71.71
71.95
72.18
72.66
72.88
73.11
73.58
73.82
74.05
74.29
74.53
74.75
74.99
75.34
75.46
75.7
75.93
76.17
76.39
76.63
76.86
77.33
77.57
77.8
78.04
78.28
78.51
78.64
78.75
78.99
79.09
79.21
79.45
79.68
80.11
80.16
80.38
80.51
80.61
81.08
81.32
81.56
81.79
82.02
82.25
82.49
82.85
82.96
83.2
83.43
83.66
83.9
84.13
84.37
84.49
84.6
84.83
85.07
85.3
85.54
85.77
86.01
86.24
86.71
86.95
87.18
87.42
87.65
87.88
88.12
88.82
89.05
89.52
89.75
89.99
90.3
90.7
90.93
91.86
92.33
92.57
92.8
93.04
93.16
93.27
93.51
93.74
94.09
94.21
94.68
94.91
95.15
95.38
95.61
95.74
95.86
96.08
96.2
96.32
96.55
96.64
96.79
96.9
97.02
97.25
97.37
97.49
97.84
97.96
98.19
98.43
98.66
98.78
98.89
99.13
99.36
99.83
100.07
100.3
100.54
100.66
100.77
101.01
101.23
101.59
101.71
101.94
102.18
102.42
102.65
102.88
103.12
103.82
104.05
104.29
104.52
104.75
104.99
105.34
105.46
105.7
105.93
106.16
106.39
106.63
106.73
106.86
107.33
107.57
107.8
108.03
108.15
108.27
108.5
108.74
109.09
109.21
109.44
109.68
109.92
110.15
110.38
110.61
110.86
111.08
111.31999999999998
111.55
111.79
111.9
112.03
112.25
112.37
112.49
112.6
112.84
112.96
113.2
113.43
113.66
113.78
113.89
114.36
114.48
114.83
115.06999999999998
115.31
115.54
115.66
115.77
116.0
116.24
116.59
116.71
116.94
117.18
117.41
117.52
117.65
117.88
118.11
118.81999999999998
119.06
119.29
119.52
119.75
119.99
120.69
121.28
121.87
122.1
122.33
122.56999999999998
122.8
123.04
123.27
123.5
123.74
124.09
124.21
124.45
124.68
124.91
125.03
125.15
125.38
125.61
126.08
126.31999999999998
126.55
126.79
127.02
127.25
127.49
127.84
127.95
128.19
128.43
128.66
128.9
129.36
129.83
130.07
130.31
130.54
130.77
131.0
131.24
131.59
131.71
131.95
132.06
132.18
132.42
132.65
132.88
133.0
133.11
133.58
133.82
133.93
134.05
134.29
134.53
134.75
135.0
136.19
136.36
138.35
