0.01
8.42
8.56
8.98
9.82
10.1
10.38
10.66
10.95
11.22
11.35
11.67
11.79
12.06
12.23
12.35
12.43
12.5
12.64
12.9
13.19
13.46
13.61
14.05
14.31
14.59
14.77
15.43
15.68
15.72
16.15
16.56
16.83
17.95
18.38
18.58
18.79
18.95
19.08
19.21
19.35
19.64
19.92
20.2
20.5
20.64
21.04
21.32
21.47
21.77
21.88
22.16
22.43
22.53
22.61
22.73
23.29
23.56
24.4
24.67
24.91
24.96
25.12
25.24
25.53
25.7
25.81
26.22
26.37
26.47
26.65
26.8
26.93
27.2
27.49
27.77
27.88
28.04
28.47
28.54
28.61
28.87
29.05
29.17
29.46
29.73
29.91
30.01
30.19
30.3
30.42
30.72
30.85
31.0
31.13
31.42
31.69
31.97
32.25
32.33
32.41
32.54
33.09
33.55
33.66
34.21
34.65
34.74
34.89
35.06
35.2
35.34
35.62
35.77
35.9
36.18
36.46
36.74
36.9
37.02
37.13
37.3
37.58
37.87
38.01
38.14
38.35
38.44
38.65
38.7
38.97
39.14
39.26
39.39
39.55
39.7
39.82
39.98
40.1
40.38
40.67
40.95
41.24
41.38
41.5
41.79
41.93
42.01
42.07
42.35
42.63
42.9
43.19
43.47
43.63
43.74
43.96
44.03
44.3
44.58
44.87
45.15
45.43
45.71
45.83
46.1
46.56
46.83
47.12
47.28
47.4
47.56
47.67
47.95
48.06
48.34
48.68
48.77
48.81
48.98
49.08
49.36
49.54
49.64
49.73
49.92
50.2
50.45
50.57
51.04
51.24
51.33
51.49
51.77
51.88
52.05
52.16
52.44
52.59
52.73
52.86
53.0
53.16
53.29
53.38
53.46
53.56
53.71
53.84
54.02
54.12
54.41
54.54
54.68
55.1
55.53
55.63
55.81
55.99
56.09
56.26
56.36
56.54
56.65
56.93
57.08
57.17
57.31
57.35
57.46
57.5
57.65
57.74
57.78
57.87
58.05
58.32
58.61
58.89
59.17
59.46
59.58
59.65999999999999
59.73
60.02
60.11
60.21
60.29
60.46
60.57
60.74
60.83
60.94
61.14
61.42
61.59
61.69
61.88
61.97
62.13
62.54
62.79
65.06
69.55
69.82
70.66
70.95
71.22
71.5
71.78
71.86
72.06
72.47
72.63
73.45
73.6
73.76
73.84
74.03
74.16
74.25
74.3
74.46
74.55
74.86
75.0
75.18
75.32
75.7
75.99
76.27
76.53
76.69
76.96
77.11
77.25
77.31
77.35
77.43
77.55
77.67
77.95
78.17
78.25
78.51
78.8
79.07
79.36
79.51
79.63
79.85
79.92
80.03
80.15
80.19
80.75
81.04
81.32
81.6
81.72
82.01
82.44
82.66
82.72
83.01
83.17
83.29
83.45
83.56
83.84
83.95
84.23
84.57
84.66
84.7
84.82
84.86
84.97
85.24
85.43
85.53
85.81
86.09
86.34
86.45
86.49
86.53
86.6
86.93
87.12
87.22
87.38
87.65
87.77
87.94
88.05
88.33
88.61
88.89
89.05
89.18
89.3
89.34
89.69
89.73
89.91
90.0
90.29
90.43
90.58
90.99
91.14
91.41
91.7
91.97
92.14
92.25
92.42
92.54
92.83
93.09
93.21
93.38
93.62
93.67
93.93
94.21
94.78
95.06
95.16
95.34
95.54
95.62
95.77
95.9
96.09
96.2
96.35
96.46
96.71
96.89
97.02
97.31
97.58
97.87
98.02
98.15
98.42
98.55
98.7
98.85
101.01
106.78
