0.27
0.42
0.54
0.7
0.83
1.11
1.26
1.38
1.53
1.66
1.8
1.93
2.21
2.36
2.49
2.77
2.91
3.05
3.33
3.47
3.6
3.88
4.03
4.31
4.44
4.59
4.86
4.99
5.14
5.28
5.41
5.55
5.7
5.97
6.1
6.26
6.52
6.66
6.81
7.09
7.21
7.36
7.64
7.769999999999999
7.92
8.05
8.33
8.46
8.6
8.74
8.88
9.16
9.44
9.87
9.99
10.14
10.42
10.55
10.69
10.83
10.97
11.1
11.26
11.52
11.66
11.81
11.94
12.08
12.21
12.36
12.49
12.65
12.77
13.04
13.32
13.46
13.6
13.78
13.88
14.32
14.44
14.58
14.86
14.98
15.14
15.41
15.539999999999997
15.69
15.82
15.96
16.1
16.25
16.38
16.52
16.66
16.8
16.94
17.21
17.35
17.77
17.88
18.33
18.47
18.62
18.75
19.02
19.31
19.44
19.59
19.72
19.86
19.99
20.14
20.36
20.41
20.55
20.83
20.98
21.1
21.25
21.39
21.52
21.66
21.82
21.94
22.08
22.36
22.5
22.67
22.77
22.92
23.05
23.19
23.47
23.56
23.75
23.88
24.03
24.17
24.3
24.44
24.59
24.86
24.99
25.42
25.55
25.69
25.83
25.96
26.2
26.25
26.38
26.53
26.66
26.8
27.21
27.49
27.62
27.77
28.05
28.329999999999995
28.6
28.74
28.88
29.02
29.16
29.28
29.44
29.71
29.88
29.99
30.14
30.54
30.829999999999995
31.0
31.11
31.25
31.329999999999995
31.38
31.56
31.65
31.79
32.07
32.12
32.21
32.49
32.61
32.77
32.92
32.98
33.05
33.19
33.33
33.45
33.6
33.72
33.88
34.31
34.44
34.58
34.84
34.99
35.27
35.45
35.55
35.7
35.77
35.82
36.1
36.26
36.38
36.56
36.62
36.67
36.83
36.88
36.94
37.09
37.13
37.21
37.38
37.43
37.49
37.64
37.77
37.89
38.05
38.13
38.32
38.61
38.76
38.88
39.29
39.43
39.72
39.89
39.95
39.99
40.25
40.42
40.55
40.69
40.75
40.83
40.97
41.11
41.25
41.38
41.52
41.65
41.81
41.94
42.08
42.21
42.37
42.49
42.65
42.9
43.05
43.32
43.47
43.74
43.89
44.1
44.16
44.99
45.45
45.55
46.06
46.11
46.38
46.66
46.94
47.5
47.77
48.32
48.59
48.88
49.28
49.44
50.0
50.56
50.76
50.82
51.11
52.22
52.91
53.06
53.33
53.74
53.8
53.88
54.17
54.44
54.67
54.86
55.0
55.27
55.55
55.82
56.1
56.39
56.52
56.65999999999999
57.22
57.77
58.09
58.88
59.15999999999999
59.44
59.71
59.99
60.1
60.55
61.56
61.65999999999999
62.21
62.37
62.40999999999999
62.47
63.33
64.4
64.59
64.72
64.99
65.43
65.55
65.7
65.83
65.98
66.11
66.25
66.38
66.52
66.66
66.81
67.08
67.22
67.36
67.49
67.64
67.77
67.92
68.05
68.2
68.32
68.61
68.88
69.02
69.43
69.87
69.99
70.14
70.42
70.54
70.69
70.83
70.97
71.1
71.25
71.52
71.66
71.81
71.94
72.08
72.21
72.36
72.5
72.9
73.74
73.88
74.32
74.44
74.59
74.72
74.87
75.0
75.14
75.27
75.41
75.55
75.7
75.96
76.1
76.25
76.38
76.53
76.66
76.81
76.93
77.09
77.22
77.5
77.77
77.91
78.04
78.32
78.88
79.31
79.43
79.58
79.86
79.99
80.14
80.41
80.54
80.69
80.83
80.97
81.1
81.25
81.38
81.66
81.8
87.55
