0.33
0.67
0.78
0.83
1.01
1.12
1.35
1.41
1.49
1.57
1.8
2.02
2.13
2.48
2.59
2.7
3.09
3.15
3.27
3.37
3.49
3.6
3.93
4.04
4.28
4.39
4.62
4.74
4.95
5.1
5.19
5.4
5.52
5.63
5.87
6.0
6.08
6.33
7.2
7.54
7.66
7.89
8.0
8.11
8.23
8.33
8.45
8.57
8.79
8.92
9.34
9.47
9.7
9.8
10.14
10.25
10.37
10.48
10.59
10.71
10.83
11.18
11.27
11.61
11.72
11.94
12.17
12.25
12.51
12.62
12.84
13.07
13.52
13.77
13.81
13.86
13.97
14.19
14.43
14.65
14.88
15.11
15.33
15.55
15.78
16.01
16.23
16.33
16.46
16.68
16.91
17.13
17.24
17.36
17.58
17.81
18.04
18.26
18.49
18.71
18.94
19.05
19.17
19.39
19.62
19.84
20.07
20.29
20.52
20.74
20.86
20.98
21.1
21.2
21.42
21.65
21.87
22.09
22.33
22.55
22.78
23.0
23.22
23.45
23.67
23.9
24.13
24.35
24.46
24.58
24.8
25.03
25.26
25.48
25.71
25.93
26.16
26.38
26.6
26.83
27.05
27.29
27.51
27.73
27.96
28.19
28.3
28.37
28.41
28.63
28.86
29.09
29.19
29.32
29.54
29.77
29.86
29.99
30.21
30.45
30.66
30.89
31.12
31.34
31.57
31.69
31.8
32.02
32.25
32.47
32.7
32.92
33.15
33.37
33.5
33.6
33.82
34.06
34.27
34.5
34.73
34.96
35.18
35.52
35.63
35.85
36.08
36.31
36.53
36.76
36.89
36.99
37.2
37.43
37.67
37.89
38.11
38.33
38.57
38.79
38.9
39.02
39.24
39.46
39.69
39.91
40.14
40.37
40.59
40.82
41.04
41.27
41.43
41.5
41.61
41.73
41.94
42.17
42.39
42.63
42.74
42.85
43.07
43.32
43.53
43.75
43.98
44.2
44.42
44.65
44.88
45.1
45.33
45.55
45.78
46.0
46.12
46.23
46.46
46.68
46.91
47.13
47.36
47.59
47.81
47.93
48.04
48.26
48.49
48.71
48.94
49.16
49.39
49.61
49.73
49.85
49.95
50.02
50.06
50.29
50.52
50.74
50.97
51.2
51.42
51.65
51.87
52.1
52.32
52.54
52.77
53.0
53.22
53.33
53.45
53.67
53.9
54.13
54.35
54.58
54.81
55.03
55.26
55.47
55.71
55.93
56.15999999999999
56.38
56.61
56.83
57.07
57.18
57.22
57.28
57.40999999999999
57.51
57.74
57.97
58.07
58.19
58.43
58.48
58.54
58.64
59.09
59.54
59.99
60.44
60.89
61.12
61.34
61.58
61.79
62.25
62.7
63.15
63.39
63.6
64.05
64.3
64.38
64.5
64.72
64.95
65.17
65.21
65.4
65.64
65.85
66.3
66.54
66.76
67.0
67.21
67.46
67.67
67.77
67.92
68.11
68.34
68.56
68.8
69.01
69.25
69.46
69.57
69.69
69.77
69.91
70.04
70.18
70.26
70.37
70.59
70.82
71.04
71.27
71.38
71.56
71.61
72.17
72.27
72.4
72.5
72.63
72.71
72.84
73.04
73.18
73.4
73.52
73.63
73.74
73.86
73.97
74.2
74.43
74.65
74.76
74.88
75.11
75.33
75.56
75.77
76.0
76.23
76.46
76.68
76.8
76.9
77.13
77.36
77.58
77.81
78.03
78.27
78.48
78.71
78.94
79.17
79.38
79.62
79.84
80.07
80.29
80.4
80.63
80.74
80.96
81.19
81.42
81.65
81.87
82.0
82.1
82.32
82.54
82.78
83.0
83.22
83.45
83.68
83.9
84.02
84.13
84.35
84.58
84.8
85.02
85.25
85.48
85.7
85.94
86.15
86.39
86.56
86.61
86.84
87.06
87.29
87.51
87.86
87.96
88.18
88.41
88.64
88.86
89.09
89.31
89.43
89.77
89.99
90.21
90.38
90.44
90.67
90.9
91.12
91.23
91.57
91.8
91.91
92.02
92.25
92.47
92.55
92.7
92.92
93.15
93.37
93.6
93.82
94.05
94.17
94.28
94.5
94.62
94.73
94.84
94.96
95.07
95.17
95.4
95.63
95.86
96.08
96.31
96.42
96.53
96.65
96.98
97.21
97.43
97.66
97.88
98.11
98.22
98.34
98.56
98.69
98.79
99.02
99.13
99.23
99.46
99.55
99.69
99.92
100.03
100.13
100.37
100.59
100.82
100.93
101.04
101.27
101.38
101.42
101.72
101.83
101.94
102.18
102.28
102.63
102.85
103.08
103.3
103.52
103.75
103.98
104.2
104.43
104.65
104.88
105.1
105.33
105.55
105.67
105.78
106.0
106.23
106.45
106.68
106.91
107.14
107.36
107.59
107.81
108.04
108.26
108.49
108.71
108.94
109.16
109.28
109.84
110.06999999999998
110.29
110.51
110.74
110.97
111.2
111.42
111.64
111.87
112.1
112.31999999999998
112.55
112.77
112.88
113.0
113.22
113.45
113.68
113.9
114.13
114.35
114.58
114.81
115.03
115.25
115.48
115.71
115.93
116.16
116.38
116.62
116.83
117.06
117.29
117.95
118.29
119.1
119.33
119.65
119.9
125.52
