0.23
0.28
0.68
0.84
0.92
1.22
2.12
2.22
2.52
2.81
3.63
4.02
4.22
4.63
4.82
4.93
5.93
6.04
6.33
6.42
6.51
6.83
7.12
7.72
8.02
8.43
8.84
8.93
9.03
9.31
9.44
9.52
9.63
9.73
9.84
9.9
10.04
10.13
10.24
10.33
10.44
10.53
10.62
11.02
11.12
11.33
11.53
11.64
11.73
11.93
12.13
12.33
12.44
12.73
12.92
13.02
13.13
13.33
13.43
13.53
13.72
13.82
13.93
14.23
14.33
14.52
14.62
14.73
14.83
15.02
15.13
15.33
15.53
15.73
15.83
15.93
16.13
16.23
16.32
16.43
16.53
16.63
16.73
16.92
17.02
17.13
17.43
17.53
17.72
17.84
17.93
18.12
18.23
18.33
18.53
18.63
18.73
18.83
18.93
19.04
19.13
19.32
19.43
19.53
19.93
20.12
20.22
20.33
20.53
20.63
20.73
20.92
21.03
21.13
21.33
21.42
21.53
21.72
21.82
21.93
22.12
22.23
22.33
22.53
22.63
22.73
22.93
23.03
23.13
23.22
23.32
23.42
23.53
23.84
23.93
24.12
24.23
24.33
24.44
24.52
24.63
24.73
24.92
25.02
25.13
25.33
25.53
25.73
25.83
25.93
26.12
26.23
26.33
26.53
26.62
26.73
26.92
27.03
27.13
27.32
27.43
27.53
27.72
27.829999999999995
27.93
28.22
28.32
28.53
28.62
28.73
28.93
29.03
29.13
29.24
29.329999999999995
29.43
29.53
29.72
29.82
29.93
30.03
30.12
30.22
30.329999999999995
30.52
30.73
31.03
31.13
31.329999999999995
31.42
31.53
31.73
31.82
31.93
32.13
32.23
32.33
32.53
32.63
32.73
32.92
33.02
33.13
33.33
33.43
33.53
33.73
33.82
33.93
34.04
34.13
34.23
34.33
34.63
34.73
34.93
35.03
35.13
35.33
35.43
35.53
35.64
35.83
35.93
36.12
36.22
36.33
36.53
36.65
36.73
36.93
37.03
37.13
37.24
37.33
37.43
37.53
37.72
37.82
37.93
38.13
38.33
38.52
38.63
38.73
38.93
39.03
39.13
39.33
39.53
39.93
40.23
40.33
40.74
41.02
41.13
41.33
41.43
41.53
41.72
41.83
41.93
42.12
42.22
42.34
42.63
42.74
42.93
43.03
43.14
43.33
43.43
43.53
43.73
43.83
43.94
44.22
44.33
44.54
44.63
44.73
44.92
45.03
45.13
45.33
45.43
45.53
45.72
45.83
45.93
46.14
46.24
46.33
46.54
46.63
46.73
46.93
47.03
47.13
47.33
47.44
47.53
47.73
47.84
47.93
48.13
48.23
48.33
48.53
48.64
48.73
48.92
49.03
49.13
49.34
49.53
49.83
49.94
50.12
50.23
50.33
50.74
50.93
51.03
51.13
51.43
51.53
51.83
51.93
52.13
52.22
52.33
52.54
52.63
52.73
53.13
53.43
53.53
53.73
53.84
53.93
54.13
54.23
54.33
54.53
54.62
54.73
55.03
55.14
55.33
55.43
55.54
55.73
55.84
55.93
56.13
56.24
56.33
56.64
56.73
56.93
57.02
57.14
57.22
57.33
57.53
57.83
57.93
58.13
58.24
58.34
58.53
58.73
58.92
59.03
59.13
59.53
59.83
59.93
60.13
60.24
60.33
60.53
60.63
60.73
61.03
61.13
61.34
61.44
61.53
61.73
61.82
61.94
62.13
62.34
62.64
62.73
63.03
63.13
63.32
63.42
63.54
63.73
63.93
64.13
64.24
64.44
64.83
64.93
65.23
66.13
66.44
66.54
66.83
68.04
68.24
68.84
70.04
70.44
70.76
70.85
71.13
72.44
72.84
72.94
73.04
73.29
73.33
73.44
73.48
73.64
73.74
73.86
73.95
74.04
74.15
74.26
74.35
74.44
74.54
74.63
75.14
75.34
75.54
75.65
75.94
76.14
76.34
76.46
76.74
76.93
77.04
77.14
77.34
77.44
77.54
77.74
77.84
77.95
78.14
78.34
78.53
78.74
78.94
79.04
79.14
79.54
79.74
79.85
79.94
80.14
80.24
80.34
80.54
80.64
80.74
80.94
81.14
81.23
81.34
81.54
81.63
81.75
81.85
81.94
82.14
82.24
82.34
82.53
82.63
82.75
82.94
83.14
83.34
83.44
83.54
83.74
83.84
83.94
84.14
84.25
84.34
84.54
84.64
84.74
84.94
85.04
85.14
85.33
85.54
85.74
85.83
85.94
86.14
86.34
86.54
86.74
86.94
87.15
87.34
87.44
87.54
87.74
87.94
88.14
88.24
88.34
88.44
88.54
88.74
88.94
89.04
89.14
89.34
89.54
89.74
89.85
89.94
90.15
90.25
90.34
90.54
90.64
90.74
90.94
91.04
91.14
91.35
91.44
91.54
91.84
91.94
92.24
92.34
92.55
92.64
92.74
92.94
93.04
93.14
93.44
93.54
93.73
93.84
93.94
94.03
94.14
94.34
94.64
94.74
94.95
95.14
95.34
95.55
95.74
95.84
95.94
96.14
96.25
96.34
96.44
96.55
96.64
96.74
96.94
97.03
97.15
97.34
97.44
97.54
97.64
97.73
97.84
97.94
98.14
98.34
98.64
98.74
98.94
99.03
99.14
99.34
99.44
99.54
99.64
99.84
99.94
100.14
100.24
100.34
100.54
100.64
100.74
100.94
101.04
101.14
101.26
101.34
101.54
101.74
101.84
101.94
102.14
102.34
102.53
102.64
102.74
102.94
103.03
103.15
103.33
103.43
103.55
103.95
104.24
104.35
104.54
104.65
104.75
105.03
105.15
105.34
105.44
105.54
105.74
105.84
105.94
106.14
106.24
106.35
106.54
106.75
107.04
107.14
107.33
107.44
107.54
107.74
107.85
107.95
108.35
108.54
108.64
108.75
108.94
109.04
109.15
109.34
109.44
109.55
109.85
109.95
110.15
110.26
110.34
110.65
110.75
110.94
111.04
111.15
111.34
111.45
111.55
111.75
111.85
111.94
112.14
112.25
112.35
112.55
112.65
112.75
112.94
113.04
113.15
113.34
113.54
113.85
113.95
114.15
114.25
114.34
114.74
114.95
115.15
115.44
115.55
115.85
115.94
116.14
116.34
116.54
116.64
116.74
117.14
117.35
117.44
117.54
117.74
117.85
117.94
118.14
118.25
118.34
118.65
118.75
119.04
119.15
119.33
119.45
119.54
119.75
119.94
120.14
120.25
120.35
120.53
120.64
120.74
120.94
121.03
121.15
121.23
121.34
121.54
121.84
121.94
122.24
122.35
122.55
122.64
122.75
122.95
123.04
123.15
123.34
123.44
123.54
123.84
123.95
124.14
124.23
124.35
124.54
124.74
125.05
125.15
125.34
125.45
125.55
125.74
125.84
125.95
126.15
126.35
126.65
126.75
127.05
127.14
127.34
127.43
127.55
127.74
127.85
127.95
128.14
128.34
128.55
128.62
128.75
128.94
