0.31
0.69
1.03
1.91
2.61
2.9
3.3
3.64
3.99
4.69
5.33
6.07
6.77
6.94
7.46
7.8
8.16
8.85
9.54
10.24
10.93
11.45
11.62
13.01
13.71
14.4
14.73
15.09
15.78
17.17
18.9
20.12
22.38
22.54
22.65
22.9
23.07
23.23
24.44
24.8
25.49
26.19
26.88
27.57
28.27
28.61
28.96
29.65
30.35
31.04
31.73
32.43
33.12
33.81
35.2
35.55
35.89
36.59
37.98
38.67
39.37
40.75
42.14
42.83
43.87
44.57
44.71
44.91
45.1
45.18
45.27
45.95
48.21
48.39
49.08
50.12
50.64
50.81
51.51
51.85
52.14
52.71
53.23
54.27
54.97
55.15
55.67
55.75
56.02
56.36
57.4
58.79
59.48
59.65999999999999
60.18
60.69
61.56
61.74
62.95
64.34
67.11
69.88
70.06
70.41
71.28
71.98
74.05
74.74
75.43
80.8
80.97
81.15
83.75
86.53
87.41
88.62
103.09
103.17
103.35
104.58
105.25
105.96
106.65
107.34
108.04
108.73
109.42
110.12
110.81
111.51
112.2
112.89
113.58
114.27
114.62
114.98
115.67
116.01
116.35
117.05
117.75
118.44
119.13
119.83
120.17
120.51
121.56
125.05
125.49
126.77
127.11
127.46
128.15
128.85
129.14
129.54
130.93
131.62
131.79
132.32
133.01
133.7
133.88
134.4
135.09
135.79
136.47
137.87
138.2
138.56
139.25
139.95
140.24
140.64
142.03
142.54
146.97
147.23
148.09
149.01
