0.28
0.49
0.75
1.24
1.37
1.47
1.65
1.86
2.23
2.49
2.63
2.73
2.87
2.96
3.12
3.24
3.49
3.72
4.23
4.49
4.75
5.25
5.37
5.48
5.62
5.87
5.95
6.24
6.47
6.62
6.74
6.87
6.99
7.22
7.49
7.75
7.87
7.93
7.97
8.24
8.39
8.49
8.61
8.76
8.87
8.99
9.49
9.62
9.72
9.86
10.12
10.49
10.75
10.83
10.99
11.24
11.47
11.64
11.76
12.0
12.13
12.23
12.49
15.74
16.49
16.99
17.24
17.37
17.49
17.74
17.99
18.23
18.38
18.49
18.99
19.24
19.49
19.74
19.87
19.99
20.24
20.49
20.78
20.87
20.99
21.24
21.37
21.48
21.61
21.74
21.87
21.99
22.23
22.37
22.49
22.62
22.99
23.48
23.74
24.46
25.01
25.12
25.36
25.49
25.99
26.13
26.25
26.48
27.11
27.36
27.74
27.86
27.99
28.24
28.36
28.49
28.62
28.74
29.11
29.36
29.49
29.74
29.99
30.36
30.49
30.62
30.99
31.12
31.25
31.5
31.74
31.86
31.99
32.25
32.38
32.49
33.12
33.36
34.23
35.11
35.25
35.36
35.48
35.99
36.12
36.36
36.49
36.98
37.24
37.34
37.48
37.86
38.21
38.4
38.49
39.16
39.23
39.94
40.47
41.5
43.5
43.75
45.24
46.15
46.26
47.24
47.41
47.91
49.35
49.49
50.49
50.75
50.98
51.49
51.75
52.16
52.97
53.16
53.25
54.22
54.72
54.85
56.49
56.88
57.49
58.49
58.89
59.21
59.49
59.89
59.99
60.49
61.49
61.99
62.26
62.49
62.88
63.48
63.72
63.99
64.48
64.78
64.88
65.38
65.5
65.61
65.74
65.98
66.23
66.49
66.87
67.22
67.46
67.63
67.88
68.5
68.71
69.23
69.5
69.74
69.84
69.88
69.98
70.12
70.22
70.37
70.49
70.96
71.16
71.24
71.35
71.48
72.01
73.1
73.24
73.49
74.12
74.23
74.49
75.12
75.24
75.39
75.49
76.0
76.24
76.49
77.12
77.24
77.49
78.24
78.36
78.49
78.73
79.12
79.23
79.47
79.62
80.49
80.75
81.98
82.05
82.16
82.25
82.34
82.96
83.03
83.49
84.24
84.49
84.84
85.23
85.49
85.73
86.24
86.36
86.49
86.6
86.74
86.98
87.24
87.62
87.74
88.97
89.51
89.62
90.38
90.5
90.59
90.73
90.98
92.49
93.11
93.49
93.73
93.87
94.24
94.37
94.49
94.74
95.11
95.25
95.49
95.74
95.87
95.99
96.24
96.37
96.49
96.74
96.87
97.12
97.24
97.37
97.49
97.74
97.87
97.99
98.24
98.37
98.49
98.87
98.99
99.07
99.48
99.74
100.49
101.12
101.21
101.37
101.87
102.25
102.37
102.49
102.73
103.12
103.74
103.86
103.99
104.23
104.37
104.49
104.74
104.87
105.12
105.25
105.37
105.49
105.61
105.73
105.99
106.27
106.37
106.49
107.11
107.24
107.48
107.74
107.87
108.12
108.37
108.49
108.63
109.12
109.24
109.35
109.49
109.73
110.13
110.22
110.73
110.98
111.11
111.37
111.48
111.74
111.87
111.99
112.12
112.24
112.36
112.49
112.74
113.12
113.49
113.73
113.94
114.49
115.7
115.87
115.95
117.01
