0.79
2.1
2.48
2.86
3.1
3.48
3.58
3.85
3.98
4.09
4.47
4.85
5.1
5.47
5.85
6.1
6.46
6.84
7.09
7.21
7.35
7.46
7.84
7.96
8.09
8.46
8.84
8.93
9.04
9.08
9.2
9.46
9.59
9.83
9.95
10.09
10.45
10.83
11.07
11.45
11.83
11.95
12.08
12.45
12.82
13.07
13.44
13.82
14.06
14.44
14.82
15.07
15.44
15.82
16.06
16.43
16.81
17.06
17.43
17.56
17.69
18.06
18.18
18.31
18.44
18.81
19.06
19.31
19.43
19.68
19.81
20.05
20.18
20.3
20.43
20.55
20.8
21.05
21.11
21.43
21.68
21.8
21.92
22.04
22.31
22.42
22.55
22.8
23.05
23.17
23.42
23.8
23.91
24.04
24.14
24.28
24.41
24.54
24.79
25.03
25.09
25.16
25.29
25.41
25.47
25.54
25.8
25.91
26.04
26.29
26.41
26.79
27.03
27.16
27.41
27.67
27.78
27.87
27.91
28.03
28.14
28.26
28.41
28.78
28.88
29.03
29.4
29.53
29.77
29.96
30.02
30.15
30.4
30.53
30.65
30.77
31.02
31.14
31.27
31.4
31.65
31.77
31.89
32.02
32.14
32.21
32.39
32.5
32.77
33.01
33.2
33.39
33.52
33.77
34.38
34.51
34.76
35.0
35.25
35.38
35.51
35.76
36.01
36.26
36.38
36.51
36.75
37.0
37.26
37.38
37.5
37.75
38.0
38.24
38.37
38.5
38.75
38.99
39.24
39.37
39.49
39.75
39.99
40.23
40.37
40.5
40.74
40.99
41.2
41.25
41.36
41.49
41.74
41.79
41.86
41.99
42.13
42.24
42.36
42.49
42.62
42.74
42.98
43.11
43.22
43.48
43.74
43.85
43.98
44.12
44.24
44.36
44.48
44.73
44.98
45.23
45.36
45.48
45.73
45.93
45.97
46.1
46.23
46.35
46.47
46.73
46.97
47.07
47.22
47.34
47.58
47.62
47.72
47.96
48.1
48.22
48.34
48.46
48.72
48.96
49.22
49.34
49.47
49.72
49.96
50.22
50.33
50.47
50.71
50.96
51.22
51.71
51.96
52.1
52.2
52.33
52.71
52.95
53.21
53.33
53.71
53.95
54.08
54.2
54.33
54.46
54.7
54.95
55.32
55.46
55.54
55.7
55.94
56.19
56.32
56.45
56.55
56.7
56.94
57.05
57.09
57.17
57.32
57.44
57.7
57.82
57.94
58.31
58.44
58.69
58.93
59.05
59.19
59.32
59.45
59.69
59.73
59.94
60.07
60.18
60.22
60.43
60.69
61.06
61.18
61.31
61.68
61.93
62.06
62.19
62.3
62.43
62.68
62.92
63.05
63.17
63.3
63.43
63.68
63.76
63.93
64.03
64.18
64.3
64.43
64.67
64.92
65.29
65.42
65.92
66.29
66.41
66.66
67.17
67.66
67.75
67.91
68.15
68.29
68.66
68.91
69.16
69.28
69.41
69.66
69.77
69.9
70.28
70.41
70.66
70.91
71.16
71.28
71.42
71.65
71.89
72.15
72.27
72.4
72.65
72.9
73.01
73.15
73.27
73.41
73.66
73.78
73.89
74.16
74.26
74.4
74.64
74.89
75.15
75.27
75.41
75.64
75.89
76.03
76.16
76.27
76.39
76.64
76.83
76.89
77.13
77.26
77.63
77.88
78.25
78.39
78.64
78.88
79.13
79.25
79.38
79.62
79.88
80.25
80.37
80.63
80.88
81.24
81.37
81.87
82.24
82.37
82.58
82.74
82.87
83.02
83.11
83.36
83.48
83.61
83.75
83.85
84.11
84.24
84.37
84.55
84.74
84.86
85.1
85.36
85.49
85.65
85.75
85.86
86.11
86.23
86.36
86.73
86.85
87.1
87.23
87.36
87.48
87.85
88.22
88.35
88.59
88.72
88.85
89.01
89.09
89.35
89.47
89.85
90.22
90.34
90.72
90.84
91.09
91.34
91.73
91.84
91.95
92.22
92.34
92.58
92.72
92.84
93.08
93.33
93.46
93.7
93.83
94.11
94.21
94.33
94.71
94.83
95.07
95.33
95.62
95.82
95.95
95.99
96.05
96.33
96.82
97.05
97.24
97.29
97.82
98.19
98.58
98.82
99.07
99.19
99.58
99.82
99.96
100.06
100.19
100.32
100.57
100.82
101.19
101.56
101.81
102.07
102.18
102.32
102.45
102.56
102.81
103.06
103.18
103.32
103.56
103.75
103.8
104.18
104.56
104.75
104.81
104.91
105.07
105.18
105.31
105.48
105.55
105.8
106.17
106.55
106.8
107.05
107.17
107.3
107.55
107.74
107.79
108.17
108.43
108.54
109.16
109.3
109.54
109.79
110.04
110.16
110.29
110.54
110.78
111.16
111.53
111.78
111.95
112.16
112.29
112.54
112.64
112.78
113.03
113.15
113.29
113.53
113.73
113.78
114.06
114.15
114.65
114.78
115.02
115.27
115.64
115.77
116.02
116.13
116.27
116.51
116.56
116.64
116.77
117.02
117.27
117.45
117.65
117.76
118.02
118.14
118.26
118.64
118.76
119.02
119.15
119.26
119.65
119.76
119.93
120.01
120.13
120.26
120.51
120.63
120.76
121.01
121.27
121.38
121.5
121.64
121.75
121.88
122.01
122.12
122.25
122.49
122.62
122.75
122.99
123.14
123.25
123.5
123.74
123.88
124.11
124.25
124.5
124.62
124.74
124.99
125.25
125.5
125.6
125.74
126.11
126.24
126.48
126.61
126.74
126.99
127.24
127.6
127.73
127.99
128.48
128.73
129.11
129.23
129.49
129.73
129.98
130.1
130.23
130.48
130.6
130.73
130.98
131.23
131.34
131.47
131.72
131.88
131.97
132.1
132.22
132.47
132.6
132.72
132.97
133.22
133.34
133.47
133.71
133.96
134.09
134.21
134.32
134.59
134.72
134.96
135.22
135.34
135.46
135.71
135.96
136.09
136.21
136.59
136.71
136.96
137.33
137.45
137.52
137.71
137.96
138.08
138.2
138.29
138.58
138.7
138.95
139.2
139.32
139.45
139.7
139.95
140.07
140.2
140.57
140.7
140.94
141.2
141.31
141.44
141.69
141.94
142.07
142.2
142.57
142.69
142.94
143.19
143.31
143.43
143.69
143.84
144.06
144.44
144.68
144.93
145.06
145.19
145.45
145.67
149.38
149.76
