1.18
1.32
1.55
1.6
1.7
1.96
2.3
2.67
2.85
3.04
3.42
3.78
3.98
4.16
4.54
4.9
4.96
5.28
5.66
6.02
6.39
6.43
6.77
7.15
7.519999999999999
7.89
7.97
8.09
8.26
8.61
8.82
8.94
9.01
9.21
9.38
9.56
9.75
9.94
10.07
10.14
10.31
10.4
10.49
10.66
10.87
11.6
11.79
12.01
12.35
12.55
12.63
12.74
12.91
12.95
13.02
13.06
13.11
13.29
13.39
13.5
13.67
13.85
14.08
14.23
14.6
14.97
15.35
15.71
15.77
15.99
16.08
16.27
16.46
16.83
17.21
17.78
17.91
17.96
18.15
18.3
18.69
19.15
19.44
19.79
19.91
20.57
20.74
20.94
21.3
21.68
22.06
22.23
22.43
22.79
22.91
23.02
23.09
23.15
23.34
23.54
23.91
24.28
24.47
24.66
24.84
25.01
25.45
25.77
25.86
26.33
26.52
26.61
26.7
26.81
26.91
27.28
27.45
27.6
27.64
27.82
28.34
28.38
28.56
28.75
28.94
29.29
29.329999999999995
29.51
29.68
29.8
29.87
30.25
30.43
30.63
30.81
30.99
31.09
31.34
31.73
32.11
32.48
32.66
33.16
33.22
33.6
33.89
33.97
34.16
34.35
34.72
34.93
35.09
35.18
35.29
35.58
35.65
36.03
36.18
36.58
36.93
37.33
37.39
37.69
38.06
38.16
38.44
38.63
38.82
39.17
39.38
39.46
39.56
40.11
40.31
40.68
41.06
41.43
41.61
41.8
42.17
42.25
42.36
42.55
42.91
43.29
43.34
44.03
44.39
44.59
44.8
45.16
45.33
45.52
45.56
45.9
46.06
46.26
47.03
47.38
47.56
47.75
48.14
48.39
48.47
48.51
49.25
49.31
49.62
49.96
50.0
50.11
50.55
50.69
50.75
50.87
50.93
51.41
51.48
51.83
52.05
52.15
52.25
52.6
52.71
52.89
52.99
53.35
53.43
53.48
53.53
53.63
53.73
53.8
53.91
54.08
54.46
54.84
54.96
55.03
55.22
55.26
55.57
55.73
56.54
56.72
57.08
57.25
57.81
58.2
58.56
58.94
59.03
59.3
59.69
59.87
59.97
60.05
60.35
60.44
60.52
60.61
60.89
61.18
61.28
61.67
62.3
62.87
63.32
63.39
63.5
63.6
64.06
64.16
64.52
64.62
64.91
65.1
65.28
65.47
65.55
65.6
65.67
65.99
66.23
66.4
66.58
66.68
66.77
66.9
67.14
67.2
67.31
67.52
67.6
67.85
68.07
68.26
68.34
68.45
68.54
68.64
68.82
69.0
69.19
69.39
69.56
69.76
69.86
70.04
70.08
70.13
70.31
70.5
70.55
70.89
71.43
71.53
71.62
71.9
72.35
72.4
72.51
72.61
72.73
72.89
73.11
73.27
73.48
73.64
73.68
73.82
73.86
74.01
74.23
74.34
74.42
74.54
74.63
74.79
74.94
75.34
75.49
75.53
75.82
75.91
76.16
76.46
76.78
76.84
77.0
77.12
77.21
77.36
77.58
77.74
77.94
78.32
78.39
78.51
78.79
78.83
78.98
79.07
79.26
79.44
79.81
80.2
80.56
80.98
81.3
81.68
82.05
82.42
82.46
83.17
83.36
83.55
83.72
83.91
83.95
84.29
85.03
85.09
85.41
86.23
90.0
