0.01
0.05
0.16
0.34
0.51
1.05
1.73
2.24
2.76
3.09
4.12
4.46
4.8
4.98
5.49
5.66
5.83
6.18
6.36
6.86
7.04
7.55
7.72
7.89
8.23
8.41
8.57
8.92
9.26
9.6
9.78
10.29
10.47
10.63
10.98
11.17
11.33
14.41
15.09
15.43
15.78
22.3
22.44
23.02
23.13
23.53
24.31
25.03
25.18
25.79
26.24
26.36
26.58
26.75
27.43
27.74
28.11
28.54
28.64
28.8
28.99
29.29
29.51
29.62
30.17
30.67
30.8
30.86
31.1
31.17
31.21
31.55
31.66
31.74
31.87
31.99
32.19
32.27
32.48
32.55
32.75
33.94
34.29
34.63
34.8
34.97
35.15
35.31
35.48
35.66
35.83
36.0
36.34
36.52
36.66
36.86
36.96
37.03
37.18
37.37
37.54
37.64
37.71
37.89
38.06
38.21
38.4
38.74
38.92
39.08
39.25
39.42
39.61
39.77
39.95
40.11
40.29
40.46
40.62
40.78
40.89
40.98
41.15
41.32
41.48
41.63
41.71
41.76
41.83
42.01
42.17
42.35
42.52
42.69
43.01
43.21
46.04
46.19
46.27
48.51
49.87
49.97
50.56
54.83
55.06
55.13
55.52
56.03
57.95
58.55
58.78
58.97
59.49
59.83
60.86
61.03
61.19
61.89
62.22
63.26
65.85
66.52
67.71
68.58
68.82
68.92
70.37
70.47
71.83
71.98
72.17
72.45
72.84
74.4
75.6
75.79
75.96
76.07
76.97
78.53
78.57
79.23
79.29
79.52
79.58
79.66
79.83
79.98
80.07
80.26
80.68
80.85
81.18
81.36
81.62
81.76
82.04
82.21
82.29
82.48
82.54
82.71
82.95
82.99
83.14
83.3
83.34
83.41
83.59
83.67
83.83
83.93
84.0
84.1
84.19
84.32
84.53
84.68
84.79
84.97
85.23
85.3
85.48
85.56
85.75
85.91
86.17
86.67
88.2
98.73
98.83
99.08
101.14
104.91
105.95
115.89
121.73
123.09
123.44
124.47
124.81
124.98
125.49
125.67
125.83
126.18
126.52
126.86
127.03
127.55
127.72
127.89
128.23
128.41
128.57
128.92
129.09
129.27
129.77
129.95
130.29
130.63
130.98
131.32
131.66
131.83
132.35
133.03
133.14
133.21
133.72
133.89
134.06
134.41
134.57
134.74
135.09
135.26
135.44
135.78
136.12
136.46
136.63
136.81
137.15
137.49
137.83
138.52
138.86
139.89
142.63
142.8
143.09
146.1
146.15
146.19
146.23
146.27
146.31
146.35
146.39
146.43
146.47
146.51
146.55
146.59
146.63
146.67
146.71
146.75
146.79
146.83
146.87
146.91
146.95
146.99
147.03
147.07
