0.05
6.29
6.42
6.65
6.97
7.019999999999999
7.49
7.63
7.82
8.11
8.27
8.78
9.07
9.2
9.64
15.49
17.92
18.5
19.06
19.49
19.87
20.78
20.92
21.06
21.35
21.92
23.06
23.21
23.35
23.49
23.63
24.21
24.43
24.63
25.21
25.49
25.78
25.92
26.35
26.71
27.49
27.64
27.78
27.92
28.06
28.2
28.63
28.78
29.0
29.21
29.28
29.78
30.06
30.49
30.92
31.06
31.49
31.92
31.99
32.06
32.35
32.49
32.78
33.35
34.64
35.07
36.91
37.34
41.79
41.92
42.49
42.92
43.65
43.77
44.07
44.21
44.77
44.91
45.22
45.49
45.63
46.06
46.49
50.2
50.63
50.92
51.06
51.63
52.07
52.91
53.35
55.35
55.85
56.06
58.5
58.93
59.93
60.22
60.64
60.7
60.79
61.19
61.57
61.64
61.71
62.07
62.92
62.99
63.09
63.48
63.92
64.06
64.49
64.79
65.2
67.93
68.06
68.45
68.5
68.64
69.36
69.79
69.86
69.92
70.36
70.91
71.57
71.7
71.92
71.96
72.05
76.92
77.19
77.34
78.49
78.91
79.2
79.48
79.63
79.91
80.34
80.78
81.48
81.76
84.05
84.2
85.35
86.49
87.2
88.77
89.49
89.81
89.91
90.78
91.49
105.48
111.06999999999998
111.2
111.77
112.5
113.36
113.49
113.63
114.06
114.21
114.78
114.91
115.78
115.91
116.2
116.33
117.92
118.2
118.37
118.63
119.35
120.35
120.92
121.64
122.5
122.64
122.76
123.92
124.42
124.78
125.05
125.37
125.48
127.34
127.66
127.78
128.91
129.62
130.06
130.64
130.77
131.06
131.2
131.49
131.65
131.71
131.92
132.34
132.51
132.55
132.62
132.93
133.06
133.34
133.49
133.77
133.92
134.05
134.21
134.63
135.22
135.34
135.63
135.78
136.06
136.92
137.92
138.06
138.52
138.78
139.2
139.78
139.91
140.2
140.63
140.8
140.85
141.06
141.49
141.77
142.07
142.2
142.49
142.63
143.06
143.35
143.63
143.77
144.36
144.48
144.92
147.5
