0.2
2.66
3.46
3.8
3.97
7.37
7.69
9.31
10.96
11.12
11.26
12.01
12.12
12.23
12.58
12.67
12.88
13.1
13.52
13.85
14.17
14.39
14.49
14.82
15.15
15.37
15.789999999999997
16.12
16.44
16.76
16.99
17.64
18.28
18.72
19.04
19.37
19.58
20.02
20.34
20.56
20.66
21.31
21.64
22.18
22.94
23.27
23.57
23.9
24.22
24.55
24.77
25.2
25.52
26.07
26.17
26.5
26.82
27.15
27.47
27.8
28.44
28.77
29.1
29.41
29.74
29.96
30.39
30.72
30.93
31.04
31.37
31.579999999999995
31.69
31.91
32.01
32.24
32.56
32.76
36.12
36.22
36.39
36.87
38.2
38.27
38.33
38.4
38.51
38.76
38.94
39.48
39.56
39.8
41.11
41.31
41.58
44.67
45.52
46.59
46.77
48.67
48.76
50.06
50.49
50.82
51.48
51.79
51.96
54.08
54.3
54.4
54.62
54.73
55.36
55.69
55.9
58.93
59.90999999999999
60.12
60.44
60.77
61.09
62.71
63.79
63.90999999999999
64.01
64.12
64.23
64.34
64.45
64.78
65.1
66.72
67.05
67.37
67.59
67.69
68.02
68.34
68.56
68.66
68.88
69.31
69.64
69.95
70.28
70.6
70.93
71.15
71.48
71.9
72.55
72.77
73.2
73.53
74.83
75.47
76.12
76.45
77.1
77.42
77.75
77.96
78.4
78.72
78.94
79.36
79.68
80.01
80.34
80.66
80.98
81.31
81.64
81.86
82.28
82.62
82.93
83.15
84.45
85.1
85.21
85.75
87.17
88.44
90.18
90.64
90.72
90.77
91.13
95.2
