8.21
8.27
8.57
8.72
9.03
9.88
10.31
11.16
12.42
25.6
26.28
26.4
27.18
27.32
27.43
27.47
27.91
27.97
28.18
28.32
28.42
28.5
28.55
28.67
28.85
28.95
29.17
30.02
30.68
32.85
33.38
33.92
33.98
34.3
37.9
39.04
40.06
40.15
40.83
41.06
41.5
42.19
42.4
42.85
43.08
43.76
44.2
44.45
44.65
45.35
45.56
46.25
46.69
47.16
47.37
47.6
48.27
48.51
48.96
49.4
49.86
50.31
50.75
51.21
51.42
51.66
52.11
52.33
53.68
53.91
54.14
54.5
54.58
55.05
55.53
55.72
56.17
56.21
56.39
56.59
57.07
57.52
57.74
57.86
57.96
58.05
58.12
58.19
58.42
58.64
58.88
59.09
59.8
60.21
60.45
60.59
60.68
60.90999999999999
61.13
61.59
62.04
62.49
62.71
62.94
63.84
64.29
64.96
65.2
65.41
65.64
66.11
66.77
68.81
69.02
69.47
70.15
70.6
70.83
71.06
71.28
71.51
71.73
71.92
72.87
73.32
74.67
74.89
75.57
75.79
76.24
76.47
76.69
77.14
77.83
78.05
78.28
78.49
78.74
79.18
80.08
80.98
83.91
84.15
84.36
85.04
85.26
85.5
85.7
85.94
86.84
87.07
87.3
87.52
87.76
87.97
88.2
89.11
89.33
89.56
90.01
90.22
90.68
90.91
91.12
91.58
91.8
92.02
92.26
92.93
93.61
94.52
95.1
95.64
97.0
97.22
97.45
98.34
98.8
99.26
99.48
99.7
99.94
100.15
100.4
100.6
101.05
101.51
101.73
101.94
102.19
102.39
102.86
103.14
103.53
103.98
104.45
104.89
105.11
105.35
105.57
105.79
106.01
106.25
106.48
106.7
107.15
107.2
107.37
107.6
108.06
108.5
108.95
109.17
109.4
109.44
110.23
111.88
112.33
112.92
113.01
113.23
113.46
113.91
114.26
114.81999999999998
114.94
115.26
115.49
115.61
115.71
115.85
115.93
116.17
116.38
116.62
116.84
117.3
117.68
117.79
117.97
118.01
118.3
118.44
118.89
119.23
119.31
119.55
119.78
120.22
120.45
120.69
120.9
121.13
121.35
121.58
121.8
122.04
122.25
122.49
122.71
122.87
122.94
123.05
123.38
123.84
123.88
124.51
124.64
125.24
125.43
125.5
125.64
126.01
126.09
126.31999999999998
126.55
126.77
127.0
127.22
127.44
127.58
127.67
127.9
128.04
128.12
128.35
128.57
128.8
129.03
129.47
129.69
129.93
130.15
130.38
130.83
131.05
133.96
134.64
134.89
135.08
135.3
135.54
135.79
135.99
136.03
136.2
136.48
136.94
