1.0
1.39
3.46
4.59
6.99
7.31
7.42
7.75
8.74
9.19
10.72
12.15
12.89
13.32
13.55
13.76
14.08
14.2
14.42
14.64
14.85
14.95
15.06
15.17
15.289999999999997
15.34
15.75
15.96
16.3
16.39
16.52
16.83
17.48
17.71
18.15
18.29
18.49
18.59
19.03
19.25
19.46
19.9
20.34
20.78
21.21
21.65
22.31
22.53
22.75
22.95
23.37
23.52
24.28
24.5
24.72
24.94
25.16
25.28
25.32
25.52
25.59
25.97
26.03
26.26
26.47
26.91
27.35
27.78
28.36
28.45
28.82
29.03
29.11
29.329999999999995
29.76
30.19
30.63
30.85
31.07
31.52
31.62
31.74
31.94
32.11
32.38
32.6
32.81
33.26
33.65
33.7
34.15
34.36
34.57
35.02
35.44
35.68
35.89
36.11
36.32
36.77
37.19
37.65
37.86
38.02
38.07
38.52
38.74
38.88
38.95
39.19
39.36
39.4
39.61
39.79
39.83
40.07
40.21
40.27
40.44
40.69
40.93
41.13
41.58
42.02
42.45
42.7
42.78
42.82
42.86
42.91
43.13
43.22
43.34
43.44
43.78
44.22
44.43
45.08
45.31
45.53
45.74
46.18
46.4
46.64
46.84
47.27
47.93
48.14
48.59
48.81
49.03
49.25
49.69
49.9
50.12
50.34
50.78
51.22
51.44
51.66
51.86
52.09
52.32
52.53
52.75
53.19
53.4
53.63
53.78
53.85
54.06
54.28
54.72
54.94
55.15999999999999
55.6
55.68
55.82
56.04
56.26
56.69
56.90999999999999
57.35
57.79
58.23
58.44
58.67
58.89
58.98
59.1
59.54
59.65999999999999
59.76
59.96
60.19
60.40999999999999
60.64
60.85
60.94
61.08
61.23
61.3
61.73
61.95
62.15999999999999
62.38
62.6
62.83
63.27
63.7
63.90999999999999
64.14
64.35
64.58
64.69
64.79
65.02
65.53
66.1
66.32
66.78
67.32
67.42
67.64
67.75
68.08
68.3
68.73
68.95
69.17
69.38
69.6
69.79
69.83
70.25
70.49
71.1
71.37
71.48
71.58
71.8
72.35
72.45
72.57
72.69
72.73
72.79
72.89
73.03
73.24
73.34
73.56
73.77
73.99
74.12
74.22
74.65
75.09
75.31
75.51
75.95
76.07
76.2
76.39
76.63
76.84
77.07
77.27
77.37
77.71
77.82
78.04
78.15
78.37
78.81
79.21
79.46
79.69
79.78
79.91
80.13
80.34
80.57
80.78
80.9
81.22
81.66
81.88
82.1
82.32
82.45
82.54
82.76
82.96
83.08
83.4
83.63
83.85
83.95
84.07
84.28
84.72
84.95
85.16
85.25
85.38
85.49
85.6
85.81
85.93
86.03
86.13
86.25
86.47
86.59
86.72
86.9
86.95
87.04
87.35
87.58
88.01
88.13
88.23
88.68
88.89
89.11
89.33
89.54
89.75
89.98
90.1
90.21
90.42
90.53
90.65
91.29
91.51
91.73
91.84
92.17
92.39
92.49
92.61
92.83
93.04
93.26
93.48
93.8
93.92
94.14
94.36
94.58
94.8
95.02
95.24
95.32
95.9
96.03
96.11
96.34
96.47
96.77
96.99
97.22
97.42
97.86
98.07
98.3
98.54
98.74
98.96
99.18
99.39
99.83
100.04
100.26
100.39
100.48
100.6
100.69
100.92
101.13
101.58
101.78
102.02
102.24
102.35
102.58
102.67
102.9
103.33
103.55
103.77
103.99
104.1
104.63
104.87
105.3
105.52
105.75
105.85
106.39
106.83
107.03
107.27
107.45
107.5
107.61
108.14
108.59
109.02
109.25
109.36
109.45
109.49
109.6
109.69
109.9
110.56
110.78
111.0
111.11
111.43
111.65
112.1
112.53
112.75
112.86
113.08
113.19
113.42
117.23
