0.01
0.43
0.74
0.84
0.95
1.05
1.25
1.46
1.66
2.07
2.39
2.49
2.69
2.89
3.21
3.3
3.71
3.86
4.03
4.13
4.33
4.54
4.86
4.94
5.36
5.67
5.78
5.98
6.18
6.39
6.5
6.59
6.8
7.0
7.21
7.31
7.42
7.62
7.82
8.03
8.14
8.23
8.44
8.65
8.85
8.96
9.06
9.26
9.47
9.61
9.68
9.78
9.88
10.07
10.19
10.29
10.6
10.9
11.11
11.52
11.63
11.85
11.94
12.52
12.66
12.98
13.07
13.17
13.38
13.58
13.78
13.99
14.2
14.4
14.6
14.81
15.02
15.22
15.44
15.63
15.85
16.04
16.25
16.46
16.66
16.87
17.08
17.28
17.69
17.89
18.1
18.31
18.51
18.72
18.92
19.13
19.33
19.54
19.74
19.95
20.15
20.36
20.57
20.78
20.97
21.18
21.38
21.6
21.8
22.01
22.21
22.42
22.62
22.83
23.03
23.24
23.44
23.65
23.85
24.07
24.26
24.48
24.88
25.29
25.7
25.91
26.11
26.32
26.52
26.73
26.94
27.14
27.35
27.55
27.96
28.17
28.37
28.57
28.79
28.99
29.19
29.61
29.82
30.01
30.22
30.43
30.64
30.829999999999995
31.05
31.25
31.46
31.66
31.86
32.07
32.29
32.48
32.69
32.9
33.1
33.3
33.51
33.71
33.93
34.13
34.54
34.75
34.95
35.15
35.36
35.57
35.77
36.18
36.39
36.59
36.8
37.0
37.21
37.41
37.62
37.83
38.03
38.44
38.67
39.07
39.27
39.47
39.69
39.81
39.87
40.09
40.18
40.29
40.49
40.7
40.91
41.01
41.11
41.32
41.52
41.93
42.04
42.15
42.34
42.56
42.66
42.76
42.97
43.17
43.38
43.48
43.59
43.69
43.79
43.99
44.2
44.31
44.4
44.61
44.81
45.12
45.22
45.33
45.43
45.63
45.84
45.94
46.05
46.25
46.45
46.67
46.87
46.98
47.08
47.27
47.48
47.6
47.68
47.89
48.01
48.1
48.41
48.51
48.72
48.92
49.13
49.23
49.33
49.54
49.65
49.74
49.95
50.16
50.26
50.36
50.56
50.79
50.87
50.97
51.34
51.39
51.6
51.69
51.79
51.92
52.15
52.2
52.63
52.7
52.92
53.01
53.13
53.34
53.65
53.85
54.06
54.87
55.09
55.2
55.47
55.89
56.0
56.21
56.40999999999999
56.62
56.94
57.14
57.35
57.45
57.49
57.55
57.65
57.76
57.87
57.97
58.07
58.15999999999999
58.27
58.38
58.58
59.18
59.61
59.81
60.02
60.33
60.47
60.64
60.84
61.25
61.46
61.65999999999999
61.87
61.97
62.08
62.28
62.48
62.7
62.79
62.89
63.01
63.1
63.31
63.51
63.62
63.71
63.83
63.92
64.13
64.44
64.54
64.64
64.75
64.84
64.95
65.16
65.27
65.39
65.48
65.57
65.68
65.77
65.98
66.09
66.17
66.39
66.6
66.8
66.9
67.12
67.22
67.42
67.72
67.94
68.04
68.14
68.23
68.45
68.55
68.76
69.05
69.26
69.37
69.46
69.69
70.09
70.19
70.4
70.5
70.65
70.87
70.91
71.24
71.32
71.43
71.52
71.74
71.84
71.93
72.14
72.27
72.35
72.46
72.53
72.66
72.74
72.85
72.97
73.48
73.68
73.79
74.0
74.19
74.3
74.5
74.62
74.71
74.94
75.12
75.33
75.43
75.54
75.64
75.83
75.94
76.15
76.25
76.35
76.46
76.58
76.77
76.97
77.18
77.27
77.59
77.79
77.9
78.0
78.22
78.41
78.61
78.83
78.93
79.13
79.23
79.33
79.43
79.64
79.89
79.94
80.06
80.25
80.36
80.47
80.57
80.76
80.88
81.08
81.19
81.29
81.39
81.58
81.7
81.8
81.9
82.01
82.11
82.33
82.52
82.62
82.96
83.34
83.54
83.76
83.85
84.05
84.18
84.26
84.47
84.58
84.67
84.79
84.87
84.99
85.09
85.5
85.69
85.81
85.9
86.12
86.33
86.52
86.64
86.73
86.94
87.14
87.35
87.47
87.54
87.76
87.89
87.96
88.17
88.36
88.58
88.68
88.73
88.79
89.09
89.19
89.61
89.72
89.82
89.92
90.01
90.43
90.63
90.84
91.05
91.24
91.46
91.66
91.97
92.07
92.27
92.38
92.48
92.9
93.1
93.21
93.32
93.51
93.71
93.92
94.13
94.34
94.45
94.54
94.75
94.95
95.26
95.36
95.56
95.67
95.78
96.19
96.27
96.38
96.59
96.8
97.0
97.2
97.33
97.42
97.72
97.93
98.06
98.13
98.25
98.54
98.65
98.85
98.96
99.06
99.27
99.47
99.68
99.78
99.87
100.09
100.29
100.38
100.5
100.7
100.91
101.11
101.31
101.42
101.52
101.89
101.93
102.13
102.35
102.55
102.96
103.07
103.16
103.38
103.57
103.99
104.2
104.61
104.81
105.02
105.13
105.23
105.42
105.55
105.63
105.85
106.04
106.16
106.26
106.36
106.45
106.67
106.87
107.07
107.27
107.49
107.69
107.79
107.89
108.1
108.3
108.49
108.7
108.83
108.92
109.13
109.34
109.54
109.65
109.74
109.96
110.15
110.47
110.56
110.67
110.77
110.87
110.98
111.09
111.18
111.29
111.43
111.5
111.6
111.7
111.79
112.0
112.21
112.41
112.62
112.83
113.03
113.23
113.44
113.65
113.85
114.05
114.26
114.47
114.67
114.87
115.09
115.29
115.5
115.7
115.91
116.12
116.31999999999998
116.73
116.94
117.14
117.34
117.55
117.77
117.96
118.37
118.58
118.78
118.99
119.19
119.41
119.6
120.02
120.22
120.43
120.84
121.05
121.25
121.45
121.66
121.87
122.06999999999998
122.27
122.48
122.69
122.89
123.09
123.3
123.51
123.92
124.13
124.23
124.45
124.54
124.76
124.85
124.94
125.05
125.36
125.67
125.88
125.98
126.18
126.39
126.49
126.59
127.0
127.31
127.42
127.62
127.81999999999998
128.03
128.14
128.23
128.65
128.96
129.07
129.26
129.47
129.79
129.88
130.29
130.51
130.6
130.71
130.91
131.11
131.32
131.43
131.52
131.74
131.93
132.15
132.24
132.35
132.55
132.76
132.97
133.07
133.16
133.38
133.58
133.78
133.89
133.99
134.19
134.4
134.54
134.61
134.71
134.81
135.02
135.12
135.22
135.37
135.42
135.53
135.64
135.84
135.93
136.05
136.18
136.36
136.45
136.62
136.87
137.48
137.64
137.69
137.99
139.29
