2.33
2.61
2.99
3.83
4.12
4.18
4.3
5.81
7.12
7.19
7.25
7.31
8.34
8.4
8.45
8.52
8.57
8.62
8.8
9.0
9.05
9.19
9.61
9.84
10.49
12.0
13.03
13.12
13.31
13.86
13.97
14.539999999999997
14.61
14.74
14.82
15.36
16.11
16.31
16.86
16.96
17.06
17.53
17.61
18.36
18.84
19.03
19.12
19.6
19.86
20.15
20.54
20.62
20.82
21.36
21.84
22.03
22.11
22.23
22.86
23.45
23.71
23.76
23.99
24.74
24.94
25.02
25.11
25.39
25.5
25.61
25.69
25.86
26.06
26.23
26.44
26.54
27.0
27.19
27.56
27.74
27.94
28.04
28.12
28.5
28.69
29.24
29.44
29.54
29.61
30.02
30.73
30.94
31.05
31.1
31.5
31.69
32.23
32.61
32.81
33.0
33.11
33.19
33.64
33.72
33.94
34.03
34.11
34.31
34.39
34.5
34.69
35.23
35.53
35.61
35.78
36.01
36.55
36.85
36.94
37.03
37.1
37.3
37.38
37.5
37.61
37.69
38.16
38.25
38.44
38.54
38.61
39.0
39.19
39.36
39.56
39.85
39.95
40.03
40.11
40.39
40.5
41.06
41.16
41.24
41.43
41.54
41.62
41.73
41.82
41.9
42.0
42.25
42.45
42.56
42.95
43.01
43.33
43.49
43.7
43.76
43.96
44.06
44.44
44.51
44.73
44.82
44.99
45.2
45.26
45.46
45.56
45.64
45.94
46.32
46.5
46.7
46.76
46.96
47.06
47.33
47.44
47.51
47.82
47.99
48.19
48.36
48.45
48.56
48.93
49.03
49.11
49.32
49.39
49.49
49.69
49.87
49.96
50.06
50.53
50.61
50.73
50.82
50.89
51.0
51.19
51.46
51.56
51.83
52.03
52.11
52.32
52.39
52.51
52.7
52.76
53.05
54.01
54.83
55.5
55.87
55.96
56.15
57.0
57.17
57.28
57.55
57.69
57.84
57.96
58.26
58.37
58.5
58.67
59.43
59.63
59.82
60.0
61.5
61.65999999999999
61.87
62.27
62.52
63.0
63.17
63.28
63.56
63.68
63.84
64.5
64.69
64.78
65.25
65.34
65.44
65.53
65.63
65.72
65.81
66.0
66.19
66.36
66.64
66.95
67.11
67.36
67.5
67.7
67.86
68.24
68.44
68.62
69.0
69.19
69.36
69.56
69.63
69.96
70.11
70.31
70.39
70.5
70.69
70.86
71.14
71.24
71.44
71.62
72.0
72.19
72.36
72.95
73.11
73.31
73.39
73.51
73.7
73.86
74.23
74.44
74.61
75.0
75.1
75.19
75.37
75.73
75.84
75.94
76.12
76.5
76.61
76.69
77.24
77.43
77.61
77.81
78.0
78.28
78.84
78.95
79.12
79.3
79.5
79.59
79.69
79.85
80.23
80.44
81.0
81.09
81.19
81.37
81.74
81.95
82.11
82.5
82.59
82.7
82.86
83.14
83.19
83.23
83.44
83.61
83.81
83.99
84.56
84.84
84.94
85.3
85.38
85.49
85.59
85.7
85.76
86.06
86.24
86.44
86.81
86.99
87.1
87.18
87.26
87.64
87.84
87.93
88.11
88.51
88.58
89.25
89.43
89.72
89.82
90.0
90.37
90.55
90.65
90.75
90.85
90.94
91.12
91.4
91.5
91.6
91.68
91.78
91.87
92.06
92.17
92.25
92.44
92.53
92.63
92.81
92.91
93.0
93.18
93.37
93.64
93.75
93.85
93.94
94.13
94.4
94.5
94.68
94.78
94.87
95.06
95.17
95.25
95.43
95.53
95.62
95.8
95.91
96.01
96.19
96.55
96.66
96.75
96.85
96.93
97.12
97.4
97.5
97.69
97.78
98.06
98.17
98.25
98.43
98.53
98.62
98.81
98.91
99.0
99.19
99.37
99.56
99.65
99.75
99.85
99.93
100.13
100.41
100.5
100.69
100.78
101.06
101.17
101.25
101.43
101.53
101.62
101.81
102.0
102.55
102.66
102.75
102.85
102.93
103.12
103.4
103.5
103.69
103.86
104.06
104.17
104.25
104.44
104.54
104.62
104.81
104.91
105.0
105.18
105.38
105.65
105.75
105.85
105.93
106.13
106.4
106.5
106.68
106.78
106.87
107.05
107.17
107.25
107.43
107.53
107.62
107.91
108.0
108.55
108.66
108.75
108.85
108.94
109.12
109.4
109.5
109.69
109.78
109.86
110.06
110.17
110.25
110.44
110.54
110.62
110.81
110.91
111.0
111.18
111.37
111.56
111.65
111.75
111.85
111.93
112.13
112.4
112.95
113.04
113.15
113.24
113.79
114.25
114.56
114.64
114.81999999999998
115.11
115.2
116.21
