1.13
1.26
1.56
1.74
1.87
1.96
2.17
2.34
2.42
2.5
2.79
3.09
3.17
3.69
4.46
4.76
5.22
5.52
5.97
6.11
6.4
6.57
6.72
7.18
7.269999999999999
7.33
7.64
7.94
8.4
8.53
8.83
9.14
9.31
9.91
10.09
10.15
10.37
10.66
10.81
11.11
11.28
11.42
11.89
12.19
12.32
12.63
12.78
13.09
13.23
13.38
13.54
13.7
13.99
14.14
14.3
14.45
14.6
14.91
15.21
15.36
15.52
15.8
15.97
16.12
16.42
16.57
16.72
16.87
17.03
17.34
17.48
17.64
17.78
17.94
18.38
18.69
18.98
19.15
19.26
19.46
19.75
19.89
20.06
20.37
20.5
20.65
20.81
20.97
21.25
21.42
21.57
21.71
22.01
22.17
22.5
22.78
22.95
23.03
23.07
23.24
23.39
23.69
23.83
23.99
24.14
24.6
24.75
24.91
25.06
25.21
25.66
25.95
26.11
26.27
26.42
26.56
26.72
27.03
27.329999999999995
27.47
27.63
27.76
27.92
28.19
28.23
28.329999999999995
28.53
28.69
28.85
29.59
29.89
30.04
30.34
30.49
30.8
30.96
31.56
31.71
32.02
32.31
32.44
33.68
33.8
33.84
34.28
34.59
35.2
35.5
35.63
35.96
36.1
36.18
36.35
36.49
36.7
37.46
37.92
38.68
38.97
39.13
39.88
40.34
40.49
40.65
40.94
41.55
41.7
41.85
42.41
42.45
42.76
42.93
43.06
43.22
43.37
43.53
43.68
43.83
43.96
44.14
44.27
44.74
45.05
45.19
45.34
45.65
45.79
45.91
46.09
46.25
46.4
46.55
46.87
47.01
47.31
47.46
47.61
47.77
47.91
48.22
48.52
49.13
49.28
49.43
49.57
49.73
49.88
50.03
50.19
50.35
50.42
50.49
50.65
50.94
51.56
51.85
52.3
52.52
52.6
52.77
53.06
53.22
53.36
53.51
53.55
53.67
53.81
53.97
54.28
54.43
54.56
54.73
54.9
54.99
55.49
55.79
55.94
56.09
56.39
56.54
56.7
56.84
56.99
57.08
57.3
57.44
57.6
57.90999999999999
58.22
58.37
58.52
58.76
58.81
59.02
59.13
59.4
59.58
59.73
60.02
60.12
60.19
60.33
60.44
60.63
60.74
60.8
60.90999999999999
61.02
61.08
61.24
61.39
61.54
61.7
61.85
61.98
62.12
62.28
62.45
62.6
63.21
63.36
63.51
63.82
63.89
63.97
64.19
64.27
64.88
65.76
65.89
66.06
66.37
66.52
66.83
66.98
67.13
67.44
67.58
67.88
68.04
68.18
68.33
68.49
68.64
68.79
68.95
69.09
69.4
69.55
69.71
69.86
70.0
70.3
70.46
70.6
70.92
71.08
71.51
71.67
71.82
71.96
72.12
72.28
72.42
72.88
73.04
73.34
73.5
73.63
73.8
73.94
74.4
74.55
74.7
75.01
75.15
75.31
75.46
75.76
75.9
76.06
76.21
76.37
76.51
76.67
76.82
76.97
77.12
77.27
77.43
77.57
77.74
77.89
78.19
78.49
78.95
79.01
79.09
79.24
79.39
79.55
79.69
80.15
80.75
80.91
81.07
81.2
81.51
81.81
81.98
82.12
82.42
82.57
82.72
83.02
83.34
83.48
83.65
83.78
83.95
84.56
84.84
85.45
85.61
85.77
85.91
86.22
86.38
86.68
86.98
87.12
87.26
87.58
87.88
87.99
88.04
88.49
88.59
88.94
89.1
89.84
90.01
90.88
90.93
91.06
91.22
91.36
91.53
91.68
91.83
91.97
92.11
92.27
92.44
92.57
92.89
93.04
93.65
93.79
93.95
94.26
94.4
94.54
94.69
94.85
94.99
95.14
95.32
95.46
95.6
96.22
96.67
96.82
96.96
97.08
97.13
97.29
97.44
97.54
97.58
97.74
98.02
98.34
98.64
98.79
98.93
99.1
99.54
99.7
99.85
100.16
100.31
100.47
100.62
100.9
101.07
101.21
101.53
101.8
101.96
102.12
102.28
102.87
103.17
103.35
104.24
104.7
104.84
105.17
110.41
