0.01
0.05
0.17
0.58
1.63
1.99
2.1
2.95
3.89
5.43
5.9
6.28
6.76
7.33
8.29
8.41
8.5
8.99
9.05
9.48
9.63
10.2
10.43
10.63
10.89
11.14
13.44
13.87
14.24
14.52
16.85
17.05
17.82
18.53
18.76
19.01
20.19
20.67
21.12
21.26
21.51
21.83
22.22
23.76
24.26
24.72
25.2
25.67
26.03
26.15
26.38
26.63
27.1
27.57
27.82
28.06
28.29
28.54
29.0
29.23
29.48
30.43
30.68
30.91
31.38
31.63
32.34
32.82
33.65
33.77
34.24
34.72
34.96
35.19
35.56
35.67
36.15
38.22
40.09
41.28
47.33
49.62
49.72
52.7
53.06
54.46
54.87
55.43
56.38
57.1
58.28
58.40999999999999
59.01
59.15999999999999
59.24
61.52
62.46
62.82
62.94
63.53
63.76
64.0
64.2
64.36
64.9
65.31
65.67
66.04
66.71
67.22
67.57
68.04
69.49
70.19
70.42
71.02
71.13
71.36
71.83
72.33
72.46
72.95
73.28
74.0
75.18
75.57
75.88
79.37
92.57
93.05
93.29
93.53
94.49
95.28
95.36
95.41
96.87
97.26
97.33
99.02
101.14
103.05
104.0
104.13
104.95
106.05
106.93
107.21
107.55
109.45
109.61
110.23
114.22
114.27
114.31
114.35
114.39
114.43
114.47
114.51
114.55
114.57
