0.43
0.65
2.04
4.13
4.58
5.4
5.44
5.87
7.18
8.05
8.24
10.36
10.66
11.08
12.37
13.25
15.42
17.69
17.92
18.05
18.49
19.33
19.79
19.89
21.09
22.15
22.38
22.84
23.7
24.76
25.02
25.45
26.32
26.44
26.74
30.43
30.66
30.82
31.07
31.29
31.52
31.95
32.95
33.06
33.26
34.13
34.57
35.46
35.64
38.48
38.91
39.34
39.76
40.2
41.09
42.38
42.48
42.83
44.2
44.24
44.56
45.44
45.84
46.05
47.26
48.2
50.95
51.18
52.01
52.09
52.15
52.79
53.16
54.29
54.77
55.22
55.88
56.26
56.42
56.5
56.72
56.97
59.29
59.34
59.56
59.67
59.99
60.43
60.78
60.86
61.32
61.53
62.15999999999999
62.39
62.61
63.43
65.56
65.98
68.46
68.65
68.83
69.7
70.86
70.99
71.42
71.51
73.61
74.9
75.13
76.74
78.48
79.27
79.49
79.69
79.97
80.4
80.61
81.06
82.39
83.25
84.55
84.76
85.85
88.84
89.04
89.19
89.33
91.42
92.53
92.61
93.35
94.54
95.05
95.82
96.21
97.21
97.31
97.48
97.55
97.7
97.79
97.84
97.95
98.91
99.34
99.55
99.65
101.09
101.47
101.54
101.58
102.83
103.02
103.13
103.24
104.92
105.42
105.86
106.31
106.41
108.36
109.24
111.53
111.62
113.26
113.69
114.44
114.49
114.56
115.3
115.41
115.94
116.84
117.11
119.77
120.22
121.94
123.7
124.14
124.25
125.44
126.74
127.18
127.62
128.9
130.66
131.08
131.95
132.39
132.71
132.81
133.26
133.69
134.13
134.35
134.73
135.37
135.59
135.71
135.78
135.83
135.92
136.2
136.43
138.44
140.48
140.53
140.57
140.61
140.65
140.69
140.73
140.77
140.81
140.85
140.89
140.93
140.97
141.01
141.05
141.09
141.13
141.17
141.21
141.25
141.29
141.33
141.37
141.41
141.45000000000002
