0.21
0.56
0.91
1.06
1.38
1.5
1.57
1.73
1.98
2.06
2.17
2.25
2.52
2.57
2.69
2.76
2.92
2.99
3.09
3.18
3.44
3.6
3.79
3.87
4.45
4.79
4.96
5.14
5.65
5.81
6.15
6.27
6.5
6.62
6.66
7.03
7.19
7.28
7.68
7.86
7.97
8.21
8.54
8.8
8.88
8.99
9.05
9.23
9.4
9.57
9.92
10.25
10.42
10.59
10.93
11.14
11.28
11.52
11.61
11.71
11.78
11.96
12.12
12.49
12.64
12.75
12.83
13.08
13.13
13.32
13.43
13.57
13.65
13.83
14.0
14.25
14.34
14.51
14.69
14.85
15.03
15.27
15.37
15.53
15.71
15.8
15.89
16.05
16.39
16.56
16.75
16.81
16.91
17.17
17.33
17.42
17.51
17.86
18.01
18.09
18.25
18.43
18.6
18.96
19.04
19.12
19.21
19.28
19.38
19.46
19.56
19.64
19.72
19.8
19.97
20.06
20.14
20.31
20.48
20.76
20.82
21.16
21.42
21.5
21.79
21.84
22.02
22.18
22.36
22.45
22.52
22.86
23.55
23.63
23.72
23.89
24.23
24.4
24.5
24.58
24.76
25.18
25.26
25.34
25.43
25.59
25.77
25.83
25.88
25.93
26.2
26.27
26.43
26.53
26.62
26.79
26.96
27.13
27.3
27.65
27.79
27.98
28.16
28.32
28.66
29.0
29.17
29.34
29.51
29.69
29.829999999999995
29.96
30.03
30.11
30.21
30.3
30.37
30.55
30.88
31.03
31.22
31.47
31.57
31.73
31.78
31.82
31.91
32.01
32.07
32.42
32.68
32.75
33.09
33.44
33.7
33.77
33.95
34.39
34.45
34.63
34.92
34.98
35.07
35.14
35.4
35.48
35.57
35.76
35.82
35.93
35.99
36.16
36.33
36.42
36.49
36.67
36.84
36.93
37.11
37.19
37.53
37.87
38.04
38.39
38.55
38.82
38.89
39.23
39.54
39.67
39.91
40.08
40.26
40.52
40.59
40.77
40.93
41.11
41.21
41.27
41.61
41.78
41.96
42.29
42.43
42.48
42.65
42.93
42.98
43.15
43.31
43.39
43.65
43.82
44.0
44.18
44.33
44.51
44.68
44.86
45.02
45.2
45.36
45.54
45.71
46.04
46.14
46.34
46.38
46.56
46.73
46.9
47.03
47.07
47.25
47.41
47.59
47.75
47.93
48.01
48.09
48.26
48.35
48.44
48.6
48.77
48.84
48.96
49.14
49.46
49.63
49.97
50.15
50.31
50.48
50.82
51.0
51.04
51.16
51.33
51.5
52.19
52.53
52.69
52.87
53.2
53.55
53.88
54.06
54.23
54.90999999999999
55.25
55.59
55.93
56.44
56.62
56.78
56.96
57.12
57.29
57.63
57.89
57.98
58.13
58.32
58.68
58.84
59.01
59.17
59.25
59.33
59.52
59.61
59.69
59.87
60.03
60.39
60.7
60.88
61.05
61.46
62.01
62.07
62.40999999999999
62.59
63.09
63.21
63.6
63.78
64.11
64.28
64.46
64.79
65.14
65.48
65.82
66.16
66.33
66.51
66.63
66.7
66.78
67.15
67.43
67.65
67.79
67.84
68.05
68.17
68.21
68.37
68.55
68.89
69.23
69.5
69.57
69.67
69.75
69.92
70.2
70.25
70.42
70.59
70.76
71.27
71.55
71.95
72.13
72.25
72.64
73.32
73.49
73.66
74.01
74.34
74.44
74.69
74.81
74.95
75.03
75.29
75.37
75.63
75.7
75.85
76.05
76.17
76.21
76.31
76.38
76.73
76.9
77.04
77.38
77.42
77.58
77.74
77.83
78.1
78.26
78.53
78.6
78.77
78.88
79.04
79.12
79.39
79.46
79.62
79.71
79.87
79.97
80.06
80.14
80.31
80.39
80.5
80.75
80.83
81.16
81.24
81.41
81.51
81.67
82.01
82.15
82.19
82.33
82.45
82.51
82.61
82.79
82.88
83.04
83.21
83.3
83.55
83.73
83.89
84.23
84.56
84.91
85.08
85.25
85.59
85.7
86.27
86.61
86.96
87.2
87.64
87.8
87.89
88.16
88.33
88.43
88.5
88.66
88.99
89.13
89.34
89.52
89.68
89.96
90.37
91.31
91.39
91.56
91.75
91.9
92.08
92.42
92.59
92.77
92.93
93.11
93.43
93.77
94.11
94.63
94.81
95.14
95.31
95.49
95.65
96.16
96.5
96.67
96.83
97.19
97.36
97.54
97.87
98.04
98.23
98.38
98.55
98.89
98.98
99.23
99.57
100.09
100.26
100.6
100.94
102.83
