0.34
0.68
0.91
1.36
1.6
1.72
1.81
2.15
2.26
2.5
2.73
3.17
3.34
3.41
3.62
3.97
4.08
4.32
4.55
4.99
5.23
5.35
5.45
6.58
6.81
7.0
7.26
7.48
7.71
7.95
8.18
8.42
8.63
8.87
9.08
9.21
9.32
9.53
9.66
9.73
9.99
10.22
10.4
10.83
10.9
11.35
11.58
11.82
11.94
12.05
12.26
12.5
12.72
13.09
13.17
13.29
13.4
13.65
13.69
13.789999999999997
13.85
14.08
14.2
14.289999999999997
14.43
14.539999999999997
14.789999999999997
14.99
15.12
15.22
15.46
15.7
15.9
16.14
16.36
16.58
16.74
16.81
16.92
17.04
17.27
17.49
17.6
17.72
17.84
18.17
18.41
18.5
18.63
18.86
19.09
19.35
19.5
19.78
19.99
20.45
20.9
21.13
21.35
21.58
21.81
22.01
22.05
22.26
22.39
22.49
22.61
22.73
22.86
22.94
23.17
23.41
23.63
23.98
24.08
24.31
24.55
24.99
25.23
25.45
25.69
25.9
26.02
26.1
26.33
26.48
26.57
26.61
26.73
26.81
27.05
27.26
27.39
27.48
27.72
27.94
28.19
28.4
28.63
28.74
28.85
28.97
29.079999999999995
29.3
29.4
29.53
29.77
29.97
30.2
30.45
30.68
30.9
31.35
31.59
31.7
31.78
31.829999999999995
32.03
32.26
32.49
32.72
33.04
33.17
33.41
33.58
33.62
33.75
33.84
33.94
34.08
34.23
34.32
34.54
34.99
35.45
35.67
35.9
36.13
36.24
36.37
36.66
36.72
36.81
37.11
37.16
37.26
37.34
37.72
37.94
38.16
38.36
38.56
38.63
39.02
39.54
39.76
39.96
40.45
40.97
41.06
41.36
41.78
42.26
42.57
42.67
42.96
43.09
43.17
43.39
43.5
43.56
43.63
43.98
44.09
44.32
44.41
44.49
44.59
44.99
45.43
45.71
45.75
45.9
46.2
46.61
46.72
46.8
47.25
47.72
47.92
48.19
48.49
48.63
49.09
49.54
49.99
50.22
50.44
50.68
50.79
50.9
51.35
51.58
51.7
51.81
52.03
52.15
52.26
52.49
52.72
52.94
53.17
53.4
53.52
53.63
53.85
54.08
54.53
54.67
54.76
54.88
54.99
55.22
55.34
55.46
55.9
56.13
56.25
56.36
56.58
56.81
57.04
57.15999999999999
57.25
57.49
57.72
57.83
57.94
58.06
58.17
58.62
58.85
59.09
59.31
59.42
59.54
59.76
59.99
60.22
60.34
60.44
60.56
60.67
60.79
60.9
61.13
61.35
61.69
61.8
62.03
62.15
62.26
62.49
62.61
62.73
63.17
63.40999999999999
63.52
63.63
63.85
63.97
64.08
64.31
64.43
64.76
64.99
65.11
65.22
65.34
65.45
65.9
66.01
66.13
66.35
66.51
66.81
67.05
67.27
67.36
67.4
67.5
67.72
67.83
67.95
68.4
68.63
68.74
68.87
69.08
69.21
69.53
69.65
69.77
70.0
70.44
70.69
70.91
71.0
71.13
71.35
71.58
71.96
72.04
72.26
72.5
72.61
72.72
72.99
73.17
73.41
73.64
73.88
74.08
74.33
74.54
74.75
74.99
75.22
75.44
75.67
75.77
75.9
76.02
76.15
76.36
76.68
76.72
76.8
77.03
77.15
77.28
77.51
77.57
77.63
77.72
77.96
78.18
78.58
78.63
78.86
79.1
79.31
79.53
79.65
79.89
79.99
80.23
80.44
80.58
80.68
80.91
81.15
81.35
81.6
81.81
81.98
82.04
82.25
82.38
82.44
82.49
82.72
82.95
83.17
83.42
83.55
83.63
83.96
84.08
84.32
84.45
84.49
84.55
84.78
84.99
85.23
85.45
85.9
86.36
86.81
87.04
87.27
87.51
87.72
87.95
88.08
88.15
88.42
88.63
88.77
88.87
89.08
89.53
89.65
89.76
89.88
89.99
90.22
90.44
90.56
90.69
90.8
90.9
91.14
91.35
91.47
91.56
91.71
92.14
92.26
92.5
92.72
92.96
93.17
93.3
93.4
93.51
93.86
94.08
94.2
94.31
94.43
94.53
94.69
94.78
94.87
94.99
95.22
95.46
95.72
95.9
96.15
96.36
96.59
96.8
97.03
97.26
97.49
97.64
97.71
97.96
98.17
98.34
98.62
98.86
99.08
99.32
99.43
99.54
99.78
99.99
100.45
100.9
101.13
101.35
101.58
102.11
102.26
102.51
102.58
102.63
102.7
102.75
102.95
103.17
103.38
103.62
104.09
104.38
104.45
104.99
105.21
105.42
105.89
106.14
106.46
106.51
106.81
107.04
107.24
107.49
107.72
108.03
108.08
108.15
108.25
108.41
108.63
108.82
108.9
108.96
109.02
109.07
109.44
109.54
109.78
109.88
109.92
110.04
110.21
110.45
110.88
111.1
111.16
111.24
111.35
111.65
112.06999999999998
112.26
112.7
113.18
113.37
113.65
113.89
113.95
114.08
114.54
114.99
115.44
115.67
115.9
116.13
116.24
116.35
116.58
116.81
117.04
117.15
117.27
117.39
117.49
117.61
117.72
117.95
118.06
118.17
118.4
118.52
118.62
118.86
118.98
119.09
119.31
119.53
119.98
120.12
120.21
120.33
120.44
120.67
120.79
120.91
121.03
121.06999999999998
121.35
121.59
121.7
121.81
122.03
122.26
122.49
122.94
123.17
123.29
123.4
123.51
123.63
123.86
124.08
124.31
124.42
124.54
124.76
124.99
125.22
125.45
125.89
126.13
126.25
126.36
126.58
126.81
127.26
127.39
127.48
127.61
127.71
127.95
128.06
128.18
128.62
128.86
128.98
129.08
129.31
129.43
129.53
129.76
129.88
129.97
130.22
130.45
130.56
130.67
130.9
131.35
131.46
131.58
131.81
132.04
132.26
132.5
132.56
132.72
132.8
132.86
132.95
133.17
133.27
133.4
133.86
134.08
134.19
134.32
134.54
134.66
134.99
135.11
135.22
135.45
135.9
136.14
136.36
136.45
136.59
136.81
136.93
137.04
137.49
137.72
137.95
138.06
138.16
138.56
138.62
139.1
139.54
140.0
140.44
140.68
140.92
140.96
141.04
141.13
141.35
141.52
141.59
141.79
142.26
142.39
142.73
143.08
143.17
143.41
143.63
143.98
144.07
144.31
144.77
145.0
145.11
145.22
145.34
145.43
145.9
146.13
146.37
146.57
146.8
147.03
147.26
147.72
147.95
148.18
148.4
148.62
149.08
149.54
149.77
150.0
150.38
150.44
150.68
150.81
150.9
151.35
151.48
151.58
151.77
151.95
152.04
152.27
152.39
152.49
152.6
152.72
153.17
153.63
154.08
154.88
155.31
155.67
155.85
155.9
156.13
156.25
156.36
156.81
157.03
157.15
157.27
157.49
157.61
157.72
157.94
158.17
158.4
158.62
158.85
158.97
159.09
159.31
159.53
159.98
160.12
160.21
160.33
160.44
160.68
160.79
160.91
161.02
161.35
161.59
161.7
161.81
162.04
162.26
162.49
162.61
162.94
163.17
163.29
163.4
163.52
163.63
163.86
164.08
164.31
164.42
164.54
164.76
164.88
164.99
165.22
165.45
165.67
165.89
166.13
166.25
166.36
166.58
166.81
167.26
167.39
167.48
167.61
167.72
167.95
168.06
168.18
168.62
168.86
168.98
169.08
169.31
169.43
169.53
169.77
169.88
169.97
170.22
170.45
170.56
170.67
170.78
170.89
171.35
171.58
172.2
172.26
172.5
172.72
173.17
173.4
173.86
173.97
174.08
174.31
174.54
174.77
174.99
175.22
175.34
175.46
175.9
176.14
176.35
176.57
176.81
177.04
177.49
177.72
177.83
177.95
178.06
178.17
178.51
178.62
178.85
179.33
179.53
180.0
180.44
180.67
181.13
181.35
181.48
181.81
182.05
182.26
182.49
182.61
182.73
183.17
183.41
183.63
183.85
184.08
184.31
184.76
184.99
185.11
185.22
185.33
185.45
185.9
186.36
186.8
187.04
187.5
188.01
190.09
