0.59
0.68
0.93
1.21
1.46
1.59
1.64
1.69
1.9
1.95
2.18
2.29
2.38
2.46
2.58
2.83
2.94
3.46
3.55
3.59
3.75
3.91
4.21
4.46
4.59
4.85
4.93
5.07
5.21
5.46
5.56
5.84
5.95
6.2
6.45
6.59
6.96
7.07
7.21
7.46
7.57
7.85
7.95
8.19
8.39
8.47
8.7
9.2
9.59
9.71
10.2
10.35
10.45
10.6
10.71
10.96
11.2
11.45
11.71
11.96
12.09
12.2
12.46
12.59
12.71
12.96
13.2
13.45
13.6
13.7
13.86
13.95
14.2
14.46
14.58
14.71
14.95
15.09
15.2
15.46
15.71
15.95
16.1
16.2
16.46
16.7
16.96
17.2
17.6
17.71
17.96
18.1
18.2
18.45
18.6
18.71
18.96
19.2
19.45
19.71
19.96
20.09
20.2
20.46
20.6
20.71
20.95
21.2
21.45
21.71
21.86
21.96
22.1
22.21
22.46
22.71
22.85
22.96
23.2
23.46
23.7
23.95
24.09
24.2
24.45
24.71
24.85
24.95
25.07
25.2
25.68
25.94
26.19
26.45
26.7
26.95
27.21
27.45
27.57
27.71
27.82
27.93
28.2
28.45
28.64
28.71
28.86
29.12
29.2
29.3
29.38
29.45
29.6
29.7
29.95
30.079999999999995
30.2
30.28
30.45
30.579999999999995
30.71
30.87
30.97
31.1
31.2
31.27
31.46
31.6
31.71
31.86
31.94
32.08
32.19
32.42
32.71
33.2
33.34
33.45
33.58
33.71
33.96
34.1
34.2
34.29
34.33
34.45
34.7
34.96
35.21
35.28
35.35
35.46
35.7
35.95
36.2
36.29
36.45
36.7
37.2
37.28
37.45
37.71
37.95
38.1
38.2
38.3
38.45
38.69
38.92
39.16
39.2
39.45
39.58
39.7
39.95
40.09
40.2
40.31
40.46
40.58
40.71
40.97
41.2
41.46
41.71
41.96
42.21
42.45
42.7
42.97
43.21
43.39
43.46
43.7
43.95
44.19
44.41
44.46
44.71
44.95
45.2
45.36
45.6
45.71
45.96
46.21
46.31
46.45
46.58
46.71
46.82
46.96
47.18
47.34
47.45
47.58
47.71
47.96
48.21
48.32
48.36
48.41
48.45
48.57
48.62
48.71
48.9
48.97
49.2
49.42
49.7
49.96
50.2
50.46
50.7
50.9
50.96
51.21
51.3
51.34
51.42
51.46
51.58
51.71
51.95
52.09
52.17
52.45
52.69
52.92
53.2
53.58
53.71
53.96
54.2
54.45
54.58
54.71
54.95
55.2
55.34
55.58
55.71
55.95
56.21
56.46
56.71
57.19
57.29
57.67
57.71
58.2
58.46
58.7
58.92
59.21
59.33
59.44
59.7
59.88
59.93
60.2
60.71
60.95
61.21
61.44
61.7
61.95
62.1
62.21
62.42
62.46
62.71
62.95
63.18
63.7
63.97
64.07
64.16
64.21
64.31
64.4
64.46
64.58
64.71
65.2
65.69
65.98
66.1
66.2
66.38
66.45
66.7
66.95
67.06
67.2
67.44
67.7
67.88
67.96
68.2
68.45
68.71
69.12
69.2
69.71
69.96
70.21
70.46
70.71
71.2
71.46
71.6
71.71
71.96
72.21
72.45
72.71
72.88
72.95
73.21
73.59
73.71
73.93
74.2
74.46
74.59
74.71
74.86
74.96
75.21
75.43
75.71
75.92
76.1
76.21
76.46
76.59
76.71
76.96
77.08
77.21
77.46
77.71
77.95
78.1
78.21
78.59
78.71
78.96
79.11
79.2
79.46
79.58
79.71
79.96
80.2
80.46
80.71
81.21
81.37
81.46
81.55
81.59
81.71
81.92
81.98
82.09
82.21
82.46
82.58
82.7
82.96
83.21
83.31
83.46
83.55
83.59
83.71
83.86
83.93
84.1
84.21
84.45
84.59
84.7
84.96
85.07
85.2
85.27
85.36
85.45
85.58
85.71
85.83
85.95
86.1
86.21
86.46
86.55
86.6
86.71
87.06
87.1
87.2
87.56
88.23
90.14
