1.21
3.14
3.39
3.65
5.27
5.57
6.79
7.32
8.03
8.72
8.76
8.88
9.14
10.81
10.9
11.16
11.51
11.85
12.2
12.38
12.55
12.9
13.26
13.6
13.78
14.289999999999997
14.65
14.99
15.17
15.34
15.69
16.21
16.39
16.73
17.09
17.27
17.43
17.78
17.96
18.13
18.48
18.83
19.18
19.36
19.52
19.88
20.22
20.57
20.92
21.27
21.63
21.97
22.32
26.51
26.68
26.94
27.03
27.21
27.9
28.52
28.6
28.95
29.12
29.3
29.64
29.91
30.0
30.34
30.6
30.69
30.73
31.31
31.39
31.74
31.82
31.91
32.09
32.26
32.34
32.61
32.7
32.78
33.48
34.18
34.53
34.7
34.79
34.88
35.23
35.5
35.58
35.92
36.32
36.42
36.97
37.32
37.41
37.49
37.66
38.71
39.06
39.41
39.85
39.93
40.11
40.19
40.29
40.46
40.8
40.9
41.07
41.24
41.5
41.85
42.02
42.2
42.47
42.55
42.64
42.72
42.9
42.99
43.25
43.43
43.6
43.69
43.86
44.03
44.12
44.29
44.47
44.65
44.82
44.99
45.25
45.43
45.52
45.69
45.87
46.03
46.22
46.39
46.47
46.66
46.83
46.92
47.08
47.6
47.78
48.13
48.22
48.3
48.48
48.57
48.65
48.82
49.01
49.09
49.26
49.35
49.61
49.71
49.97
50.05
50.14
50.23
50.58
51.02
51.27
51.45
51.62
51.8
51.97
52.07
52.23
52.4
52.5
52.67
52.75
53.02
53.19
53.37
53.63
53.71
53.79
53.89
54.06
54.15
54.41
54.6
54.76
54.93
55.02
55.1
55.19
55.28
55.46
55.55
55.63
55.81
56.15
56.5
56.59
56.68
56.85
56.94
57.04
57.2
57.38
57.55
57.65
57.81
57.99
58.07
58.25
58.6
58.77
58.86
58.95
59.21
59.3
59.38
59.47
59.64
59.74
59.90999999999999
59.99
60.18
60.35
60.61
60.78
60.87
61.01
61.39
62.26
64.36
64.76
65.06
65.67
67.84
69.41
69.76
70.63
70.81
71.33
71.86
72.21
72.91
73.43
73.59
74.99
75.34
76.22
76.38
76.91
77.44
77.62
78.05
78.14
78.31
79.01
79.15
79.35
79.88
80.15
80.55
80.93
81.8
82.43
82.5
83.02
84.59
86.13
87.38
88.25
88.78
88.92
89.29
89.64
89.75
89.82
90.08
90.17
90.34
90.46
91.04
91.13
91.31
91.48
91.57
91.74
92.09
92.44
92.7
92.88
92.96
93.13
93.22
93.49
93.83
94.18
94.27
94.53
95.23
95.49
95.57
95.66
95.75
95.92
96.03
96.27
96.63
96.79
96.88
97.06
97.32
97.43
97.67
98.01
98.46
98.54
98.71
98.81
98.98
99.07
99.24
99.41
99.58
99.67
99.76
99.85
100.11
100.46
100.81
101.07
101.16
101.33
101.43
101.85
102.03
102.2
102.47
102.55
102.73
103.08
103.16
103.25
103.43
103.6
103.86
103.95
104.04
104.12
104.64
104.83
105.0
105.16
105.69
105.79
106.04
106.22
106.39
106.56
106.73
106.91
107.08
107.26
107.61
107.78
107.96
108.13
108.31
108.49
108.66
108.83
109.01
109.17
109.44
109.53
109.7
109.87
109.97
110.06999999999998
110.19
110.4
110.51
110.58
110.66
110.7
110.75
110.83
110.92
111.02
111.11
111.21
111.45
118.62
