0.01
0.05
0.09
0.13
0.25
1.07
1.17
1.28
1.47
1.67
1.87
1.98
2.07
2.27
2.48
2.66
2.78
2.87
3.07
3.27
3.58
3.67
3.86
4.27
4.38
4.67
4.87
5.07
5.17
5.26
5.46
5.67
5.78
5.87
6.07
6.27
6.47
6.67
6.88
7.07
7.28
7.47
7.67
7.87
8.07
8.27
8.37
8.47
8.67
8.88
8.98
9.07
9.17
9.46
9.87
10.07
10.27
10.48
10.58
10.67
10.77
10.87
11.07
11.28
11.58
11.68
11.87
12.08
12.18
12.27
12.38
14.48
14.67
15.39
15.46
15.58
15.68
15.87
16.07
16.27
16.66
17.06
17.18
17.28
17.47
17.67
17.98
18.06
18.26
18.47
18.58
18.67
18.78
19.07
19.27
19.68
19.86
20.08
20.26
20.37
20.47
20.66
20.87
21.07
21.18
21.27
21.47
21.68
21.78
21.87
21.98
22.27
22.47
22.67
22.87
23.07
23.28
23.47
23.57
23.68
23.87
24.08
24.38
24.47
24.67
24.87
25.07
25.28
28.38
28.67
29.17
29.27
29.46
29.68
29.78
29.87
30.07
30.47
30.77
31.27
31.46
31.57
31.66
32.07
32.17
32.27
32.88
33.07
33.18
33.27
33.47
33.67
33.87
33.98
34.08
34.27
34.47
34.87
35.07
35.28
36.38
36.87
37.07
43.47
45.47
45.67
45.78
45.97
46.38
47.1
47.15
47.37
47.57
47.87
47.97
48.07
48.27
48.37
48.57
48.67
48.87
48.97
49.18
49.27
49.47
49.57
49.67
49.75
49.79
49.83
49.97
50.03
50.18
50.27
50.47
50.57
50.76
50.88
51.06
51.16
52.47
52.67
52.88
53.07
53.27
53.47
53.67
53.78
53.88
54.07
54.27
54.47
54.77
54.87
55.07
55.27
55.47
55.67
55.87
56.07
56.28
56.38
56.47
56.57
56.67
56.87
57.19
57.28
57.68
58.49
58.59
58.87
59.07
59.27
59.47
59.67
59.78
59.87
60.07
60.18
60.28
60.37
60.47
60.67
60.87
60.97
61.07
61.17
61.27
61.47
61.67
61.87
62.07
62.28
62.38
62.47
62.67
63.08
63.18
71.28
71.78
71.87
72.08
72.88
74.27
74.48
74.58
74.77
75.57
75.69
76.08
76.18
76.37
77.68
77.98
78.47
78.58
78.78
79.59
79.87
80.08
81.17
81.68
81.87
82.27
82.47
82.78
82.87
83.07
83.27
83.47
83.58
84.08
84.27
84.38
84.47
84.67
84.88
85.17
85.47
85.68
85.98
86.27
86.47
86.78
86.97
87.07
87.27
87.47
87.58
87.67
87.87
88.07
88.27
88.37
88.49
88.57
89.18
89.27
89.47
89.68
104.97
105.02
105.06
105.1
105.14
105.18
105.22
105.26
105.3
105.33
