0.37
1.37
2.26
2.71
3.15
3.6
3.92
4.93
5.15
5.6
5.82
6.15
6.26
6.71
6.81
7.15
7.48
7.81
8.48
9.38
9.82
10.26
10.71
11.37
11.59
12.04
12.65
12.97
13.04
13.27
13.32
13.47
13.59
13.69
13.91
14.039999999999997
14.27
14.59
14.93
15.15
15.59
15.82
16.04
16.49
16.71
16.93
17.16
17.37
17.71
17.82
18.02
18.15
18.26
18.48
18.71
18.92
19.15
19.38
19.6
19.82
20.04
20.37
20.48
20.71
20.93
21.37
21.7
22.04
22.26
22.71
22.93
23.16
23.6
23.82
24.04
24.26
24.82
24.93
25.14
25.26
25.37
25.59
25.82
26.03
26.26
26.48
26.91
27.14
27.25
27.37
27.49
27.56
27.7
27.82
27.92
28.14
28.26
28.6
29.15
29.32
29.38
29.48
29.579999999999995
29.81
30.04
30.26
30.37
30.71
30.9
31.15
31.49
31.93
32.03
32.15
32.26
32.37
32.7
32.93
33.1
33.17
33.37
33.6
33.83
33.92
34.04
34.14
34.26
34.59
34.82
34.92
35.15
35.38
35.6
35.71
36.26
36.48
36.59
36.7
36.93
37.1
37.15
37.48
37.82
38.27
38.38
38.48
38.71
38.93
39.03
39.15
39.48
39.82
40.26
40.37
40.48
40.71
41.39
42.06
42.14
42.7
42.83
43.38
43.59
43.81
44.04
44.26
45.15
45.82
46.04
46.6
46.93
47.15
47.27
47.59
47.82
48.26
48.48
48.7
48.82
48.93
49.04
49.15
49.37
49.82
49.94
50.16
50.49
50.71
50.92
51.15
51.38
52.26
52.93
53.15
53.71
54.04
54.38
54.48
54.7
54.93
55.15999999999999
56.15
56.26
56.35
56.71
56.93
57.05
57.59
57.82
57.93
58.04
58.27
58.48
58.58
58.71
58.93
59.15
59.6
59.72
59.82
60.39
60.6
60.71
60.82
61.15
61.33
61.48
61.6
61.71
61.82
62.04
62.26
62.49
62.71
62.94
63.04
63.38
63.82
64.04
64.17
64.71
64.93
65.04
65.15
65.38
65.6
65.82
65.93
66.27
66.61
66.71
66.82
66.93
67.05
67.38
68.04
68.26
68.49
68.71
68.93
69.16
69.58
69.94
70.15
70.37
70.48
70.6
70.94
71.82
72.26
72.49
72.7
72.93
73.16
73.38
73.61
73.82
73.93
74.48
74.6
74.69
74.93
75.05
75.15
75.37
75.6
75.82
76.05
76.26
76.6
76.71
76.82
76.93
77.27
77.37
77.49
77.81
78.28
78.39
78.93
79.16
79.26
79.38
79.49
79.6
79.82
80.27
80.49
80.71
80.93
81.6
81.74
81.82
82.04
82.26
82.48
82.71
82.93
83.15
83.38
83.61
84.06
84.71
84.82
85.38
85.5
85.72
86.05
86.27
86.4
86.5
86.72
86.89
86.94
87.16
87.61
88.16
89.06
89.17
89.28
89.61
89.83
89.93
90.05
90.16
90.28
90.5
90.73
90.83
90.94
91.16
91.5
91.83
92.05
92.28
92.5
92.61
92.83
93.16
93.38
93.49
93.6
93.83
94.06
94.39
94.5
94.72
95.17
95.27
95.95
96.14
96.38
96.72
96.94
97.05
97.17
97.38
97.57
97.61
97.83
98.05
98.16
98.27
98.61
98.72
98.84
99.01
99.14
99.39
99.61
99.94
100.27
100.45
100.5
100.6
100.71
100.94
101.17
101.83
102.9
102.94
103.29
103.5
103.83
104.05
104.27
104.5
104.72
105.16
105.39
105.72
105.94
106.28
106.72
107.05
107.16
107.38
107.61
108.05
108.28
108.5
108.73
108.95
109.17
109.61
110.02
110.16
110.27
110.38
110.61
110.72
110.94
111.16
111.38
111.61
111.83
112.06
112.28
112.5
112.61
112.83
113.05
113.49
113.6
114.28
114.72
114.94
115.17
115.39
115.61
115.84
116.0
116.05
116.41
116.5
116.94
117.39
117.83
117.95
118.28
118.72
119.17
119.61
120.06
120.5
120.94
121.39
121.83
122.28
122.72
123.17
123.61
124.05
124.5
124.94
125.39
125.83
126.05
126.28
126.97
130.16
