0.17
0.21
0.26
0.33
0.5
0.55
0.66
0.83
0.89
1.0
1.17
1.21
1.26
1.33
1.5
1.55
1.59
1.66
1.83
1.8799999999999997
2.0
2.16
2.22
2.33
2.5
2.55
2.59
2.66
2.83
2.87
2.92
2.99
3.33
3.49
3.53
3.59
3.66
3.99
4.16
4.2
4.26
4.33
4.66
4.83
4.99
5.32
5.49
5.66
5.82
5.99
6.08
6.16
6.32
6.42
6.49
6.66
6.74
6.82
6.99
7.15
7.33
7.41
7.49
7.66
7.82
7.98
8.07
8.16
8.25
8.33
8.49
8.66
8.74
8.82
8.99
9.16
9.34
9.4
9.49
9.66
9.82
9.98
10.07
10.16
10.32
10.49
10.66
10.82
10.99
11.15
11.32
11.4
11.49
11.65
11.75
11.82
11.99
12.07
12.15
12.32
12.48
12.66
12.73
12.82
12.99
13.15
13.31
13.4
13.49
13.57
13.66
13.82
13.99
14.06
14.15
14.32
14.49
14.67
14.74
14.82
14.99
15.15
15.33
15.65
15.81
15.99
16.15
16.32
16.48
16.73
16.82
16.98
17.08
17.15
17.32
17.4
17.48
17.65
17.81
17.98
18.06
18.15
18.32
18.48
18.64
18.73
18.82
18.91
18.98
19.14
19.32
19.39
19.48
19.65
19.82
20.0
20.06
20.14
20.31
20.48
20.64
20.82
20.98
21.15
21.31
21.48
21.65
21.81
22.06
22.14
22.31
22.4
22.48
22.65
22.73
22.81
22.98
23.14
23.31
23.39
23.48
23.65
23.81
23.97
24.06
24.15
24.23
24.31
24.47
24.65
24.72
24.81
24.97
25.15
25.33
25.39
25.65
25.81
25.97
26.3
26.48
26.64
26.72
26.81
26.98
27.14
27.32
27.47
27.65
27.72
27.81
27.98
28.06
28.14
28.32
28.48
28.65
28.81
28.98
29.06
29.14
29.32
29.42
29.48
29.65
29.81
29.98
30.14
30.31
30.47
30.65
30.81
30.97
31.14
31.31
31.47
31.64
31.81
31.97
32.14
32.24
32.31
32.38
32.47
32.65
32.81
32.97
33.06
33.14
33.31
33.48
33.64
33.8
33.97
34.06
34.14
34.23
34.3
34.47
34.64
34.72
34.8
34.98
35.06
35.14
35.31
35.46
35.64
35.8
35.98
36.14
36.3
36.39
36.47
36.64
36.74
36.8
36.97
37.05
37.14
37.23
37.3
37.46
37.64
37.8
37.97
38.13
38.3
38.47
38.63
38.72
38.8
38.97
39.14
39.3
39.47
39.64
39.71
39.8
39.97
40.13
40.3
40.47
40.63
40.8
40.97
41.13
41.3
41.46
41.64
41.8
41.97
42.14
42.21
42.3
42.46
42.64
42.74
42.8
42.97
43.04
43.13
43.24
43.3
43.39
43.47
43.63
43.71
43.8
43.97
44.05
44.13
44.29
44.46
44.63
44.71
44.8
44.96
45.13
45.29
45.37
45.46
45.63
45.8
45.96
46.13
46.3
46.46
46.63
46.79
46.96
47.13
47.3
47.4
47.46
47.57
47.63
47.8
47.96
48.14
48.29
48.46
48.56
48.63
48.7
48.79
48.9
48.96
49.04
49.13
49.23
49.29
49.46
49.63
49.8
49.96
50.03
50.12
50.29
50.46
50.62
50.7
50.79
50.96
51.12
51.28
51.35
51.46
51.54
51.62
51.72
51.8
51.89
51.96
52.03
52.12
52.23
52.3
52.46
52.58
52.62
52.71
52.8
52.96
53.12
53.29
53.36
53.46
53.62
53.8
53.88
53.97
54.03
54.12
54.28
54.4
54.46
54.61
54.79
54.95
55.13
55.28
55.37
55.46
55.62
55.79
55.95
56.03
56.14
56.45
56.64
56.71
56.79
56.95
57.12
57.3
57.38
57.47
57.62
57.65999999999999
57.79
58.12
58.31
58.45
58.63
58.7
58.78
59.04
59.12
59.28
59.36
59.45
59.62
59.78
60.04
60.11
60.28
60.45
60.62
60.78
60.95
61.12
61.28
61.44
61.63
61.72
61.79
61.95
62.12
62.29
62.45
62.61
62.73
62.79
62.94
63.03
63.12
63.27
63.37
63.45
63.62
63.78
63.94
64.01
64.11
64.29
64.45
64.55
64.61
64.68
64.79
64.95
65.11
65.28
65.36
65.45
65.61
65.7
65.77
65.95
66.04
66.11
66.28
66.44
66.62
66.79
66.87
66.94
67.12
67.2
67.28
67.32
67.36
67.44
67.61
67.78
67.87
67.94
68.11
68.27
68.44
68.6
68.67
68.78
68.86
68.94
69.11
69.23
69.3
69.44
69.61
69.78
70.1
70.27
70.44
70.62
70.77
70.94
71.12
71.29
71.35
71.45
71.61
71.77
71.94
72.11
72.28
72.35
72.44
72.6
72.69
72.77
72.94
73.11
73.27
73.35
73.43
73.6
73.77
73.92
74.03
74.1
74.27
74.44
74.6
74.67
74.93
75.06
75.11
75.26
75.45
75.6
75.77
75.94
76.03
76.1
76.27
76.35
76.44
76.6
76.7
76.77
76.94
77.1
77.27
77.38
77.44
77.53
77.6
77.68
77.77
77.94
78.05
78.1
78.2
78.26
78.34
78.44
78.59
78.87
78.94
79.11
79.27
79.44
79.52
79.61
79.77
79.93
80.01
80.1
80.27
80.43
80.6
80.67
80.77
80.93
81.01
81.1
81.26
81.43
81.6
81.68
81.77
81.93
82.1
82.26
82.43
82.59
82.68
82.76
82.93
83.09
83.26
83.34
83.43
83.59
83.69
83.76
83.93
84.01
84.09
84.26
84.42
84.6
84.68
84.76
84.93
85.09
85.25
85.34
85.43
85.52
85.6
85.76
85.93
86.01
86.09
86.26
86.43
86.61
86.67
86.76
86.93
87.09
87.25
87.34
87.43
87.59
87.76
87.93
88.09
88.26
88.42
88.59
88.67
88.76
88.92
89.02
89.09
89.26
89.34
89.42
89.59
89.75
89.93
90.0
90.09
90.26
90.42
90.58
90.67
90.76
90.84
90.93
91.09
91.26
91.33
91.42
91.59
91.76
91.94
92.01
92.09
92.26
92.42
92.6
92.92
93.08
93.26
93.42
93.59
93.75
94.0
94.09
94.25
94.35
94.42
94.59
94.67
94.75
94.92
95.08
95.25
95.33
95.42
95.59
95.75
95.91
96.0
96.09
96.18
96.25
96.41
96.59
96.66
96.75
96.92
97.09
97.27
97.33
97.41
97.58
97.75
97.91
98.0
98.09
98.25
98.42
98.58
98.75
98.92
99.08
99.33
99.42
99.58
99.67
99.75
99.92
100.0
100.08
100.25
100.41
100.58
100.66
100.75
100.92
101.08
101.24
101.33
101.42
101.51
101.58
101.74
101.92
101.99
102.08
102.24
102.42
102.6
102.66
102.92
103.08
103.24
103.57
103.75
103.91
105.72
