1.5
1.62
1.86
2.09
2.46
2.59
2.82
3.06
3.42
3.54
3.78
4.02
4.22
4.38
4.51
4.74
4.98
5.34
5.46
5.7
5.94
6.3
6.41
6.66
6.9
7.28
7.38
7.5
7.63
7.73
7.86
8.1
8.34
8.44
8.67
8.74
8.82
9.2
9.3
9.49
9.54
9.66
9.78
10.02
10.26
10.5
10.6
10.74
10.97
11.13
11.22
11.58
11.69
11.79
11.93
12.08
12.17
12.37
12.66
12.84
12.91
13.04
13.14
13.33
13.38
13.48
13.61
13.85
13.97
14.1
14.35
14.56
14.77
14.97
15.06
15.31
15.53
15.78
16.02
16.12
16.26
16.51
16.89
16.97
17.18
17.22
17.32
17.48
17.69
17.86
17.94
18.18
18.42
18.81
18.9
19.15
19.27
19.39
19.49
19.58
19.77
20.07
20.35
20.53
20.73
20.81
21.01
21.06
21.17
21.3
21.51
21.68
21.74
21.93
22.03
22.25
22.5
22.65
22.74
23.21
23.7
24.18
24.54
24.66
24.9
25.14
25.5
25.63
25.86
26.11
26.46
26.58
26.82
27.06
27.42
27.55
27.78
28.02
28.38
28.5
28.74
28.98
29.34
29.47
29.7
29.93
30.32
30.42
30.66
30.9
31.14
31.38
31.86
32.25
32.34
32.58
32.71
32.81
33.05
33.31
33.54
33.78
34.17
34.26
34.51
34.63
34.96
35.22
35.45
35.7
36.08
36.18
36.55
36.89
37.14
37.38
37.61
38.01
38.1
38.35
38.47
38.55
38.82
39.06
39.24
39.3
39.93
40.02
40.27
40.39
40.47
40.58
40.73
40.98
41.22
41.85
41.94
42.31
42.41
42.64
42.9
43.1
43.14
43.38
43.5
43.77
43.86
44.11
44.23
44.34
44.45
44.59
44.82
45.03
45.29
45.68
45.78
46.03
46.15
46.26
46.51
46.61
46.72
46.95
47.0
47.08
47.22
47.45
47.61
47.7
47.94
48.07
48.18
48.42
48.66
48.9
49.14
49.53
49.63
49.85
49.99
50.1
50.27
50.35
50.58
50.81
51.06
51.45
51.54
51.91
52.02
52.11
52.21
52.4
52.5
52.74
52.98
53.37
53.46
53.7
53.82
54.18
54.42
54.67
54.9
55.29
55.38
55.62
55.72
55.86
56.03
56.11
56.26
56.33
56.57
56.83
57.05
57.21
57.3
57.79
58.01
58.17
58.26
58.48
58.75
59.11
59.23
59.45
59.7
60.06
60.18
60.40999999999999
60.65999999999999
61.04
61.14
61.26
61.62
61.86
62.11
62.22
62.34
62.58
63.06
63.31
63.42
63.55
63.78
63.90999999999999
64.02
64.27
64.45
64.5
64.73
64.87
64.99
65.21
65.36
65.46
65.57
65.7
65.95
66.18
66.41
66.9
67.26
67.38
67.62
67.86
68.11
68.34
68.58
68.82
69.3
69.54
69.8
70.03
70.13
70.74
70.99
71.1
71.22
71.46
71.66
71.7
71.95
72.18
72.41
72.56
72.66
72.89
73.04
73.14
73.38
73.62
73.86
74.09
74.34
74.58
74.83
74.94
75.06
75.3
75.5
75.54
75.78
76.02
76.16
76.26
76.4
76.51
76.75
76.98
77.48
77.95
78.12
78.33
78.42
78.62
78.66
78.78
78.91
79.14
79.39
79.63
79.86
80.09
80.25
80.34
80.58
80.7
80.83
80.93
81.06
81.2
81.3
81.48
81.54
81.78
81.99
82.03
82.17
82.26
82.45
82.5
82.61
82.76
82.97
83.12
83.22
83.47
83.69
84.09
84.18
84.43
84.64
84.91
85.14
85.24
85.39
85.63
86.01
86.1
86.34
86.44
86.58
86.81
86.94
86.98
87.03
87.31
87.54
87.93
88.03
88.39
88.51
88.7
88.89
89.2
89.47
89.65
89.7
89.85
89.93
90.13
90.18
90.3
90.42
90.63
90.8
90.89
91.15
91.38
91.61
91.77
91.86
92.33
92.82
93.31
93.55
93.67
93.78
94.03
94.26
94.62
94.75
94.98
95.23
95.58
95.7
95.94
96.18
96.54
96.68
96.9
97.14
97.5
97.62
97.86
98.1
98.46
98.59
98.82
99.06
99.45
99.54
99.79
100.03
100.27
100.51
100.98
102.8
103.02
103.11
103.16
103.2
103.3
103.39
103.47
103.61
103.67
103.77
103.84
103.94
103.99
104.04
104.12
104.16
104.21
104.26
104.31
104.45
104.54
104.73
107.44
