2.99
3.42
3.84
5.98
6.42
6.74
6.84
7.18
7.28
7.49
7.6
7.7
7.81
7.92
8.13
8.24
8.46
8.56
8.77
8.88
8.99
9.1
9.21
9.42
9.53
9.75
9.85
10.06
10.17
10.27
10.38
10.49
10.7
10.81
11.03
11.13
11.35
11.46
11.56
11.67
11.77
11.99
12.1
12.31
12.42
12.63
12.74
12.95
13.17
13.28
13.49
13.6
13.7
14.13
14.56
14.99
15.42
15.84
16.06
16.27
16.7
17.13
17.56
17.99
18.08
18.2
18.42
18.85
19.49
19.7
20.13
20.77
20.99
21.42
21.85
22.27
22.92
23.13
23.24
23.56
24.2
24.42
25.06
25.27
25.7
26.13
26.35
26.45
26.67
26.77
26.88
26.99
27.2
27.31
27.41
27.62
27.85
28.27
28.49
28.7
28.92
29.03
29.13
29.35
29.56
29.77
29.99
30.32
30.42
30.53
30.64
30.73
30.85
30.95
31.06
31.17
31.27
31.38
31.48
31.7
31.81
31.92
32.13
32.35
32.56
32.67
32.77
32.89
32.99
33.1
33.2
33.42
33.52
33.63
33.73
33.84
33.96
34.17
34.28
34.6
34.7
34.81
34.92
35.02
35.24
35.45
35.56
35.67
35.78
35.99
36.31
36.42
36.52
36.63
36.74
36.85
36.95
37.06
37.27
37.42
37.71
37.99
38.13
38.26
38.57
38.78
38.86
38.99
39.13
39.27
39.41
39.56
39.69
39.85
40.06
40.17
40.38
40.6
40.7
41.03
41.13
41.56
41.67
41.78
41.83
41.88
41.93
41.99
42.1
42.2
42.31
42.42
42.52
42.74
42.85
42.9
42.95
43.01
43.06
43.17
43.27
43.38
43.49
43.6
43.7
43.81
43.92
44.01
44.13
44.24
44.35
44.45
44.56
44.67
44.77
44.89
44.99
45.1
45.21
45.26
45.31
45.42
45.52
45.63
45.73
45.85
45.95
46.06
46.17
46.27
46.33
46.38
46.43
46.49
46.6
46.7
46.92
47.03
47.13
47.24
47.35
47.45
47.56
47.67
47.78
47.88
47.99
48.1
48.2
48.31
48.42
48.63
48.68
48.74
48.79
48.85
49.06
49.16
49.27
49.38
49.49
49.6
49.7
49.81
49.86
49.92
50.02
50.13
50.23
50.35
50.45
50.56
50.67
50.78
50.88
50.99
51.1
51.2
51.31
51.42
51.63
51.74
51.85
52.17
52.28
52.49
52.7
52.81
52.92
53.13
53.35
53.45
53.56
53.78
53.88
54.09
54.31
54.42
54.85
55.17
55.27
55.7
56.13
56.56
57.2
57.42
57.52
57.63
57.85
58.7
58.90999999999999
59.35
59.56
59.99
60.63
60.85
61.05
61.27
62.13
62.45
62.67
62.78
63.0
63.1
63.42
63.62
63.74
63.95
64.07
64.27
64.38
64.6
64.7
64.92
65.03
65.24
65.35
65.56
65.67
65.88
65.99
66.2
66.31
66.42
66.53
66.64
66.85
66.96
67.17
67.27
67.49
68.13
68.99
69.76
69.86
70.4
70.71
71.13
73.05
73.18
73.29
74.13
75.85
76.27
76.7
77.13
77.56
77.99
78.42
78.85
79.27
79.7
80.13
80.56
81.0
81.42
81.63
82.27
82.7
83.14
83.56
83.79
83.99
84.42
84.59
84.85
85.27
85.71
86.14
86.56
86.99
87.42
87.85
88.49
89.13
89.27
89.42
89.56
90.0
90.41
90.63
90.85
91.06
91.69
92.02
92.13
92.46
92.78
93.2
93.63
94.06
94.27
94.7
94.82
94.93
95.13
95.23
95.36
95.45
95.89
95.99
96.21
96.42
96.74
96.96
97.17
97.28
97.49
97.71
98.02
98.13
98.44
98.49
98.81
98.98
99.13
99.28
99.41
99.85
100.28
100.7
100.85
100.99
101.13
101.29
101.46
101.57
101.7
101.78
101.87
101.99
102.12
102.28
102.43
102.7
102.85
103.13
103.19
103.27
103.49
103.7
103.92
104.13
104.35
104.56
104.77
105.0
105.2
105.42
105.85
106.06
106.26
106.7
107.13
107.34
107.56
107.77
107.99
108.63
108.84
109.27
109.92
110.13
110.34
110.56
110.78
110.99
111.2
111.41
111.62
111.87
112.06
112.27
112.7
113.12
113.56
113.99
114.21
114.42
114.63
114.85
115.49
115.69
116.13
116.52
116.77
116.99
117.2
117.42
117.63
117.85
118.06
118.27
118.48
118.71
118.91
119.13
119.34
119.56
119.78
119.99
120.2
120.41
120.63
120.85
121.06
121.27
121.49
122.34
122.56
122.78
122.99
123.2
123.42
123.63
124.27
124.49
124.7
125.13
125.35
125.56
125.77
125.99
126.21
126.42
126.64
126.85
127.06
127.27
127.5
127.7
128.13
128.24
128.56
128.78
128.99
129.2
129.42
129.63
129.85
130.28
130.49
131.13
131.56
131.99
132.63
132.85
133.27
133.7
134.13
134.34
134.45
134.56
134.77
134.99
135.1
135.42
135.63
135.69
135.73
135.84
136.06
136.27
136.38
136.49
136.7
136.92
137.02
137.13
137.56
137.99
138.42
138.85
139.49
139.7
140.13
140.56
140.99
141.2
141.31
141.42
141.63
141.85
141.95
142.06
142.7
142.92
143.03
143.24
143.46
143.56
143.99
144.38
144.42
148.86
