0.43
0.66
0.79
0.88
1.21
1.54
1.8799999999999997
1.98
2.19
2.42
2.64
2.73
2.79
2.87
3.08
3.31
3.5099999999999993
3.96
4.4
4.74
4.84
5.07
5.27
5.51
5.72
5.95
6.16
6.39
6.6
6.83
6.98
7.48
7.72
7.94
8.27
8.59
8.93
9.04
9.25
9.48
9.7
9.93
10.12
10.37
10.58
11.02
11.38
11.46
11.8
12.12
12.34
12.62
12.72
12.91
13.24
13.34
13.46
13.56
13.68
13.89
14.11
14.289999999999997
14.47
14.72
14.76
14.99
15.17
15.33
15.66
16.1
16.31
16.49
16.54
16.76
16.94
17.2
17.42
17.78
17.86
17.98
18.08
18.3
18.43
18.53
18.7
18.75
18.86
19.19
19.62
19.83
20.41
20.51
20.72
20.94
21.36
21.53
21.6
21.81
22.05
22.39
22.71
23.16
23.35
23.56
23.7
23.82
24.04
24.25
24.47
24.7
24.8
24.92
25.14
25.35
25.49
25.58
25.74
25.91
26.02
26.38
26.43
27.03
27.36
28.02
28.9
29.23
29.56
31.079999999999995
31.31
32.1
32.42
33.09
35.29
35.47
35.96
36.29
36.62
39.26
39.7
39.92
40.14
40.36
40.58
40.68
40.8
41.03
41.13
41.25
41.36
41.47
41.57
42.14
42.35
42.55
42.78
43.0
43.35
43.45
43.56
43.67
43.9
44.24
44.33
44.54
44.75
44.79
44.89
44.99
45.14
45.32
45.43
45.65
45.73
45.86
46.3
46.53
46.57
46.76
46.92
46.98
47.09
47.2
47.43
47.56
47.65
47.75
47.89
47.98
48.03
48.08
48.25
48.31
48.44
48.73
48.96
49.4
49.49
49.57
49.63
49.84
50.06
50.29
50.4
50.51
50.62
50.73
50.95
51.16
51.27
51.39
51.44
51.6
51.84
51.95
52.05
52.18
52.29
52.38
52.5
52.71
52.93
53.36
53.59
53.82
54.04
54.15
54.25
54.45
54.7
54.85
54.96
55.05
55.15
55.36
55.46
55.5
55.59
55.73
55.78
55.92
56.25
56.31
56.46
56.64
56.69
56.9
57.12
57.34
57.44
57.57
57.68
57.78
58.01
58.22
58.34
58.44
58.65999999999999
58.89
59.01
59.12
59.25
59.33
59.44
59.55
59.77
59.99
60.2
60.32
60.64
60.75
60.88
61.09
61.21
61.31
61.53
61.76
61.96
62.11
62.2
62.42
62.64
62.85
63.08
63.28
63.43
63.61
63.74
63.83
63.96
64.19
64.4
64.49
64.64
64.74
64.84
65.05
65.28
65.51
65.72
65.92
65.99
66.07
66.17
66.39
66.5
66.6
66.83
67.05
67.19
67.28
67.35
67.49
67.72
67.8
67.86
67.94
68.17
68.23
68.38
68.48
68.61
68.82
68.98
69.03
69.16
69.21
69.29
69.38
69.49
69.62
69.81
69.93
70.03
70.15
70.37
70.58
70.73
70.94
71.01
71.2
71.24
71.47
71.8
71.91
72.13
72.57
72.98
73.15
73.24
73.45
73.67
73.89
74.34
74.54
74.77
75.0
75.66
75.95
76.1
76.21
76.3
76.54
76.87
76.98
77.17
77.4
78.07
78.29
78.52
78.86
78.95
79.19
79.63
79.81
80.06
80.15
80.29
80.51
80.7
80.95
81.61
81.84
81.97
82.21
82.38
82.49
82.92
83.08
83.5
83.6
83.68
83.82
84.25
84.7
84.91
85.34
85.51
85.71
85.78
86.23
86.46
86.68
86.87
86.91
87.1
87.53
87.67
87.78
87.97
88.01
88.58
88.65
88.88
89.11
89.26
89.33
89.56
89.75
90.18
90.42
90.62
90.97
91.02
91.07
91.31
91.51
91.63
91.75
91.93
91.97
92.29
92.42
92.55
92.62
92.75
92.94
93.09
93.18
93.28
97.61
98.61
98.74
98.81
99.18
99.42
99.46
99.7
99.92
100.03
100.36
100.81
101.2
101.26
101.39
101.46
101.64
101.69
101.9
102.12
102.34
102.47
102.57
102.68
102.78
103.0
103.23
103.43
103.57
103.9
104.27
104.33
104.77
105.11
105.18
105.22
105.62
106.08
106.24
106.3
106.52
106.67
106.75
106.94
107.09
107.2
107.42
107.87
108.08
108.27
108.41
108.53
108.74
108.96
109.18
109.63
109.83
110.06999999999998
110.19
110.29
110.72
111.1
111.14
111.39
111.73
111.83
111.95
112.05
112.37
112.5
113.05
113.1
113.37
113.58
113.81999999999998
114.16
114.48
114.83
114.93
115.14
115.36
115.58
115.67
115.81
116.24
116.68
116.9
117.09
117.24
117.7
118.01
118.45
118.66
118.88
119.33
119.56
119.76
120.15
120.35
120.43
120.63
120.88
121.21
121.53
121.98
122.2
122.38
122.56999999999998
122.65
122.73
122.8
122.87
123.09
123.3
123.41
123.52
123.74
123.89
123.96
124.18
124.33
124.41
124.75
125.06999999999998
125.51
126.17
126.4
126.6
126.84
127.29
127.45
127.49
127.7
127.86
127.94
128.18
128.27
128.6
128.93
129.04
129.25
129.47
129.7
129.78
129.85
129.93
130.14
130.38
130.58
131.01
131.39
131.47
131.8
132.13
132.57
132.78
133.01
133.45
133.64
133.88
134.37
134.55
134.77
134.91
135.0
135.33
135.65
136.0
136.1
136.31
136.54
136.76
136.92
136.98
137.21
137.43
137.53
137.64
137.87
138.08
138.44
138.52
138.96
139.19
139.4
139.63
140.07
140.21
140.29
140.39
140.51
140.72
140.97
142.85
