0.01
0.1
0.51
0.58
0.68
0.83
0.9399999999999998
1.15
1.32
1.61
2.31
2.84
2.93
3.0
3.47
4.15
4.38
4.85
5.31
5.48
5.76
6.0
6.23
6.69
7.21
7.38
7.5
7.84
7.94
8.06
8.22
8.31
8.41
8.53
8.7
8.77
8.87
9.0
9.23
9.47
9.69
10.14
10.27
10.39
10.61
10.73
10.84
11.08
11.53
11.64
11.76
12.0
12.1
12.23
12.46
12.69
12.92
13.16
13.31
13.38
13.5
13.61
13.84
14.07
14.289999999999997
14.76
14.99
15.22
15.92
16.15
16.38
16.61
16.85
17.07
17.31
17.76
17.99
18.23
18.38
18.46
18.68
18.87
19.15
19.38
19.61
19.84
20.07
20.29
20.55
20.76
20.99
21.23
21.44
21.54
21.69
21.92
22.15
22.61
23.07
23.3
23.53
23.77
23.98
24.2
24.33
24.46
24.92
25.04
25.15
25.38
25.61
25.76
25.83
26.04
26.3
26.49
26.99
27.22
27.46
27.64
27.69
27.92
28.15
28.38
28.61
28.71
28.85
29.07
29.53
29.99
30.23
30.46
30.69
30.92
31.15
31.38
31.71
31.84
32.01
32.31
32.53
32.76
33.0
33.22
33.48
33.57
33.69
34.15
34.38
34.54
34.61
34.84
35.07
35.54
35.77
35.99
36.23
36.32
36.46
36.69
36.9
37.38
37.84
38.08
38.3
38.53
38.77
39.22
39.46
39.69
39.92
40.15
40.37
40.61
41.07
41.53
41.76
41.94
41.99
42.2
42.45
42.64
42.75
42.79
42.83
42.88
43.11
43.6
43.87
44.3
44.53
44.76
45.0
45.23
45.46
45.69
45.92
46.14
46.38
46.5
46.61
46.84
46.95
47.07
47.2
47.3
47.53
47.73
47.99
48.22
48.45
48.69
48.92
49.15
49.37
49.62
49.84
50.08
50.3
50.54
50.64
50.76
50.99
51.22
51.46
51.69
51.92
52.14
52.38
52.61
52.71
52.84
53.08
53.3
53.53
53.76
54.0
54.23
54.45
54.69
54.92
55.11
55.36
55.5
55.62
55.83
56.07
56.3
56.53
56.65999999999999
56.76
57.0
57.22
57.46
57.61
57.92
58.38
58.61
58.84
58.96
59.02
59.07
59.53
59.76
60.0
60.22
60.46
60.68
60.90999999999999
61.15
61.38
61.84
62.07
62.31
62.54
62.65
62.76
62.89
62.99
63.22
63.46
63.68
63.82
63.92
64.15
64.38
64.61
64.84
65.07
65.3
65.53
65.61
65.77
65.99
66.23
66.46
66.69
66.91
67.15
67.38
67.61
67.84
68.08
68.3
68.53
68.77
69.0
69.23
69.46
69.69
69.92
70.14
70.38
70.61
70.84
71.07
71.3
71.53
71.77
71.99
72.5
73.38
73.71
73.84
74.08
74.3
74.53
74.77
74.93
75.0
75.22
75.46
75.69
75.92
76.05
76.15
76.39
76.61
76.84
77.07
77.31
77.44
77.53
77.76
77.99
78.12
78.23
78.45
78.69
78.92
79.15
79.38
79.61
79.84
80.07
80.21
80.3
80.52
80.76
81.0
81.21
81.46
81.69
81.92
82.15
82.38
82.61
82.85
83.31
83.41
83.54
83.78
83.86
83.99
84.23
84.46
84.69
84.92
85.15
85.38
85.61
85.84
86.07
86.3
86.53
86.77
87.0
87.12
87.23
87.36
87.46
87.56
87.69
87.92
88.15
88.27
88.38
88.61
89.07
89.3
89.53
89.76
90.0
90.18
90.23
90.45
90.57
90.69
90.92
91.15
91.38
91.61
91.85
92.07
92.3
92.44
92.52
92.76
93.0
93.23
93.45
93.59
93.69
93.91
94.15
94.38
94.61
94.84
95.08
95.29
95.45
95.54
95.77
95.9
95.98
96.14
96.22
96.45
96.68
96.92
97.15
97.38
97.84
98.08
98.18
98.31
98.54
99.0
99.23
99.46
99.63
99.68
99.82
99.92
100.14
100.38
100.61
100.84
101.07
101.31
101.77
101.99
102.23
102.69
106.61
