0.43
0.86
1.15
1.44
1.74
2.03
2.32
2.62
2.66
2.76
2.91
3.2
3.49
3.78
3.97
4.07
4.26
4.36
4.45
4.55
4.65
4.94
5.09
5.23
5.53
5.6
5.82
6.11
6.28
6.4
6.69
6.86
6.98
7.31
7.42
7.57
7.85
7.98
8.05
8.14
8.44
8.58
8.73
9.02
9.31
9.47
9.6
9.75
9.89
10.18
10.33
10.48
10.77
10.92
11.06
11.35
11.64
11.8
11.93
12.07
12.22
12.51
12.81
13.09
13.25
13.39
13.68
13.84
13.88
13.97
14.11
14.26
14.41
14.55
14.69
14.84
14.99
15.13
15.28
15.42
15.57
15.72
15.86
16.01
16.16
16.3
16.59
16.73
17.1
17.62
17.76
17.9
18.05
18.2
18.28
18.34
18.49
18.63
18.92
19.07
19.36
19.5
19.79
20.08
20.38
20.52
20.67
20.96
21.25
21.4
21.54
21.69
21.83
22.12
22.4
22.56
22.85
23.0
23.29
23.58
23.73
23.88
24.02
24.17
24.46
24.75
25.04
25.19
25.33
25.49
25.62
25.91
26.05
26.22
26.35
26.49
26.79
27.08
27.22
27.37
27.52
27.66
27.95
28.1
28.24
28.39
28.68
28.82
29.09
29.3
29.4
29.57
29.7
29.85
29.99
30.28
30.43
30.579999999999995
30.72
31.01
31.15
31.41
31.61
31.74
32.17
32.32
32.49
32.61
32.8
32.9
33.05
33.34
33.48
33.64
33.77
33.93
34.07
34.36
34.51
34.65
34.94
35.09
35.23
35.38
35.52
35.67
35.81
35.96
36.11
36.4
36.55
36.69
36.83
36.98
37.13
37.27
37.43
37.56
37.71
37.81
37.86
38.0
38.14
38.32
38.43
38.73
39.17
39.31
39.47
39.6
39.77
39.89
40.04
40.13
40.33
40.48
40.77
41.05
41.21
41.36
41.49
41.64
41.93
42.22
42.36
42.52
42.66
42.81
42.97
43.05
43.1
43.39
43.69
43.82
43.97
44.26
44.55
44.7
44.85
44.95
44.99
45.13
45.31
45.42
45.58
45.71
45.82
45.86
46.01
46.15
46.3
46.54
46.75
46.88
47.0
47.18
47.32
47.46
47.64
47.76
47.91
48.05
48.34
48.48
48.63
48.8
48.92
49.08
49.21
49.51
49.65
49.79
50.08
50.38
50.53
50.67
50.81
50.96
51.25
51.54
51.69
51.84
51.98
52.13
52.3
52.42
52.58
52.65
52.71
53.01
53.14
53.29
53.57
53.74
53.87
54.16
54.31
54.45
54.74
54.9
55.04
55.18
55.33
55.48
55.62
55.90999999999999
56.35
56.79
57.12
57.4
57.68
57.81
57.9
57.96
58.68
58.8
58.85
59.12
59.21
59.42
59.54
60.24
60.39
60.45
60.69
61.01
61.21
61.44
61.61
61.7
61.89
62.08
62.26
62.62
62.77
62.89
62.94
63.52
63.71
63.77
63.98
64.07
64.22
64.68
65.23
65.43
65.52
65.82
66.09
66.27
66.39
66.55
66.69
66.92
66.98
67.2
67.27
67.57
67.72
67.86
68.01
68.15
68.35
68.44
68.55
68.73
68.9
69.02
69.18
69.31
69.48
69.56
69.61
69.89
70.04
70.18
70.33
70.47
70.62
70.76
70.91
71.06
71.2
71.35
71.49
71.64
71.78
71.93
72.07
72.22
72.96
73.1
73.39
73.68
73.83
73.96
74.1
74.4
74.55
74.84
74.99
75.13
75.28
75.43
75.72
76.0
76.3
76.44
76.59
76.88
77.17
77.31
77.46
77.61
77.76
78.05
78.34
78.49
78.63
78.78
78.92
79.09
79.21
79.51
79.65
79.81
79.94
80.09
80.38
80.63
80.67
80.83
80.96
81.11
81.25
81.54
81.83
81.98
82.11
82.27
82.42
82.71
83.0
83.15
83.44
83.58
83.87
84.03
84.17
84.31
84.6
84.75
85.04
85.22
85.32
85.62
85.76
85.91
86.2
86.36
86.49
86.63
86.78
86.93
87.08
87.37
87.61
87.66
87.81
87.95
88.1
88.24
88.42
88.53
88.69
88.82
88.97
89.09
89.26
89.41
89.56
89.7
89.86
89.99
90.28
90.43
90.57
90.86
91.01
91.16
91.31
91.46
91.59
91.73
92.03
92.32
92.46
92.63
92.84
92.96
93.19
93.35
93.49
93.63
93.78
93.93
94.07
94.24
94.36
94.51
94.65
94.95
95.09
95.23
95.53
95.82
95.96
96.11
96.25
96.4
96.56
96.69
96.83
96.98
97.13
97.28
97.42
97.56
97.85
98.02
98.15
98.29
98.45
98.58
98.73
98.88
99.02
99.19
99.31
99.55
99.75
99.9
100.18
100.36
100.47
100.62
100.77
100.91
101.06
101.21
101.35
101.49
101.64
101.79
101.93
102.08
102.22
102.51
102.81
102.95
103.1
103.24
103.39
103.5
103.68
103.8
103.87
103.97
104.13
104.26
104.4
104.55
104.7
104.85
105.0
105.13
105.28
105.42
105.57
105.72
106.0
106.12
106.18
106.3
106.45
106.6
106.74
106.89
107.07
107.17
107.33
107.46
107.62
107.76
107.9
108.05
108.21
108.34
108.51
108.63
108.89
109.06
109.21
109.5
109.67
109.79
109.94
110.09
110.23
110.37
110.62
110.67
110.81999999999998
110.96
111.08
111.26
111.4
111.83
112.13
112.28
112.56
112.71
113.0
113.16
113.3
113.48
113.58
113.73
113.87
114.08
114.17
114.31999999999998
114.46
114.6
114.75
114.89
115.04
115.33
115.48
115.62
115.77
115.91
116.06
116.2
116.31999999999998
116.37
116.5
116.79
116.93
117.1
117.22
117.37
117.66
117.91
117.95
118.11
118.25
118.39
118.53
118.83
118.97
119.12
119.26
119.41
119.55
119.7
119.87
119.99
120.1
120.14
120.28
120.43
120.58
120.72
120.86
121.16
121.44
121.59
121.88
122.03
122.31999999999998
122.5
122.61
122.91
123.05
123.18
123.48
123.65
123.77
123.93
124.21
124.36
124.65
124.95
125.09
125.24
125.38
125.53
125.69
125.81
125.97
126.1
126.25
126.54
126.69
126.95
127.14
127.27
127.56
127.71
127.85
128.15
128.29
128.44
128.59
128.73
128.87
129.01
129.31
129.42
129.46
129.6
129.9
130.03
130.18
130.47
130.76
130.91
131.05
131.2
131.35
131.64
131.81
131.93
132.11
132.22
132.37
132.51
132.81
133.1
133.24
133.53
133.68
133.97
134.26
134.41
134.56
134.7
134.84
135.01
135.13
135.43
135.57
135.86
136.01
136.3
136.59
136.76
137.03
137.18
137.35
137.47
137.75
138.19
138.34
138.51
138.63
138.92
139.07
139.36
139.51
139.8
140.09
140.67
140.97
143.31
153.63
