0.07
0.15
0.48
0.59
0.66
0.9399999999999998
1.05
1.14
1.32
1.46
2.11
2.4
2.52
2.61
2.87
4.02
4.09
4.32
4.43
4.49
4.61
4.79
4.9
5.23
5.3
5.88
5.95
6.24
6.35
6.45
6.71
7.82
7.86
8.16
8.27
8.33
8.44
8.62
9.08
9.61
10.06
10.54
10.62
10.92
11.58
11.64
11.7
11.87
12.0
12.11
12.17
12.67
12.72
12.77
12.83
12.92
13.46
13.9
14.39
15.11
15.34
15.58
15.82
16.2
16.3
16.54
16.68
16.78
17.13
17.26
17.36
17.67
17.74
18.03
18.14
18.22
18.59
18.7
18.98
19.12
19.18
19.66
20.03
20.14
20.51
21.34
21.9
22.54
23.01
23.26
23.38
23.5
23.75
23.9
23.98
24.11
24.23
24.35
24.45
24.56
24.64
24.71
24.94
25.06
25.2
25.3
25.41
25.67
25.8
25.9
26.15
26.27
26.38
26.64
26.73
26.86
27.14
27.23
27.34
27.59
27.82
27.99
28.09
28.19
28.3
28.55
28.68
28.78
29.05
29.15
29.26
29.51
29.64
29.74
29.91
29.99
30.13
30.23
30.7
30.96
31.07
31.17
31.43
31.66
31.91
32.03
32.14
32.31
32.39
32.53
32.62
32.74
32.88
32.98
33.09
33.35
33.58
33.73
33.77
33.83
33.96
34.05
34.32
34.54
34.91
35.02
35.27
35.41
35.5
35.81
35.87
35.98
36.16
36.23
36.37
36.46
36.71
36.85
36.95
37.11
37.19
37.35
37.48
37.9
38.15
38.38
38.62
38.74
38.85
39.11
39.34
39.59
39.7
39.81
39.98
40.07
40.16
40.3
40.53
40.67
40.78
40.91
41.03
41.26
41.43
41.51
41.73
41.99
42.08
42.22
42.31
42.4
42.48
42.59
42.69
42.92
43.17
43.47
43.55
43.65
43.9
44.03
44.14
44.31
44.4
44.51
44.62
44.86
45.03
45.1
45.21
45.34
45.46
45.58
45.83
46.06
46.25
46.43
46.53
46.68
46.78
46.88
47.02
47.27
47.39
47.49
47.75
47.85
47.99
48.24
48.35
48.46
48.64
48.71
48.94
49.19
49.32
49.41
49.67
49.9
50.08
50.3
50.38
50.47
50.57
50.63
50.68
50.79
50.86
50.95
51.04
51.1
51.22
51.46
51.58
51.72
51.78
51.82
52.13
52.19
52.31
52.55
52.78
53.03
53.26
53.36
53.51
54.19
54.71
55.08
55.44
55.67
56.15
56.62
56.99
57.11
57.37
57.55
57.59
58.07
58.55
58.93
59.51
59.99
60.47
60.95
61.4
61.90999999999999
62.4
62.76
63.12
63.36
63.83
64.31
64.49
64.67
64.79
65.01
65.1
65.26
65.75
65.91
66.23
66.6
66.96
67.08
67.19
67.67
67.9
68.16
68.63
68.86
69.11
69.52
69.59
70.07
70.44
70.53
70.79
71.03
71.51
71.71
71.99
72.2
72.35
72.39
72.47
72.71
72.85
72.95
73.38
73.43
73.91
74.14
74.38
74.87
75.22
75.35
75.46
75.57
75.7
75.83
76.19
76.42
76.55
76.66
76.79
77.09
77.14
77.2
77.27
77.38
77.45
77.57
77.63
77.76
78.24
78.61
79.55
79.89
80.0
80.13
80.54
80.63
81.11
81.59
82.07
82.55
82.79
83.03
83.27
83.35
83.39
83.86
83.99
84.15
84.33
84.68
84.95
85.42
85.91
86.14
86.39
86.63
86.87
87.09
87.2
87.55
87.71
87.82
88.31
88.73
88.78
89.03
89.11
89.27
89.34
89.75
89.95
90.23
90.47
90.71
90.95
91.45
91.67
91.91
92.15
92.38
92.47
92.63
92.82
92.86
92.93
93.11
93.34
93.45
93.58
93.68
93.78
93.84
93.9
94.31
94.55
94.8
94.91
95.22
95.27
95.39
95.5
95.75
95.99
96.57
97.43
97.63
97.83
98.02
98.14
98.38
99.07
99.21
99.31
99.46
99.59
99.83
99.96
100.01
100.19
100.3
100.52
100.78
100.99
101.26
101.62
101.74
101.95
101.99
102.22
102.47
102.7
102.87
102.94
103.18
103.67
103.87
104.14
104.35
104.48
104.62
104.84
105.11
105.31
105.82
106.06
106.65
106.78
106.98
107.02
107.14
107.27
107.51
107.66
107.74
107.87
107.98
108.22
108.31
108.94
109.17
109.67
109.79
109.91
110.5
110.87
111.1
111.33
111.81999999999998
112.06999999999998
112.3
112.53
112.78
113.26
113.36
113.51
113.74
113.94
113.98
114.33
114.7
114.81999999999998
114.95
115.3
115.38
115.55
115.66
115.9
116.14
116.28
116.31999999999998
116.62
116.86
117.1
117.22
117.35
117.59
117.81999999999998
117.91
118.3
118.55
118.66
118.72
118.8
118.87
119.03
119.25
119.39
119.5
119.75
119.98
120.21
120.35
120.46
120.65
120.71
120.94
121.06
121.19
121.42
121.66
121.9
122.12
122.25
122.3
122.38
122.63
122.86
123.06999999999998
123.23
123.34
123.58
123.83
123.93
124.02
124.29
124.43
125.02
125.11
125.26
125.5
125.75
125.87
125.95
126.11
126.22
126.35
126.47
126.71
127.18
127.43
127.66
127.77
127.88
128.14
128.72
128.87
129.1
129.34
129.69
130.06
130.19
130.31
130.68
130.74
130.91
131.02
131.23
131.5
131.62
131.67
131.98
132.22
132.46
132.7
132.94
133.18
133.28
133.66
133.91
134.02
134.17
134.39
134.61
134.75
134.86
135.09
135.34
135.56
135.71
135.82
136.06
136.3
136.43
136.55
136.78
137.02
137.26
137.5
137.66
137.74
138.22
138.37
138.59
138.7
138.91
139.19
139.3
139.55
139.65
139.78
140.38
140.47
140.62
140.87
141.11
141.24
141.34
141.47
141.58
141.71
141.83
144.05
