1.29
1.42
1.69
1.83
2.09
2.23
2.5
2.63
2.89
3.28
3.43
3.7
3.83
4.04
4.1
4.23
4.65
4.84
4.93
5.04
5.24
5.35
5.65
5.74
5.84
6.04
6.14
6.25
6.65
7.42
7.64
7.84
7.94
8.03
8.15
8.23
8.43
8.73
8.81
9.04
9.28
9.45
9.55
9.64
9.85
10.03
10.19
10.44
10.54
10.65
11.23
11.44
11.64
12.04
12.24
12.43
12.62
12.75
12.84
13.03
13.23
13.55
13.64
13.75
13.84
14.08
14.34
14.44
14.64
14.84
15.13
15.17
15.23
15.35
15.44
15.64
16.03
16.24
16.45
16.63
16.85
17.04
17.64
17.84
18.04
18.43
18.64
18.74
18.83
19.04
19.24
19.44
19.63
19.84
20.04
20.24
20.44
20.48
20.8
21.04
21.23
21.42
21.54
21.63
21.84
22.03
22.42
22.64
22.73
22.83
23.23
23.45
24.02
24.24
24.44
24.84
25.04
25.24
25.43
25.54
25.83
26.03
26.35
26.44
26.54
26.64
27.05
27.24
27.44
27.64
28.04
28.44
28.829999999999995
29.04
29.24
29.63
29.84
29.95
30.04
30.24
30.44
30.64
30.829999999999995
31.02
31.24
31.44
31.829999999999995
32.04
32.16
32.23
32.64
32.83
33.04
33.23
33.44
33.64
33.75
33.84
34.04
34.24
34.43
34.54
34.64
34.84
35.04
35.25
35.44
35.55
35.64
35.69
35.74
35.84
36.04
36.44
36.64
36.83
37.23
37.44
37.63
37.84
38.04
38.25
38.43
38.64
38.85
39.03
39.24
39.36
39.43
39.59
39.65
39.75
39.84
40.14
40.24
40.64
40.83
40.9
40.95
41.04
41.17
41.25
41.35
41.44
41.55
41.63
41.75
41.83
42.04
42.24
42.44
42.54
42.62
42.84
42.98
43.04
43.18
43.23
43.34
43.44
43.58
43.63
43.83
44.03
44.14
44.24
44.35
44.73
44.84
44.93
45.28
45.33
45.63
45.7
45.84
46.23
46.43
46.63
46.84
47.02
47.23
47.44
47.64
47.83
48.03
48.15
48.23
48.43
48.62
49.04
49.18
49.24
49.43
49.64
49.83
50.03
50.23
50.43
50.63
50.84
51.03
51.23
51.34
51.44
51.64
51.83
52.03
52.23
52.38
52.43
52.64
52.78
52.84
53.03
53.23
53.37
53.42
53.63
53.83
53.98
54.04
54.23
54.37
54.43
54.64
54.83
55.03
55.23
55.44
55.63
55.83
56.03
56.23
56.43
56.63
56.83
57.03
57.23
57.34
57.43
57.63
57.74
57.83
58.04
58.24
58.44
58.64
58.77
58.83
59.03
59.24
59.43
59.58
59.63
59.77
59.82
60.03
60.23
60.44
60.63
60.82
60.95
61.03
61.24
61.43
61.76
61.83
62.03
62.23
62.43
62.64
62.83
63.02
63.23
63.43
63.63
63.83
64.03
64.14
64.23
64.43
64.63
64.84
65.03
65.23
65.34
65.43
65.63
65.75
65.84
66.03
66.23
66.44
66.63
66.84
66.93
67.04
67.24
67.33
67.43
67.63
67.82
68.23
68.44
68.62
68.83
69.03
69.23
69.43
69.63
69.83
70.09
70.23
70.45
70.54
70.63
70.83
71.03
71.14
71.24
71.33
71.43
71.63
71.74
71.83
71.96
72.03
72.13
72.24
72.38
72.43
72.53
72.57
72.63
72.83
72.93
73.04
73.23
73.37
73.44
73.55
73.6
73.84
74.03
74.24
74.43
74.63
74.83
74.94
75.04
75.24
75.33
75.44
75.63
75.84
75.98
76.03
76.24
76.43
76.54
76.63
76.84
77.04
77.23
77.44
77.54
77.64
77.74
77.84
78.12
78.24
78.34
78.43
78.84
79.03
79.26
79.34
79.43
79.63
79.82
79.92
80.02
80.23
80.33
80.41
80.56
80.63
80.74
80.84
80.94
81.05
81.24
81.45
81.63
81.83
82.03
82.24
82.44
82.54
82.63
83.04
83.23
83.34
83.45
83.83
84.03
84.13
84.18
84.23
84.44
84.55
84.65
84.83
84.97
85.04
85.23
85.29
85.43
85.64
85.83
86.43
86.63
87.03
87.55
88.03
88.43
88.64
88.83
89.03
89.24
89.43
89.63
90.03
90.15
90.24
90.43
90.55
90.64
91.04
91.23
91.35
91.44
91.63
91.84
92.03
92.12
92.23
92.42
92.54
92.63
92.83
92.93
93.04
93.23
93.43
93.63
93.83
94.04
94.14
94.23
94.44
94.53
94.64
94.83
95.04
95.23
95.64
95.83
96.04
96.23
96.44
96.55
96.63
96.83
96.93
97.23
97.43
97.65
97.84
97.97
98.02
98.14
98.23
98.43
98.54
98.64
98.83
98.94
99.03
99.24
99.33
99.43
99.62
99.84
100.03
100.24
100.54
100.83
100.93
101.03
101.23
101.34
101.43
101.63
102.03
102.24
102.43
102.63
102.83
103.03
103.23
103.36
103.43
103.63
103.83
104.02
104.14
104.24
104.43
104.63
104.84
104.91
105.22
105.34
105.43
105.63
105.83
106.03
106.23
106.54
106.64
106.83
107.03
107.32
107.43
107.64
107.83
108.04
108.12
108.23
108.43
108.54
108.63
108.82
109.23
109.35
109.43
109.64
109.73
109.83
110.03
110.13
110.23
110.42
110.64
110.74
110.8
111.03
111.23
111.31999999999998
111.43
111.63
111.73
111.83
112.03
112.23
112.43
112.83
113.22
113.43
113.62
113.83
114.02
114.22
114.31
114.41
114.83
115.23
115.81
116.58
116.87
117.42
118.26
118.82
