0.17
0.38
0.48
0.58
0.78
0.88
1.07
1.18
1.38
1.57
1.77
1.98
2.09
2.18
2.38
2.68
2.78
2.97
3.17
3.37
3.58
3.68
3.78
3.98
4.27
4.38
4.58
4.77
4.98
5.28
5.58
6.4
6.57
6.97
7.28
7.48
7.58
7.769999999999999
7.98
8.17
8.38
8.47
8.57
8.78
8.88
9.08
9.17
9.38
9.58
9.78
9.99
10.18
10.38
10.48
10.68
10.78
10.97
11.18
11.38
11.58
11.68
11.78
11.98
12.08
12.28
12.37
12.57
12.78
12.88
12.98
13.38
13.57
13.68
13.88
13.95
14.17
14.37
14.57
14.7
14.78
14.88
14.97
15.14
15.28
15.49
15.58
15.77
15.9
15.96
16.17
16.38
16.47
16.57
16.78
17.08
17.17
17.38
17.58
17.78
17.9
17.98
18.07
18.37
18.48
18.68
18.76
18.88
18.98
19.17
19.58
19.67
19.77
19.98
20.08
20.38
20.57
20.97
21.17
21.37
21.58
21.68
21.81
21.98
22.18
22.58
22.97
23.17
23.38
23.48
23.58
23.77
23.98
24.17
24.28
24.38
24.48
24.58
24.77
24.88
25.18
25.27
25.37
25.58
25.78
25.89
25.98
26.08
26.18
26.68
26.78
26.88
26.97
27.18
27.27
27.38
27.579999999999995
27.68
27.77
27.97
28.079999999999995
28.18
28.28
28.38
28.57
28.97
29.17
29.37
29.57
29.68
29.79
29.88
29.97
30.17
30.38
30.57
30.78
30.87
30.98
31.17
31.27
31.38
31.579999999999995
31.68
31.77
31.98
32.18
32.38
32.48
32.58
32.79
32.89
32.97
33.08
33.18
33.28
33.37
33.57
33.75
34.17
34.37
34.48
34.57
34.68
34.76
34.97
35.18
35.27
35.37
35.57
35.67
35.77
35.97
36.08
36.28
36.37
36.49
36.57
36.78
36.98
37.18
37.27
37.38
37.58
37.78
37.88
37.98
38.08
38.17
38.38
38.58
38.78
38.88
38.98
39.18
39.27
39.38
39.48
39.69
39.77
39.98
40.17
40.38
40.48
40.58
40.77
40.89
40.97
41.28
41.37
41.58
41.78
41.9
41.98
42.07
42.17
42.38
42.48
42.58
42.68
42.77
42.97
43.18
43.38
43.67
43.77
43.97
44.08
44.38
44.48
44.57
44.78
44.97
45.08
45.28
45.37
45.58
45.68
45.77
45.87
45.97
46.18
46.31
46.38
46.57
46.88
46.97
47.18
47.28
47.37
47.48
47.58
47.77
47.98
48.17
48.38
48.58
48.77
48.88
48.98
49.08
49.29
49.37
49.57
49.78
49.98
50.08
50.18
50.37
50.48
50.68
50.77
50.88
50.97
51.18
51.37
51.46
51.58
51.68
51.78
51.97
52.08
52.18
52.28
52.38
52.48
52.57
52.73
52.78
52.97
53.18
53.28
53.37
53.57
53.78
53.88
53.97
54.09
54.18
54.39
54.58
54.9
54.97
55.28
55.48
55.77
55.93
55.97
56.17
56.38
56.57
56.77
56.88
56.97
57.18
57.37
57.57
57.77
57.98
58.08
58.17
58.48
58.58
58.68
58.77
58.88
58.97
59.07
59.18
59.38
59.68
59.97
60.51
60.97
61.38
61.57
61.68
61.77
61.88
61.98
62.18
62.37
62.57
62.78
62.87
62.97
63.18
63.28
63.48
63.57
63.77
63.98
64.18
64.39
64.47
64.57
64.77
64.89
65.08
65.18
65.37
65.57
65.77
65.98
66.08
66.18
66.38
66.48
66.68
66.77
66.88
66.98
67.17
67.28
67.37
67.77
67.97
68.08
68.27
68.57
68.77
68.97
69.17
69.27
69.38
69.54
69.68
69.88
70.08
70.17
70.37
70.57
70.78
70.88
70.97
71.26
71.48
71.58
71.68
71.78
71.98
72.17
72.3
72.38
72.47
72.57
72.78
72.88
73.08
73.18
73.38
73.58
73.68
73.77
74.17
74.36
74.48
74.58
74.68
74.77
74.97
75.17
75.38
75.51
75.58
75.68
75.78
76.08
76.17
76.28
76.38
76.48
76.57
76.78
76.97
77.09
77.18
77.28
77.38
77.57
77.69
77.97
78.08
78.18
78.31
78.37
78.52
78.58
78.71
78.78
78.88
78.98
79.18
79.28
79.39
79.48
79.57
79.78
79.98
80.17
80.57
80.88
81.08
81.37
81.58
81.77
81.98
82.07
82.17
82.38
82.48
82.68
82.88
82.98
83.18
83.38
83.59
83.67
83.78
83.98
84.08
84.28
84.38
84.57
84.78
84.97
85.18
85.28
85.37
85.57
85.79
85.88
85.97
86.08
86.18
86.27
86.37
86.48
86.77
86.89
86.97
87.18
87.28
87.48
87.57
87.77
87.98
88.18
88.37
88.57
88.78
88.88
89.01
89.08
89.18
89.38
90.69
