0.27
0.32
0.41
0.48
0.65
0.75
0.9
0.99
1.15
1.32
1.5
1.58
1.65
1.75
1.82
1.99
2.08
2.23
2.32
2.48
2.66
2.99
3.08
3.15
3.32
3.57
3.65
3.81
3.99
4.17
4.24
4.28
4.32
4.41
4.49
4.61
4.65
4.9
4.99
5.33
5.5
5.66
5.82
5.99
6.16
6.32
6.48
6.66
6.99
7.15
7.32
7.42
7.49
7.65
7.82
7.99
8.16
8.32
8.41
8.49
8.65
8.75
8.82
8.99
9.15
9.33
9.49
9.66
9.82
9.99
10.09
10.15
10.32
10.48
10.83
11.16
11.32
11.49
11.82
11.99
12.16
12.32
12.49
12.83
13.16
13.49
13.66
13.82
13.96
14.16
14.32
14.49
14.66
14.83
14.99
15.16
15.32
15.49
15.82
16.16
16.33
16.49
16.66
16.82
17.0
17.15
17.33
17.49
17.66
17.83
17.99
18.15
18.33
18.49
18.66
18.84
19.15
19.27
19.49
19.67
19.74
19.82
20.16
20.32
20.81
21.14
21.33
21.5
21.83
22.16
22.32
22.66
22.83
22.99
23.16
23.33
23.49
23.66
23.83
23.99
24.16
24.33
24.49
24.66
24.82
24.99
25.16
25.24
25.33
25.49
25.66
25.83
25.99
26.16
26.32
26.49
26.66
26.83
26.99
27.16
27.329999999999995
27.49
27.66
27.82
27.99
28.16
28.329999999999995
28.49
28.66
28.829999999999995
28.99
29.15
29.32
29.49
29.66
29.82
29.99
30.16
30.32
30.49
30.66
30.829999999999995
30.99
31.16
31.32
31.49
31.66
31.829999999999995
32.0
32.16
32.33
32.49
32.67
32.83
32.99
33.33
33.5
33.66
33.83
33.99
34.16
34.32
34.49
34.66
34.83
34.99
35.16
35.27
35.33
35.49
35.65
35.82
35.99
36.16
36.33
36.5
36.66
36.83
37.0
37.16
37.33
37.49
37.67
37.83
38.16
38.33
38.5
38.66
38.83
39.0
39.17
39.34
39.49
39.67
39.81
39.99
40.16
40.33
40.5
40.83
41.16
41.33
41.5
41.66
41.82
42.0
42.05
42.16
42.32
42.5
42.57
42.83
43.19
43.26
48.0
59.18
63.33
63.99
64.33
64.57
64.65
65.32
65.65
65.83
65.99
66.16
66.32
66.66
67.99
68.49
68.66
68.82
68.99
69.33
69.5
69.66
69.83
70.08
70.17
70.32
70.49
70.66
70.83
71.16
71.49
71.83
72.0
72.16
72.5
72.83
72.99
73.16
73.32
73.49
73.65
73.82
73.99
74.16
74.32
74.48
74.82
75.16
75.32
75.49
75.83
76.16
76.32
76.49
76.82
77.0
77.16
77.33
77.49
77.83
78.17
78.33
78.5
78.67
78.83
79.0
79.16
79.33
79.5
79.83
80.16
80.33
80.49
80.67
80.77
80.83
81.0
81.16
81.34
81.49
81.66
81.83
82.16
82.34
82.5
82.83
83.17
83.5
83.83
84.0
84.16
84.24
84.33
84.49
84.66
84.83
84.99
85.08
85.16
85.25
85.33
85.49
85.66
85.99
86.16
86.33
86.5
86.83
86.99
87.16
87.33
87.5
87.66
87.83
87.99
88.17
88.32
88.5
88.66
88.83
88.99
89.16
89.33
89.5
89.66
89.83
89.99
90.16
90.33
90.5
90.66
90.84
91.16
91.5
91.66
91.83
92.0
92.16
92.32
92.5
92.66
92.83
92.99
93.16
93.33
93.5
93.66
93.83
94.0
94.16
94.33
94.5
94.83
94.99
95.5
95.66
95.83
96.17
96.83
96.99
97.16
97.5
97.66
97.83
98.0
98.17
98.32
98.5
98.66
98.99
99.33
99.5
99.66
99.83
99.99
100.16
100.32
100.5
100.83
101.17
101.32
101.5
101.66
101.83
102.17
102.33
102.66
102.83
103.02
103.17
103.5
103.66
104.16
104.22
104.32
104.84
104.99
105.16
105.32
105.5
105.66
105.83
106.0
106.16
106.32
106.51
106.6
106.83
107.16
107.49
107.66
107.99
108.16
108.32
108.49
108.82
108.99
109.16
109.33
109.49
109.66
109.83
109.99
110.16
110.31999999999998
110.49
110.66
110.83
110.99
111.16
111.33
111.5
111.65
111.83
112.0
112.16
112.33
112.49
112.65
112.81999999999998
112.99
113.16
113.33
113.49
113.66
113.83
114.16
114.31999999999998
114.49
114.83
114.99
115.16
115.31999999999998
115.49
115.66
115.81999999999998
115.99
116.16
116.31999999999998
116.49
116.65
116.83
116.99
117.16
117.33
117.5
117.66
117.83
117.99
118.16
118.31999999999998
118.66
118.83
118.99
119.16
119.31999999999998
119.49
119.66
119.81999999999998
119.99
120.16
120.31999999999998
120.49
120.66
120.83
120.99
121.15
121.31999999999998
121.49
121.66
121.83
121.99
122.16
122.31999999999998
122.49
122.66
122.83
122.99
123.16
123.31999999999998
123.49
123.65
123.81999999999998
123.99
124.16
124.31999999999998
124.49
124.66
124.81999999999998
124.99
125.15
125.33
125.49
125.66
125.81999999999998
125.99
126.16
126.31999999999998
126.49
126.66
126.83
126.99
127.16
127.31999999999998
127.49
127.65
127.81999999999998
127.99
128.16
128.32
128.49
128.65
128.82
128.98
129.15
129.32
129.49
129.65
129.82
129.99
130.16
130.32
130.49
130.83
131.15
131.49
131.65
131.82
132.0
132.16
132.49
132.82
133.15
133.49
133.82
134.16
134.49
134.66
134.83
135.16
135.32
135.49
135.82
136.16
136.49
136.82
137.15
137.49
137.82
138.16
138.49
138.83
139.16
139.32
139.49
139.66
139.82
140.16
140.33
140.49
140.65
140.83
141.15
141.33
141.49
141.66
141.82
141.98
142.16
142.32
142.49
142.66
142.83
142.99
143.16
143.32
143.49
143.82
144.16
144.33
144.49
144.66
144.82
144.99
145.16
145.33
145.5
145.66
145.82
145.99
146.15
146.32
146.48
146.66
146.83
146.99
147.15
147.32
147.49
147.65
147.82
147.99
148.07
148.16
148.32
148.49
148.73
148.82
148.99
149.15
149.68
