1.76
2.28
2.52
2.78
3.29
4.04
4.3
4.54
4.8
5.05
5.3
5.55
6.06
6.56
6.81
7.32
8.08
8.33
8.83
9.34
9.58
9.84
10.1
10.2
10.34
10.6
10.66
10.77
10.85
11.1
11.17
11.21
11.3
11.35
11.86
12.12
12.36
12.4
12.69
12.73
12.87
13.12
13.19
13.24
13.37
13.78
13.88
14.13
14.22
14.33
14.38
14.49
14.69
14.8
14.88
15.14
15.21
15.25
15.38
15.5
15.63
15.89
16.15
16.25
16.34
16.39
16.65
16.72
16.77
16.82
16.89
18.42
19.17
19.44
19.53
19.59
19.67
19.71
20.17
20.36
20.55
21.44
21.55
21.68
21.75
21.84
21.95
22.44
23.2
23.47
24.22
24.47
24.51
24.57
25.51
25.62
26.41
26.48
27.51
27.84
27.93
28.42
28.53
29.0
29.24
29.44
29.51
29.62
29.91
30.25
30.51
30.79
30.87
31.54
32.16
32.45
32.53
32.64
32.73
32.77
32.96
33.3
34.04
34.3
34.41
34.54
34.79
35.05
35.31
35.43
35.54
35.8
35.92
36.06
36.17
36.32
36.43
36.55
36.82
36.94
37.06
37.27
37.32
37.44
37.56
37.82
38.07
38.33
38.45
38.57
38.83
39.08
39.34
39.45
39.58
39.84
39.96
40.35
40.46
40.6
40.84
40.97
41.1
41.36
41.47
41.6
41.86
41.98
42.11
42.36
42.49
42.61
42.66
42.72
42.78
42.86
42.99
43.11
43.38
43.43
43.5
43.62
43.74
43.89
44.0
44.13
44.4
44.44
44.51
44.63
44.88
45.0
45.13
45.39
45.51
45.63
45.74
45.89
45.95
46.01
46.4
46.52
46.64
46.75
46.89
47.02
47.15
47.27
47.41
47.53
47.65
47.69
47.78
47.93
48.17
48.41
48.47
48.54
48.68
48.92
49.04
49.17
49.59
49.83
50.17
50.67
50.79
50.92
51.11
51.19
51.68
51.96
52.2
52.32
52.44
52.68
52.72
52.84
52.94
53.2
53.32
53.4
53.45
53.71
53.82
53.95
54.1
54.2
54.74
54.81
54.95
55.08
55.14
55.22
55.47
55.59
55.74
55.83
55.97
56.73
56.85
57.23
57.7
57.75
57.98
58.02
58.11
58.15999999999999
58.5
58.74
59.25
59.51
59.68
59.76
59.87
59.90999999999999
60.01
60.26
60.69
60.76
60.88
61.27
61.72
61.77
62.01
62.19
62.54
62.77
62.87
63.03
63.28
63.40999999999999
63.53
63.71
63.79
63.90999999999999
63.96
64.04
64.15
64.3
64.54
64.8
65.16
66.55
72.99
73.36
75.52
75.56
77.58
78.35
78.84
82.44
82.69
82.95
84.01
84.12
84.2
84.9
85.4
85.98
86.23
86.38
86.49
86.73
86.97
87.74
88.01
89.03
89.11
89.24
89.94
90.26
90.95
91.02
91.77
92.02
92.46
93.03
93.08
93.16
93.28
93.54
93.97
94.05
94.44
94.79
95.06
95.41
96.07
96.17
96.24
97.0
97.07
97.84
98.58
98.83
99.08
99.59
99.88
100.09
100.6
100.71
100.84
101.08
101.85
102.1
102.61
102.92
103.11
103.63
104.13
104.42
105.13
105.64
106.14
106.9
107.78
108.16
108.68
109.17
110.84
