1.23
1.54
1.67
2.14
2.29
2.61
3.26
4.43
4.67
4.96
5.27
5.86
6.0
7.06
7.2
8.11
8.26
8.41
8.63
9.45
10.19
10.29
10.36
10.79
11.08
11.23
11.39
11.53
11.68
11.98
12.14
12.28
12.43
12.52
12.58
12.73
12.87
13.03
13.17
13.33
13.48
13.63
13.78
13.93
14.07
14.23
14.37
14.53
14.67
14.82
14.97
15.12
15.27
15.43
15.86
16.02
16.11
16.31
16.46
16.62
16.76
16.92
17.06
17.21
17.36
17.51
17.66
17.81
17.96
18.1
18.25
18.41
18.49
18.55
18.63
18.71
18.85
19.01
19.3
19.46
19.6
20.05
20.19
20.34
20.5
20.79
21.09
21.23
21.37
21.53
21.67
21.84
21.94
21.98
22.08
22.14
22.26
22.43
22.57
22.88
23.17
23.47
23.62
23.77
23.92
24.07
24.22
24.38
24.47
24.52
24.67
24.81
24.97
25.11
25.26
25.41
25.56
25.71
25.86
26.01
26.16
26.31
26.42
26.46
26.61
26.75
26.91
27.06
27.2
27.36
27.51
27.66
27.8
27.95
28.06
28.1
28.25
28.4
28.55
28.7
28.8
28.85
29.0
29.14
29.29
29.45
29.6
29.74
29.89
30.05
30.19
30.35
30.49
30.64
30.78
30.94
31.079999999999995
31.22
31.39
31.49
31.53
31.62
31.68
31.829999999999995
31.99
32.14
32.43
32.58
32.73
32.83
33.02
33.17
33.33
33.48
33.62
33.77
33.91
34.02
34.07
34.22
34.37
34.52
34.66
34.83
34.96
35.11
35.27
35.41
35.56
35.71
35.86
35.98
36.16
36.3
36.46
36.6
36.76
36.92
37.06
37.21
37.35
37.51
37.6
37.65
37.81
37.95
38.11
38.25
38.55
38.7
38.84
39.0
39.1
39.14
39.3
39.45
39.59
39.75
39.9
40.13
40.2
40.34
40.5
40.58
40.64
40.79
40.94
41.09
41.18
41.32
41.39
41.54
41.69
41.82
41.98
42.13
42.28
42.52
42.59
42.73
42.82
42.88
42.98
43.03
43.12
43.18
43.33
43.48
43.71
43.78
43.92
44.07
44.22
44.38
44.52
44.67
44.91
44.97
45.12
45.27
45.42
45.57
45.72
45.86
46.1
46.16
46.31
46.4
46.47
46.61
46.76
46.9
47.05
47.29
47.36
47.51
47.6
47.66
47.8
47.96
48.1
48.25
48.55
48.71
48.8
48.85
48.94
49.0
49.15
49.3
49.45
49.59
49.75
49.9
50.04
50.19
50.34
50.49
50.63
50.79
50.94
51.09
51.24
51.39
51.53
51.68
51.83
51.98
52.13
52.28
52.43
52.58
52.69
52.88
53.03
53.13
53.18
53.33
53.47
53.62
53.77
53.92
54.08
54.32
54.37
54.53
54.67
54.83
54.97
55.12
55.27
55.40999999999999
55.51
55.57
55.65
55.72
55.86
56.02
56.15999999999999
56.31
56.46
56.61
56.75
56.90999999999999
57.06
57.21
57.35
57.5
57.65
57.8
57.96
58.11
58.26
58.4
58.71
58.85
59.0
59.15
59.3
59.45
59.59
59.74
60.05
60.29
60.49
60.63
60.79
60.9
61.09
61.23
61.39
61.68
61.83
61.99
62.13
62.29
62.43
62.59
62.73
62.88
62.96
63.03
63.18
63.33
63.48
63.63
63.77
64.07
64.17
64.22
64.37
64.52
64.62
64.75
64.97
65.04
65.12
65.41
65.57
65.72
65.87
66.01
66.16
66.26
66.31
66.46
66.61
66.76
66.91
67.06
67.15
67.21
67.36
67.5
67.59
67.66
67.8
67.96
68.1
68.25
68.4
68.55
68.69
68.86
69.0
69.15
69.25
69.3
69.43
69.59
69.74
69.84
70.05
70.2
70.35
70.65
70.79
70.94
71.24
71.35
71.39
71.54
71.64
71.84
71.98
72.13
72.23
72.28
72.43
72.53
72.58
72.73
73.02
73.18
73.32
73.48
73.62
73.77
73.89
74.07
74.18
74.37
74.52
74.61
74.67
74.82
74.97
75.13
75.27
75.41
75.57
75.72
75.81
75.87
76.02
76.16
76.31
76.46
76.57
76.76
76.91
77.01
77.06
77.21
77.36
77.51
77.65
77.81
77.96
78.25
78.4
78.55
78.69
78.85
78.99
79.1
79.14
79.27
79.45
79.58
79.75
79.89
80.04
80.19
80.34
80.48
80.64
80.78
80.94
81.08
81.23
81.38
81.53
81.69
81.83
81.98
82.13
82.28
82.43
82.57
82.73
82.88
83.03
83.17
83.32
83.47
83.63
83.77
83.92
84.04
84.22
84.36
84.52
84.67
84.82
84.96
85.12
85.26
85.41
85.56
85.72
85.86
86.01
86.16
86.31
86.61
86.75
86.9
87.05
87.21
87.36
87.51
87.8
87.95
88.11
88.25
88.4
88.54
88.64
88.7
88.84
89.0
89.14
89.3
89.45
89.6
89.74
89.89
90.03
90.13
90.19
90.34
90.49
90.64
90.79
90.89
90.93
91.09
91.24
91.39
91.53
91.68
91.83
91.98
92.13
92.28
92.58
92.73
92.88
93.04
93.18
93.32
93.48
93.62
93.77
93.92
94.07
94.23
94.37
94.52
94.67
94.81
94.9
94.96
95.11
95.27
95.56
95.71
95.86
96.02
96.16
96.32
96.46
96.61
97.06
97.21
97.66
97.8
97.95
98.26
98.4
98.69
98.86
99.3
99.45
99.6
99.75
99.9
100.05
100.2
100.34
100.79
101.09
101.35
101.39
101.54
101.7
101.81
101.99
102.29
102.43
102.58
102.73
102.84
103.03
103.07
103.18
103.47
103.62
103.78
103.92
104.23
104.37
104.68
104.82
104.97
105.12
105.21
105.41
105.56
105.86
106.12
106.17
106.31
106.61
106.76
107.06
107.21
107.51
107.81
107.95
108.19
108.25
108.41
108.7
108.85
109.0
109.15
109.31
109.38
109.45
109.6
109.75
109.9
110.2
110.34
110.64
110.79
110.9
110.94
111.09
111.39
111.54
111.84
111.98
112.13
112.29
112.39
112.59
112.73
113.02
113.29
113.33
113.47
113.78
113.92
114.23
114.37
114.53
114.67
114.76
114.97
115.11
115.41
115.67
115.72
115.81999999999998
118.62
