0.04
0.36
0.85
1.0
1.3
1.45
1.95
2.79
2.9
3.05
3.21
3.84
4.16
4.48
4.96
5.59
5.76
5.9
6.05
6.55
6.85
7.01
7.33
7.65
8.12
8.43
8.59
9.06
9.54
9.71
10.02
10.34
10.65
11.12
11.45
11.61
11.93
12.07
12.24
12.4
12.54
13.18
13.35
13.5
13.66
13.82
14.14
14.3
14.46
14.51
14.61
14.93
15.24
16.66
16.98
17.15
17.45
17.93
18.25
19.04
19.67
19.84
20.3
20.94
21.26
21.41
21.73
22.22
22.53
22.85
23.3
23.46
23.63
24.42
24.71
25.06
25.36
25.52
26.01
26.64
26.96
27.26
27.42
27.9
28.21
28.54
29.17
29.49
29.81
32.02
32.66
33.3
33.94
34.24
35.36
36.46
37.73
38.0
38.04
38.1
39.94
40.26
40.58
41.53
41.85
44.38
46.45
46.59
46.84
47.2
47.38
47.78
48.5
48.81
49.12
50.85
51.18
51.25
51.34
51.64
52.13
52.29
53.24
53.71
53.87
54.02
54.18
54.51
54.81
55.14
55.45
55.61
55.93
56.09
56.4
56.72
56.95
57.04
57.36
58.21
58.32
61.96
62.39
64.96
65.59
65.91
66.23
66.54
66.85
67.81
68.13
68.43
69.71
70.34
70.65
70.97
71.3
71.52
71.61
71.91
72.01
72.24
72.89
74.14
74.77
75.73
76.34
76.99
77.23
77.54
77.63
78.1
78.24
78.9
79.12
79.52
79.82
80.17
80.8
80.96
82.07
82.38
82.53
82.68
82.85
83.0
83.16
83.33
83.48
84.82
86.49
86.96
87.12
87.42
88.63
89.32
90.21
92.34
93.45
95.04
95.18
95.98
96.94
97.25
98.83
100.73
101.05
101.36
101.69
102.01
102.32
102.64
102.98
103.59
104.46
105.17
105.4
106.12
106.53
108.63
