1.59
1.99
2.59
3.17
3.21
3.7
4.55
5.05
5.1
5.79
6.08
6.42
6.53
7.18
7.43
8.23
10.43
10.64
11.68
11.83
12.13
12.73
13.48
15.28
16.78
17.83
18.18
18.7
19.48
19.66
19.79
20.07
20.3
20.39
20.84
20.98
21.74
21.88
22.03
22.63
23.91
24.42
24.58
25.63
25.93
26.37
27.88
28.64
28.9
29.01
29.12
29.23
30.44
31.16
31.32
31.42
32.68
33.14
33.28
33.44
33.59
34.64
34.87
34.93
35.05
35.49
36.14
36.88
38.09
39.42
41.69
41.74
41.99
42.65
45.01
46.28
46.44
46.64
46.78
46.95
47.4
48.14
48.59
48.79
48.89
49.04
49.48
49.79
49.95
50.09
50.24
50.38
50.71
50.89
51.29
51.45
51.61
51.81
52.35
52.48
52.64
52.79
53.08
53.28
53.39
54.0
54.1
54.3
54.61
66.07
67.74
68.05
75.66
77.65
86.82
87.2
87.44
87.86
90.88
91.29
91.34
91.73
92.11
92.68
94.2
94.25
95.01
95.84
96.38
96.43
96.58
96.63
97.11
97.38
97.42
97.47
97.74
97.84
98.0
98.25
98.69
100.63
100.71
100.77
101.37
102.14
102.58
104.14
104.49
104.65
104.81
105.06
105.28
105.45
105.52
105.72
105.77
105.89
106.04
106.22
106.45
107.04
108.16
108.23
111.67
112.13
112.26
118.68
