0.8
1.59
1.99
2.25
2.4
2.86
3.1
3.19
4.0
4.17
4.26
4.33
4.41
4.79
5.2
5.31
5.51
5.6
6.3
6.39
7.2
7.99
8.39
8.8
9.59
10.4
10.7
11.19
11.5
11.91
12.0
12.71
12.79
13.06
13.18
13.6
15.2
15.99
16.8
19.19
19.64
20.0
20.8
21.18
21.31
21.6
21.79
22.04
22.39
23.2
23.61
23.66
24.01
24.71
24.8
25.59
25.79
26.19
26.36
26.59
26.8
26.99
27.96
28.19
28.39
28.6
28.74
28.79
28.99
29.18
29.57
30.14
30.19
30.6
31.0
31.04
31.079999999999995
31.29
31.579999999999995
31.99
32.19
32.39
32.78
33.2
33.39
33.81
33.91
33.96
34.03
34.09
34.16
34.2
34.34
34.4
34.59
34.72
34.79
34.99
35.19
35.6
35.96
36.19
36.59
37.0
37.2
37.39
37.74
37.79
38.19
38.39
38.61
39.11
39.18
39.48
39.65
39.79
39.98
40.2
40.29
40.37
40.79
41.0
41.09
41.32
41.59
42.39
42.69
42.98
43.08
43.39
43.58
44.19
44.7
44.79
45.0
45.51
45.59
45.88
46.19
46.37
46.59
46.68
46.77
47.18
47.4
47.99
48.79
49.08
49.25
49.39
49.59
49.89
50.19
50.28
50.35
50.39
50.59
50.69
50.89
51.19
51.6
51.75
51.79
51.91
51.98
52.38
52.6
53.59
53.79
53.99
54.39
54.62
54.7
55.15999999999999
55.79
56.07
56.14
56.2
56.59
56.7
56.79
56.99
57.59
57.99
58.38
58.79
59.0
59.99
60.19
60.4
60.88
61.58
61.79
62.19
62.47
62.99
63.19
63.39
63.55
63.7
63.99
64.39
64.75
65.2
65.4
66.35
66.39
66.59
66.79
67.01
67.19
67.23
67.77
67.92
67.98
68.7
68.99
69.29
69.59
69.8
69.99
70.39
71.18
71.59
71.8
72.8
72.99
73.2
73.4
73.59
73.99
74.19
74.59
74.99
75.27
75.34
75.4
75.79
76.07
76.14
76.4
76.59
76.79
77.55
77.59
78.0
78.19
79.15
79.19
79.39
79.59
79.8
79.94
79.99
80.2
80.59
80.8
81.33
81.79
82.19
82.3
82.39
82.79
83.19
83.39
83.59
83.79
83.98
84.59
85.55
85.59
85.93
85.99
86.19
86.39
86.43
86.59
86.66
86.86
86.92
87.06
87.15
87.19
87.39
87.79
88.19
88.86
88.93
88.99
89.39
89.59
89.81
90.39
90.68
90.86
90.99
91.18
91.4
91.5
91.57
91.98
92.79
93.59
94.19
94.73
95.04
95.18
95.58
95.79
95.99
96.2
96.71
96.78
97.01
97.08
97.39
97.79
97.88
97.97
98.38
98.6
98.85
99.0
99.19
99.49
99.8
99.98
100.19
100.38
100.47
100.57
100.74
100.78
100.98
101.28
101.59
102.38
103.16
103.6
103.79
104.14
104.4
104.75
104.79
104.99
105.2
105.59
106.36
106.99
107.4
107.79
107.9
107.99
108.19
108.39
108.79
109.19
109.39
109.79
110.2
111.2
111.39
111.59
111.8
111.99
112.39
112.76
112.99
113.39
113.74
113.79
114.19
114.54
114.59
114.99
115.19
115.54
115.59
115.98
116.4
116.58
117.19
117.59
117.79
118.0
118.39
118.43
118.59
118.71
118.78
119.19
119.79
120.06999999999998
120.13
120.2
120.59
120.76
121.19
121.59
121.85
122.18
122.27
122.38
122.49
122.64
122.68
122.77
122.94
123.09
123.6
123.8
123.99
124.19
124.38
124.59
124.79
125.2
125.4
125.58
125.8
126.19
126.41
126.47
126.6
126.8
127.2
127.39
127.79
127.99
128.31
128.45
128.57
128.64
128.74
128.91
128.95
129.03
129.12
134.41
