0.01
0.05
0.18
0.68
0.84
1.43
1.53
1.77
1.95
2.03
2.19
2.36
2.53
2.78
3.03
3.11
3.2
3.29
3.52
3.61
3.87
4.04
4.36
4.53
4.7
4.86
6.03
6.11
6.2
6.28
6.54
6.78
6.87
7.04
7.12
7.2
7.29
7.38
7.53
7.7
7.88
8.13
8.28
8.55
8.63
8.71
8.87
8.96
9.04
9.21
9.71
9.87
9.97
10.21
10.71
10.87
11.38
11.46
11.55
11.7
12.55
12.64
12.73
12.88
13.05
13.47
13.89
14.06
14.22
14.39
14.55
15.05
15.81
16.06
16.72
16.8
16.89
16.98
17.06
17.14
17.22
17.56
17.73
17.9
17.98
18.07
18.23
18.39
18.56
18.82
19.23
19.41
19.57
19.65
19.73
19.89
20.4
20.74
21.16
21.4
21.9
21.98
22.24
23.76
23.91
24.59
25.08
25.25
25.5
26.41
26.76
26.91
27.25
27.92
28.6
29.1
29.26
29.76
29.93
30.43
30.5
30.59
30.84
32.1
32.26
32.6
33.27
33.94
34.45
34.6
35.27
35.94
36.61
37.11
37.44
37.94
38.61
39.8
39.95
40.62
41.29
41.96
42.79
42.95
43.29
44.64
44.95
45.29
46.26
46.37
46.41
46.63
47.3
47.61
47.87
48.96
49.31
49.98
50.28
51.3
51.63
51.98
52.65
52.98
53.64
53.97
54.3
54.64
54.97
55.57
56.34
56.65
56.83
57.32
57.65999999999999
58.27
58.56
58.68
62.3
62.67
63.0
65.66
66.34
66.84
66.99
67.68
68.34
69.67
70.35
70.68
70.94
71.36
71.68
72.02
72.34
72.99
73.36
73.52
73.62
74.04
74.25
74.34
74.69
75.69
76.72
77.2
77.37
78.37
78.7
79.05
80.21
80.36
81.21
81.29
81.37
82.55
82.63
82.71
83.38
85.05
85.55
87.4
89.05
89.4
90.4
90.9
91.05
91.4
91.56
92.41
92.74
92.82
93.25
93.32
93.4
93.74
93.89
94.08
94.98
95.74
96.24
96.4
98.74
100.08
100.92
101.24
101.6
101.75
102.75
102.92
104.09
106.59
106.94
107.1
108.78
109.1
109.45
109.77
109.95
110.12
110.27
110.44
110.95
111.11
111.45
111.61
111.78
112.13
112.36
112.44
112.53
112.79
112.94
113.11
114.12
114.2
114.37
114.45
114.62
114.95
115.11
116.8
118.46
118.78
119.46
120.1
121.8
122.13
122.62
123.97
124.13
124.48
126.22
126.81
127.15
127.31999999999998
128.81
129.32
129.48
129.82
130.4
131.48
132.15
132.49
134.83
135.0
135.17
135.75
136.83
137.5
137.69
137.84
138.35
139.25
142.0
