0.22
4.6
4.64
4.71
4.82
4.94
5.0
5.44
5.59
5.69
5.97
6.23
6.54
7.33
8.17
8.48
8.72
8.83
8.87
8.94
9.04
9.4
9.54
9.68
9.81
10.02
10.35
10.91
11.58
12.0
12.55
13.09
13.76
14.05
14.17
15.94
16.27
16.81
16.9
17.16
17.2
17.31
17.45
34.1
34.38
34.63
34.77
34.91
36.07
37.08
37.62
38.32
38.45
38.71
39.26
39.81
40.09
40.22
40.63
40.9
41.45
44.8
44.98
45.81
46.35
47.05
47.18
48.53
48.83
48.95
49.36
49.62
51.84
52.36
72.29
106.11
106.23
106.28
106.34
106.51
106.64
106.77
106.91
107.86
108.4
108.54
108.81
108.94
109.59
110.13
112.08
112.22
112.49
112.62
112.9
113.17
113.31
114.64
116.44
116.58
117.54
117.81
119.44
120.81
120.94
121.22
121.35
121.48
121.9
122.17
124.9
125.46
125.72
125.87
125.99
126.14
126.41
126.53
126.67
126.81
127.08
127.23
127.63
127.77
128.17
128.32
128.71
128.85
129.26
129.41
129.68
129.81
129.94
130.35
130.5
130.9
131.05
131.19
131.32
131.44
131.87
131.99
132.11
132.41
132.53
132.95
134.0
