0.3
1.0
1.47
1.71
2.19
2.88
3.24
3.36
3.59
3.82
4.06
4.76
5.23
5.46
5.94
6.63
6.98
7.11
7.34
7.81
8.05
8.27
8.52
8.74
8.97
9.2
9.45
9.68
9.91
10.14
10.38
10.62
10.85
11.08
11.33
11.44
11.55
11.84
12.02
12.26
12.5
12.73
12.94
13.2
13.43
13.65
13.89
14.14
14.37
14.49
14.63
14.83
15.19
15.31
15.55
15.77
16.01
16.24
16.33
16.47
16.71
16.94
17.11
17.18
17.36
17.4
17.53
17.64
17.88
18.12
18.24
18.35
18.58
18.82
18.95
19.06
19.29
19.52
19.76
19.99
20.23
20.45
20.7
20.93
21.16
21.4
21.64
21.86
22.11
22.33
22.44
22.57
22.69
22.81
23.05
23.27
23.52
23.75
23.98
24.2
24.45
24.6
24.68
24.91
25.14
25.38
25.62
25.86
26.08
26.33
26.45
26.55
27.02
27.26
27.49
27.73
27.95
28.2
28.43
28.66
28.89
29.14
29.37
29.6
29.829999999999995
30.07
30.19
30.3
30.54
30.77
31.01
31.24
31.41
31.47
31.6
31.7
32.18
32.41
32.64
32.88
33.12
33.23
33.35
33.59
33.83
33.94
34.05
34.3
34.52
34.76
35.23
35.45
35.69
35.92
36.03
36.15
36.34
36.4
36.56
36.63
36.99
37.11
37.33
37.57
37.69
37.8
38.04
38.27
38.51
38.74
38.92
38.97
39.2
39.68
39.91
40.14
40.39
40.62
40.73
40.85
41.08
41.32
41.44
41.55
41.79
42.01
42.26
42.45
42.49
42.66
42.72
42.96
43.19
43.38
43.43
43.52
43.62
43.89
44.14
44.26
44.37
44.6
44.83
45.07
45.19
45.3
45.77
45.97
46.02
46.24
46.48
46.71
46.93
47.18
47.33
47.41
47.64
47.88
48.01
48.12
48.25
48.35
48.53
48.58
48.75
48.94
49.05
49.52
49.77
49.94
50.23
50.34
50.46
50.69
50.92
51.04
51.15
51.39
51.63
51.98
52.02
52.1
52.33
52.56
52.69
52.8
52.96
53.04
53.27
53.51
54.21
54.43
54.68
54.77
54.90999999999999
55.14
55.38
55.49
55.58
55.76
55.86
56.08
56.32
56.44
56.55
56.69
57.02
57.26
57.48
57.72
57.95
58.43
58.65
58.89
59.13
59.29
59.36
59.6
59.82
60.06
60.32
60.38
60.47
60.73
61.01
61.21
61.35
61.47
61.7
61.96
62.18
62.4
62.64
62.88
63.12
63.24
63.36
63.59
63.83
63.95
64.05
64.52
64.76
64.99
65.23
65.45
65.7
65.93
66.16
66.39
66.64
66.87
66.95
67.0
67.11
67.33
67.56
67.69
67.81
67.89
68.04
68.27
68.43
68.51
68.74
68.98
69.2
69.44
69.68
69.91
70.14
70.38
70.62
70.86
71.08
71.33
71.44
71.55
71.92
72.02
72.26
72.49
72.73
72.95
73.43
73.65
73.8
73.89
74.14
74.37
74.6
74.83
75.07
75.19
75.3
75.45
75.5
75.54
75.77
76.01
76.24
76.42
76.47
76.7
76.86
77.18
77.41
77.58
77.64
77.88
78.12
78.23
78.35
78.59
78.83
78.94
79.05
79.52
79.76
80.23
80.45
80.69
80.92
81.15
81.34
81.4
81.56
81.63
81.87
81.98
82.1
82.33
82.69
82.8
83.04
83.27
83.51
83.74
83.93
84.2
84.68
84.91
85.14
85.39
85.62
85.73
85.85
86.08
86.32
86.44
86.55
86.79
87.02
87.26
87.49
87.65
87.72
87.96
88.19
88.38
88.43
88.52
88.65
88.89
89.14
89.25
89.37
89.48
89.61
89.83
90.07
90.19
90.3
90.55
90.77
91.01
91.48
91.71
91.94
92.18
92.4
92.55
92.64
92.85
93.03
93.11
93.24
93.35
93.59
93.76
93.94
94.05
94.52
94.76
94.93
95.14
95.23
95.33
95.46
95.68
95.92
96.01
96.15
96.39
96.52
96.63
96.99
97.1
97.33
97.56
97.69
97.81
98.05
98.24
98.28
98.52
98.75
98.99
99.21
99.47
99.69
99.82
99.92
100.05
100.15
100.38
100.62
100.72
100.86
101.09
101.33
101.45
101.56
101.79
101.92
102.03
102.27
102.5
102.61
102.74
102.96
103.2
103.44
103.67
103.9
104.15
104.38
104.61
104.84
105.08
105.2
105.31
105.54
105.78
105.91
106.01
106.25
106.49
106.71
106.95
107.19
107.42
107.55
107.65
107.9
108.13
108.25
108.31
108.36
108.49
108.59
108.83
108.95
109.07
109.43
109.53
109.76
110.0
110.24
110.47
110.71
110.94
111.16
111.4
111.64
111.88
112.11
112.34
112.59
112.64
114.85
