4.3
4.54
5.93
6.74
6.94
7.15
7.34
7.56
7.97
8.18
8.37
8.58
8.78
8.99
9.19
9.4
9.6
9.81
10.0
10.2
10.41
10.52
10.82
11.03
11.23
11.43
11.63
11.74
11.83
12.05
12.15
12.25
12.4
12.46
12.67
12.86
13.09
13.28
13.49
13.68
13.78
13.89
14.09
14.5
15.31
15.72
16.13
16.34
16.54
16.94
17.76
18.58
18.99
19.39
19.8
20.21
20.42
20.63
21.02
21.43
21.84
22.26
22.66
23.06
23.48
23.69
23.89
24.28
24.51
24.7
24.81
25.11
25.41
25.53
25.72
25.81
25.92
26.13
26.23
26.33
26.54
26.64
26.74
26.94
27.14
27.36
27.46
27.56
27.76
27.97
28.17
28.37
28.579999999999995
28.78
28.99
29.19
29.4
29.6
29.8
30.01
30.21
30.41
30.62
30.829999999999995
31.03
31.23
31.44
31.64
31.85
32.05
32.26
32.46
32.86
33.07
33.27
33.48
33.68
33.89
34.09
34.3
34.49
34.6
34.7
34.9
35.11
35.31
35.52
35.72
35.93
36.13
36.33
36.54
36.75
36.94
37.15
37.36
37.76
37.97
38.17
38.38
38.58
38.89
38.99
39.19
39.4
39.49
39.59
39.81
40.01
40.11
40.22
41.44
41.84
42.25
42.45
42.66
43.07
43.47
43.88
44.09
44.3
44.69
45.11
45.52
45.72
45.92
46.03
46.33
46.54
46.73
46.94
47.15
47.36
47.76
47.97
48.37
48.58
48.78
48.87
48.99
49.18
49.4
49.6
49.8
50.01
50.41
50.62
50.72
50.82
51.02
51.23
51.64
52.05
52.46
52.55
52.66
52.75
52.87
53.06
53.26
53.49
53.58
53.69
53.89
54.09
54.28
54.49
54.59
54.73
54.81
54.86
54.90999999999999
55.31
55.53
55.72
55.92
56.13
56.54
56.64
56.74
56.94
57.05
57.15999999999999
57.36
57.77
57.98
58.18
58.48
58.57
58.68
58.79
58.98
59.4
59.5
59.7
59.8
60.11
60.21
60.42
60.52
60.62
61.03
61.23
61.43
61.84
61.95
62.05
62.25
62.65999999999999
62.87
63.07
63.28
63.47
63.65
63.88
64.09
64.19
64.3
64.4
64.7
64.91
65.0
65.11
65.32
65.44
65.64
65.73
65.93
66.02
66.14
66.33
66.55
66.95
67.05
67.15
67.35
67.56
67.77
67.96
68.28
68.37
68.59
68.79
68.98
69.08
69.19
69.4
69.6
69.81
70.01
70.21
70.42
70.82
70.91
71.04
71.22
71.44
71.55
71.64
71.85
72.05
72.46
72.86
73.07
73.48
73.58
73.68
73.78
73.89
74.09
74.28
74.49
74.9
75.31
75.72
75.92
76.13
76.44
76.54
76.75
76.94
77.16
77.25
77.36
77.45
77.56
77.76
77.97
78.17
78.37
78.48
78.58
78.69
78.79
78.98
79.19
79.39
79.8
80.01
80.11
80.21
80.42
80.63
80.83
81.03
81.44
81.65
82.25
82.67
83.07
83.79
83.89
84.09
84.29
84.5
84.7
84.91
85.52
85.61
85.73
85.93
86.34
86.74
87.05
87.15
87.56
88.17
88.78
90.01
90.42
90.83
91.44
92.05
94.69
