1.68
2.47
2.56
3.43
3.52
4.27
5.03
5.21
5.6
6.36
6.74
6.93
7.12
7.88
8.28
8.45
8.64
9.02
9.33
9.4
9.78
9.97
10.16
10.35
11.1
11.48
11.68
12.44
12.62
13.0
13.2
13.38
13.76
14.14
14.52
14.71
14.91
15.09
15.47
15.66
15.86
16.05
16.32
16.42
16.79
17.18
17.56
17.75
18.32
18.7
19.08
19.27
19.36
19.64
19.84
20.03
20.22
20.41
20.61
20.98
21.35
21.55
21.74
22.11
22.48
22.69
22.88
23.06
23.25
23.64
23.84
24.4
24.97
25.06
25.15
25.35
25.42
25.62
25.74
25.82
25.91
26.11
26.68
27.46
27.66
27.74
28.05
28.11
28.2
28.28
28.39
28.48
28.579999999999995
28.95
29.329999999999995
29.72
30.09
30.47
30.85
31.05
31.23
31.42
31.99
32.38
32.75
32.95
33.51
33.7
33.89
33.99
34.27
34.46
34.85
35.03
35.4
35.79
35.98
36.37
36.55
36.92
37.04
37.31
37.5
38.07
38.46
38.83
39.96
40.16
40.34
40.71
40.92
41.01
41.26
41.3
41.47
41.68
41.77
42.01
42.06
42.44
42.62
42.81
43.01
43.19
43.56
43.75
43.95
44.14
44.33
44.71
45.09
45.47
45.65
45.85
46.23
46.33
46.42
46.61
46.8
46.99
47.14
47.38
47.76
47.91
48.13
48.4
48.53
48.89
49.09
49.27
49.46
49.64
50.41
50.79
50.97
51.17
51.55
51.93
52.31
52.5
52.69
52.87
53.26
53.45
53.65
54.02
54.21
54.59
54.78
54.97
55.15999999999999
55.54
55.73
55.92
56.11
56.3
56.68
56.88
57.06
57.63
57.81
58.01
58.58
58.76
58.95
59.15
59.33
59.53
59.71
60.09
60.28
60.67
60.85
61.05
61.43
61.62
61.81
62.1
62.19
62.31
62.37
62.56
62.76
62.94
63.14
63.32
63.51
63.71
63.9
64.09
64.19
64.47
64.57
64.65
64.85
64.93
65.01
65.41
65.6
65.78
66.16
66.37
66.93
67.12
67.31
67.69
67.88
68.83
69.21
69.59
69.78
69.97
70.16
70.34
70.72
70.92
71.1
71.49
71.86
72.06
72.24
72.44
72.62
73.01
73.2
73.38
73.76
73.96
74.53
74.91
75.28
75.48
75.66
75.86
76.05
76.15
76.25
76.34
76.63
76.72
76.82
77.18
77.75
77.95
78.13
78.32
78.52
78.71
79.08
79.27
79.47
79.65
79.85
80.03
80.41
80.99
81.17
81.37
81.93
82.31
82.5
82.69
82.88
83.06
83.26
83.46
83.83
84.03
84.2
84.39
84.59
84.78
84.97
85.15
85.35
85.54
85.73
85.92
86.11
86.49
86.68
86.86
87.06
87.24
87.44
87.62
88.01
88.19
88.38
88.58
88.77
88.95
89.14
89.33
89.43
89.91
90.1
90.47
90.67
91.23
91.62
91.89
91.99
92.18
92.27
92.56
92.75
93.13
93.51
93.71
94.04
94.27
94.46
94.65
95.03
95.78
95.98
96.17
96.45
96.55
96.75
97.31
98.0
98.07
98.26
98.34
98.71
98.82
99.02
99.59
99.78
100.16
100.34
100.54
100.82
101.09
101.3
110.59
