0.1
1.17
1.28
1.39
1.51
1.63
1.74
1.85
2.31
2.42
3.13
3.23
3.36
3.59
3.7
4.85
4.96
5.08
5.43
5.55
5.9
6.0
6.35
6.46
14.55
15.93
16.04
16.26
16.37
16.59
16.96
17.3
17.52
17.73
17.99
18.23
18.44
18.66
19.3
19.38
19.71
19.84
19.94
20.05
20.29
20.55
20.65
20.99
21.21
21.47
21.68
21.91
22.13
23.29
23.41
23.54
23.64
23.74
23.97
24.25
24.34
24.46
24.66
24.79
24.9
25.38
25.56
25.69
26.54
26.76
27.0
27.34
27.44
27.56
28.04
28.19
28.38
29.079999999999995
30.45
30.69
30.81
30.92
31.37
31.73
32.77
33.92
34.15
34.4
34.5
34.83
34.96
35.3
35.43
35.75
35.98
37.62
37.82
38.2
38.31
38.53
38.66
38.75
39.12
39.45
39.92
40.15
41.47
41.78
41.89
42.22
43.15
44.76
45.14
45.35
45.69
46.03
46.38
46.51
46.62
46.74
46.93
47.08
47.28
47.43
47.53
47.74
47.87
47.97
48.35
48.46
48.55
48.7
49.39
49.54
49.74
51.47
53.07
54.46
54.65999999999999
54.74
54.81
57.65999999999999
59.15
59.64
60.1
60.69
60.84
61.15
61.38
61.72
62.54
63.24
63.47
63.57
63.68
63.9
64.37
64.53
64.61
64.75
65.08
65.76
65.89
66.0
66.23
66.63
68.07
68.78
69.11
69.69
70.15
74.63
74.76
74.84
75.01
75.23
75.46
75.69
76.15
76.62
77.08
77.31
77.46
77.77
78.0
78.23
78.46
78.69
78.81
78.92
79.16
79.61
79.83
80.07
80.3
81.35
81.45
81.7
81.95
82.16
82.97
83.08
83.99
85.85
86.55
88.71
89.65
89.89
90.0
90.21
90.48
90.69
91.15
91.38
91.51
91.62
91.74
91.84
91.98
92.09
92.42
94.4
94.62
94.85
94.96
95.07
97.03
97.17
97.46
97.97
98.56
98.88
99.0
99.23
99.7
99.78
100.4
100.73
100.86
100.98
101.09
102.0
102.15
102.93
109.46
109.51
109.55
109.59
109.63
109.67
109.71
109.75
109.79
109.83
109.87
109.91
109.95
109.99
110.03
110.09
110.13
110.17
110.21
110.25
110.29
110.33
110.37
110.39
