0.24
0.96
1.32
1.41
1.46
1.65
1.7
2.42
2.66
2.9
3.39
3.63
3.87
3.99
4.84
5.33
5.56
5.82
6.29
6.53
6.77
7.25
7.37
7.5
7.75
7.86
7.99
8.47
8.72
9.19
9.43
10.16
10.4
10.64
11.12
11.37
11.61
11.74
11.86
12.1
12.34
12.55
12.59
13.31
15.24
16.19
16.68
17.16
17.65
18.04
18.14
18.63
18.85
19.11
19.35
19.59
19.77
19.83
20.08
20.55
21.03
21.52
21.77
22.0
22.25
22.48
22.73
22.96
23.46
23.94
24.2
24.32
24.42
24.82
24.9
25.39
25.64
25.69
25.74
25.88
26.1
26.85
27.1
27.329999999999995
27.81
28.07
28.3
28.78
29.02
29.27
29.52
29.74
29.98
30.23
30.47
30.71
31.64
31.69
32.43
32.65
32.91
33.06
33.14
33.39
33.62
34.1
34.36
34.84
35.07
35.55
35.92
36.04
36.52
37.01
37.26
37.48
37.71
37.96
38.21
38.45
39.44
39.83
40.41
40.9
41.35
42.34
42.59
43.07
43.31
43.71
43.81
44.27
45.24
45.62
45.74
45.97
46.22
46.98
47.28
47.44
48.43
48.55
48.64
49.28
50.09
50.59
51.06
51.34
51.44
51.83
51.88
52.01
53.49
53.95
54.08
54.43
54.67
54.92
56.29
56.4
56.6
56.83
56.87
58.33
58.81
59.08
59.29
60.0
60.48
60.63
61.0
63.14
63.44
63.62
63.75
63.88
64.36
64.84
65.09
65.34
65.6
65.7
65.83
65.98
66.04
66.32
66.47
66.8
67.02
67.15
67.27
67.48
67.75
67.98
68.1
68.23
68.47
68.73
69.11
69.18
69.32
69.62
69.71
70.06
70.1
70.18
70.41
70.66
71.14
71.39
71.86
72.12
72.36
72.75
72.84
72.99
73.09
74.11
74.51
75.73
75.85
76.19
76.63
77.06
77.16
77.33
77.58
78.16
79.12
79.83
80.08
80.57
80.83
81.05
81.29
81.42
81.58
82.01
82.75
83.39
83.48
83.92
84.35
84.82
84.9
85.39
85.9
86.17
87.11
87.25
87.35
87.41
88.57
88.8
89.16
89.54
89.77
90.02
90.14
91.11
91.23
91.95
92.67
93.05
93.17
93.42
93.5
93.65
94.03
94.29
94.47
94.57
94.62
94.84
95.33
96.31
96.67
96.78
96.9
97.06
97.25
97.42
97.5
97.75
98.48
98.73
98.87
98.96
99.2
99.45
99.69
99.84
100.29
100.37
100.42
100.67
100.91
101.38
101.66
102.13
102.82
102.86
103.09
103.24
103.33
103.48
103.69
103.81
104.04
104.28
104.51
104.64
104.77
105.48
105.73
105.98
106.22
106.62
106.72
106.94
107.19
107.43
107.56
107.68
107.92
108.15
108.34
108.42
108.66
109.13
109.86
110.11
111.06999999999998
111.56
111.8
111.92
112.27
112.37
112.51
112.74
113.22
113.37
113.48
113.72
113.95
114.19
114.36
114.46
114.68
114.94
115.18
115.26
115.3
115.66
115.89
116.16
116.26
116.4
116.87
117.06
117.14
117.36
117.85
118.2
118.43
118.79
119.36
119.5
119.65
119.75
119.84
120.48
120.59
120.73
120.96
121.45
121.69
121.94
122.06
122.66
122.92
123.39
123.62
124.36
124.6
124.84
125.31999999999998
125.56999999999998
125.81
125.92
126.06
126.78
127.23
127.5
128.23
128.47
128.71
129.19
129.44
129.68
129.92
130.18
130.41
130.59
130.66
131.37
131.85
139.1
