1.31
1.49
2.96
3.22
3.31
3.38
3.72
4.06
4.24
4.41
4.94
5.11
5.45
5.79
5.97
6.03
6.13
6.21
6.32
6.41
6.49
6.65
6.82
7.7
7.85
8.53
8.89
9.09
9.24
9.42
9.58
9.93
10.27
10.62
10.79
10.96
11.14
11.3
11.48
11.65
11.74
11.83
11.91
12.0
13.03
13.37
13.71
13.9
14.07
14.24
14.41
14.76
14.93
15.1
15.44
15.97
16.14
16.31
16.48
16.83
17.01
17.17
17.25
17.34
17.44
17.6
17.69
17.77
17.85
18.9
19.24
19.59
19.93
20.28
20.97
21.31
21.48
21.65
21.99
22.69
23.72
24.07
24.75
25.1
25.56
25.63
25.79
25.96
26.13
26.48
26.83
27.17
27.34
27.69
27.86
28.55
28.89
29.24
29.59
29.88
30.1
30.45
30.79
30.97
31.13
31.31
31.49
31.65
32.34
32.68
32.86
33.2
33.37
33.55
33.72
33.81
34.07
34.16
34.41
34.93
35.1
35.72
35.79
35.97
36.14
36.31
36.48
37.17
37.36
37.51
37.69
37.85
38.04
38.56
38.89
39.23
39.58
39.92
40.44
40.61
40.97
41.31
41.83
42.0
42.35
42.68
42.87
43.03
43.21
43.37
43.55
43.72
43.9
44.06
44.24
44.41
44.76
44.93
45.1
45.27
45.44
45.63
45.79
46.13
46.31
46.48
46.65
47.0
47.17
47.34
47.69
47.86
48.03
48.2
48.38
48.54
48.72
48.89
49.07
49.24
49.4
49.58
49.93
50.27
50.62
50.91
51.31
51.66
52.0
52.17
52.52
52.69
53.04
53.31
53.38
53.56
53.73
54.06
54.59
54.75
54.93
55.44
55.79
56.48
56.82
57.17
57.52
57.7
57.86
58.04
58.2
58.55
58.9
59.24
59.58
59.93
60.62
60.72
60.96
61.31
61.84
62.01
62.18
62.33
62.52
62.87
63.04
63.55
64.26
64.59
64.76
65.1
65.2
65.28
65.45
65.62
65.8
65.97
66.48
66.83
67.17
67.52
67.7
67.86
68.04
68.38
68.73
69.06
69.24
69.93
70.28
70.61
70.97
71.31
71.48
71.99
72.17
72.34
72.52
72.69
72.86
73.03
73.22
73.37
73.55
73.73
73.91
74.07
74.24
74.41
74.6
74.76
75.44
75.64
75.79
76.13
76.83
77.16
77.52
77.7
77.86
78.04
78.13
78.2
78.55
78.73
78.89
79.07
79.42
79.58
79.93
80.27
80.45
80.54
80.61
82.68
83.72
84.06
84.25
84.41
84.75
84.94
85.1
85.28
85.45
85.79
85.98
86.14
86.31
86.64
86.83
87.52
87.69
87.86
88.04
88.38
88.89
89.25
89.76
89.92
90.27
90.46
90.62
90.78
90.96
91.3
91.49
91.65
92.0
92.17
92.34
92.69
93.31
93.56
94.06
94.17
94.59
94.75
94.93
95.1
95.27
95.44
96.14
96.31
96.47
96.65
96.82
97.16
97.87
98.03
98.21
98.55
98.72
98.9
99.08
99.58
99.93
100.8
100.96
101.66
102.0
102.34
102.69
102.86
102.98
103.72
103.91
104.06
104.41
104.59
104.75
105.09
105.29
105.79
105.98
106.14
106.48
107.17
107.51
112.8
