0.01
0.05
0.09
0.13
0.17
0.29
1.69
1.73
1.8
1.9
2.19
2.84
2.91
2.99
5.52
6.46
7.29
10.23
10.47
11.17
11.25
13.53
16.83
18.51
18.74
18.97
19.2
19.8
19.91
20.21
20.25
20.62
20.86
21.31
21.56
21.79
21.92
22.01
22.51
22.75
23.12
23.22
23.46
23.69
23.93
24.04
24.4
24.53
24.78
24.87
25.83
26.05
26.29
26.93
27.0
27.24
27.47
27.79
27.94
28.18
28.42
28.66
28.89
29.12
29.36
29.84
30.06
30.31
30.4
30.44
30.68
30.78
31.02
31.26
31.38
31.61
31.96
32.19
33.14
33.62
33.86
34.09
34.8
35.02
35.39
35.5
35.62
35.75
35.97
36.21
36.45
36.92
37.39
37.87
38.34
38.58
39.18
39.53
39.76
39.97
40.47
40.69
40.98
41.17
41.41
41.63
41.87
41.98
42.36
42.58
42.95
43.05
43.3
43.53
44.0
44.48
44.96
45.42
45.9
46.14
46.37
46.61
47.33
47.54
48.26
48.73
48.97
49.21
49.41
49.61
49.92
50.14
50.62
50.86
51.09
51.32
52.03
52.39
52.51
52.76
52.99
53.21
53.7
53.85
54.17
54.28
54.64
54.88
55.34
55.58
55.82
56.05
56.29
56.53
56.75
57.48
57.71
58.17
58.42
58.65
59.12
59.6
59.84
60.0
60.08
60.19
60.54
61.49
63.85
64.09
64.31
65.04
65.25
66.21
66.45
66.68
66.8
66.91
67.15
67.39
67.62
67.87
68.11
68.34
68.58
68.65
68.8
69.28
69.38
69.62
70.93
71.41
71.65
71.88
72.12
72.21
72.45
72.56
72.6
72.82
73.77
74.24
74.48
74.72
75.18
75.42
75.65
75.91
76.13
76.26
76.37
76.6
76.85
76.97
77.31
77.55
77.66
77.79
78.5
79.11
79.68
80.15
80.37
81.1
81.33
81.57
81.79
81.93
82.04
82.27
82.49
82.74
82.99
83.22
83.46
83.94
84.53
85.11
85.59
85.81
86.04
86.44
86.52
87.0
87.24
87.71
88.26
88.41
88.64
89.12
89.6
90.31
90.54
90.78
91.01
91.25
91.48
91.72
92.08
92.43
92.67
92.91
94.98
95.02
95.18
100.58
100.63
100.67
100.71
100.75
100.79
100.83
100.87
100.91
100.95
100.99
101.03
101.07
101.11
101.15
101.19
101.23
101.27
101.31
101.35
101.39
101.43
101.47
101.51
101.55
101.59
101.63
101.67
101.71
101.75
101.79
101.83
101.87
101.91
101.95
101.99
102.03
102.07
102.11
102.15
102.19
102.23
102.27
102.31
102.35
102.39
102.43
102.47
102.51
102.55
102.59
102.63
102.67
102.71
102.75
102.79
102.83
102.87
102.91
102.95
102.99
103.03
103.07
103.11
103.15
103.19
103.23
103.27
103.31
103.35
103.39
103.43
103.47
103.51
103.55
103.59
