0.21
0.36
0.67
1.28
1.61
1.92
2.25
2.53
2.87
3.17
3.5099999999999993
3.78
4.11
4.42
5.03
5.21
5.36
5.67
6.0
6.28
6.61
6.92
7.25
7.53
7.87
8.17
8.51
8.78
9.11
9.42
10.04
10.21
10.36
10.67
11.28
11.61
11.92
12.25
12.87
13.17
13.78
14.11
14.42
15.03
15.36
15.67
16.0
16.28
16.61
16.92
17.25
17.53
17.87
18.17
18.51
18.79
19.13
19.28
19.42
19.5
20.05
20.35
20.66
20.75
21.6
21.81
21.92
22.11
22.41
22.54
22.6
22.73
22.85
23.07
23.16
23.25
23.69
23.77
23.9
24.0
24.11
24.31
24.42
24.5
24.72
25.04
25.35
25.46
25.67
25.75
25.88
26.19
26.27
26.44
26.5
26.56
26.61
26.81
26.92
27.0
27.41
27.54
27.6
27.73
27.85
28.16
28.25
28.39
28.69
28.77
28.9
29.0
29.11
29.31
29.42
29.5
29.73
29.82
30.04
30.35
30.66
30.75
31.6
31.81
31.92
32.0
32.11
32.42
32.55
32.6
32.73
32.85
33.07
33.16
33.25
33.69
33.9
34.0
34.11
34.32
34.42
34.5
34.72
35.04
35.35
35.46
35.67
35.75
35.88
36.19
36.27
36.45
36.5
36.56
36.61
36.81
36.92
37.0
37.41
37.54
37.6
37.73
37.85
38.16
38.25
38.38
38.52
38.69
38.77
38.9
39.0
39.1
39.31
39.42
39.5
39.6
39.73
39.82
40.04
40.27
40.67
41.19
41.29
41.55
41.8
41.88
41.92
42.12
42.23
42.44
42.55
43.17
43.79
44.31
44.42
44.73
44.94
45.04
45.68
45.73
46.09
46.3
46.92
47.23
47.44
47.55
47.75
47.96
48.17
48.38
48.59
48.68
48.79
49.0
49.1
49.21
49.42
49.63
49.84
50.04
50.35
50.67
50.97
51.19
51.3
51.55
51.8
51.92
52.44
52.55
52.85
53.17
53.59
53.71
53.8
54.05
54.31
54.42
54.48
54.94
55.04
55.36
55.68
55.73
56.09
56.21
56.3
56.52
56.61
56.81
56.92
56.98
57.44
57.54
57.86
57.95
58.06
58.17
58.57
58.8
59.01
59.11
59.31
59.42
59.5
59.75
59.83
59.87
60.04
60.36
60.67
61.29
61.61
61.92
62.55
62.86
63.17
63.79
64.11
64.42
65.05
65.36
65.67
66.29
66.61
66.92
67.54
67.86
68.17
68.79
69.1
69.42
69.75
69.94
70.04
70.36
70.67
71.29
71.58
71.88
71.92
72.54
72.86
73.17
73.79
74.11
74.38
74.42
75.05
75.36
75.67
76.29
76.57
76.88
76.92
77.54
77.85
78.17
78.79
79.11
79.42
79.5
80.04
80.36
80.67
80.76
81.6
81.81
81.92
82.0
82.11
82.41
82.54
82.6
82.73
82.85
82.93
83.09
83.17
83.25
83.55
83.69
83.77
83.9
84.0
84.1
84.31
84.42
84.5
84.72
84.97
85.04
85.35
85.46
85.67
85.88
86.19
86.28
86.44
86.5
86.56
86.61
86.81
86.92
87.0
87.41
87.54
87.6
87.72
87.86
88.17
88.25
88.38
88.53
88.69
88.77
88.9
89.0
89.1
89.31
89.41
89.51
90.04
90.24
90.67
91.6
91.81
91.92
92.0
92.16
92.32
92.39
92.54
92.73
92.85
93.07
93.16
93.25
93.29
93.42
93.47
93.54
93.6
93.69
93.77
93.9
94.0
94.11
94.32
94.42
94.5
94.73
94.97
95.04
95.35
95.46
95.67
96.19
96.27
96.44
96.5
96.56
96.61
96.81
96.92
97.0
97.41
97.54
97.6
97.64
97.76
97.82
97.89
97.95
98.16
98.25
98.69
98.77
98.9
99.0
99.11
99.15
99.26
99.35
99.42
99.5
100.04
100.35
100.66
101.31
101.6
101.81
101.92
102.0
102.11
102.41
102.55
102.6
102.73
102.85
103.07
103.17
103.25
103.69
103.9
104.0
104.11
104.31
104.42
104.5
104.72
105.04
105.35
105.46
105.67
105.75
105.87
106.19
106.27
106.45
106.5
106.56
106.61
106.81
106.92
107.0
107.41
107.54
107.6
107.73
107.85
108.16
108.25
108.38
108.52
108.69
108.77
108.9
109.0
109.1
109.31
109.42
109.5
109.6
109.73
109.81999999999998
110.04
110.35
110.66
110.75
111.3
111.59
111.81
111.92
112.11
112.42
112.55
112.6
112.73
112.85
113.08
113.17
113.25
113.69
113.77
113.9
114.0
114.11
114.31
114.42
114.5
114.72
115.04
115.35
115.46
115.67
115.75
115.87
116.19
116.27
116.45
116.5
116.56
116.61
116.81
116.92
117.0
117.41
117.54
117.6
117.73
117.85
118.16
118.25
118.38
118.52
118.69
118.77
118.9
119.0
119.1
119.31
119.42
119.5
120.17
121.58
121.64
121.84
122.53
122.73
122.84
127.0
