0.02
0.31
1.8
2.39
3.11
3.31
3.35
3.43
3.5
3.64
3.69
3.8
3.92
3.97
4.08
5.07
5.21
5.89
6.21
6.41
6.55
6.97
7.04
7.09
7.6
7.9
8.26
8.33
8.6
8.94
9.38
9.88
10.33
10.65
11.67
12.03
12.37
12.56
12.7
12.74
12.98
13.09
13.24
13.73
14.37
14.43
14.67
14.86
14.96
15.039999999999997
15.45
16.14
16.45
16.67
16.83
16.99
17.17
17.26
17.34
17.51
17.83
18.2
18.38
18.53
18.88
19.23
19.4
19.57
19.91
20.6
20.94
21.28
21.98
23.27
23.61
23.66
23.86
24.24
24.35
32.94
34.31
36.37
38.77
52.4
52.48
52.69
53.09
53.17
53.51
55.56
55.9
55.99
56.17
56.26
56.71
56.76
57.11
57.63
58.46
59.17
59.25
60.13
60.37
60.47
60.81
61.04
61.15
61.57
61.65
61.73
62.36
62.76
62.96
63.38
65.11
66.97
67.16
68.6
70.82
73.42
73.5
74.41
74.62
74.66
74.82
75.11
75.16
75.27
75.39
75.97
76.55
77.03
77.2
77.33
77.52
77.61
77.7
77.86
78.2
78.35
78.54
78.66
78.89
79.21
79.57
79.91
80.25
80.6
80.78
81.16
81.38
81.47
81.61
81.9
81.95
82.13
82.21
82.31
82.99
83.34
83.41
83.67
83.88
84.03
84.21
84.71
85.65
85.74
85.99
86.09
86.36
86.77
87.45
87.54
87.99
88.13
88.22
88.49
88.66
88.82
89.01
89.13
89.51
89.69
90.81
91.84
92.26
93.63
94.23
94.55
94.93
94.97
95.21
95.59
95.84
102.8
102.88
107.86
109.24
113.85
114.19
118.9
121.74
132.71
139.16
139.5
139.74
139.82
140.6
141.28
141.63
141.96
142.31
142.65
143.0
145.54
145.58
