0.18
0.27
0.59
0.67
0.81
1.08
1.36
1.56
1.63
1.76
1.9
2.17
2.45
2.77
2.85
2.99
3.26
3.54
3.73
3.81
3.88
4.09
4.35
4.63
4.95
5.03
5.17
5.44
5.64
5.72
5.92
5.99
6.12
6.27
6.53
6.81
7.13
7.21
7.35
7.62
7.81
7.9
8.1
8.71
8.99
9.4
9.54
9.81
10.0
10.09
10.28
10.36
10.49
10.63
10.9
11.17
11.5
11.58
11.72
11.98
12.13
12.18
12.27
12.46
12.55
12.61
12.81
12.88
12.95
13.07
13.27
13.36
13.76
13.9
14.17
14.36
14.45
14.64
14.72
14.85
14.99
15.26
15.4
15.53
15.94
16.08
16.35
16.55
16.63
16.76
16.9
17.04
17.17
17.68
17.73
17.85
18.0
18.14
18.26
18.4
18.54
18.77
18.94
19.17
19.22
19.35
19.49
19.63
19.9
20.03
20.44
20.58
20.72
20.85
21.13
21.25
21.4
21.54
21.69
21.81
22.21
22.62
22.76
22.9
23.31
23.59
23.72
23.85
23.99
24.4
24.81
24.94
25.08
25.17
25.36
25.49
25.57
25.7
25.77
25.87
26.04
26.17
26.46
26.58
26.86
26.99
27.13
27.27
27.49
27.54
27.67
27.95
28.079999999999995
28.22
28.36
28.49
28.579999999999995
28.76
29.17
29.31
29.45
29.72
29.85
29.93
30.079999999999995
30.27
30.53
30.81
30.94
31.35
31.63
31.78
31.91
32.03
32.32
32.44
32.58
32.72
33.0
33.12
33.53
33.67
33.81
34.08
34.51
34.57
34.65
34.77
35.31
35.46
35.59
35.71
35.84
35.99
36.21
36.27
36.4
36.63
36.68
36.81
36.94
37.09
37.49
37.9
38.03
38.17
38.34
38.45
38.56
38.75
38.86
38.96
39.14
39.26
39.67
39.95
40.08
40.21
40.35
40.51
40.64
40.76
41.17
41.31
41.45
41.85
42.26
42.4
42.54
42.63
42.81
42.95
43.02
43.16
43.23
43.32
43.49
43.61
44.03
44.17
44.44
44.57
44.72
44.95
45.0
45.12
45.53
45.67
45.81
46.09
46.22
46.36
46.5
46.63
46.76
46.9
47.03
47.17
47.3
47.38
47.53
47.72
47.87
47.99
48.4
48.81
48.94
49.08
49.36
49.49
49.9
50.03
50.18
50.58
50.73
50.86
50.99
51.12
51.27
51.53
51.67
51.96
52.1
52.24
52.59
52.64
52.77
52.95
53.04
53.17
53.36
53.46
53.66
53.73
53.8
53.85
54.34
54.49
54.54
54.74
54.81
55.15
55.36
55.64
55.90999999999999
55.95
56.04
56.23
56.31
56.43
56.72
57.13
57.71
58.78
59.32
60.0
60.40999999999999
60.68
60.82
60.95
61.09
61.5
61.9
62.15999999999999
62.58
63.27
63.68
64.09
64.77
65.45
68.72
69.13
69.27
69.48
69.6
69.81
69.95
70.04
70.08
70.22
70.38
70.46
70.5
70.59
70.9
71.05
71.15
71.24
71.66
72.0
72.14
72.29
72.36
72.41
72.54
72.69
72.76
72.81
73.08
73.36
73.5
73.63
74.11
74.19
74.32
74.42
74.59
74.84
75.27
75.54
75.61
75.94
76.07
76.22
76.36
76.63
76.76
76.98
77.18
77.38
77.65
77.86
78.1
78.27
78.4
78.54
78.67
78.75
78.83
78.89
78.94
79.09
79.16
79.36
79.61
79.86
80.04
80.27
80.33
80.4
80.46
80.53
80.59
80.67
80.72
80.86
80.93
81.0
81.08
81.13
81.27
81.34
81.43
81.54
81.67
81.78
82.22
82.63
83.03
83.11
83.18
83.31
83.45
83.72
83.85
84.0
84.13
84.4
84.67
84.82
84.95
85.09
85.22
85.37
85.49
85.63
85.91
86.04
86.17
86.58
86.72
86.86
87.13
87.26
87.4
87.63
87.68
87.82
87.98
88.09
88.35
88.5
88.59
88.64
88.77
89.17
89.32
89.45
89.58
89.66
89.72
89.81
89.85
90.0
90.07
90.16
90.27
90.4
90.53
90.77
90.94
91.18
91.22
91.35
91.63
91.77
91.84
92.03
92.16
92.68
92.72
93.13
93.42
93.54
93.68
93.81
94.1
94.17
94.22
94.35
94.5
94.64
94.77
94.9
95.31
95.72
95.86
95.99
96.14
96.22
96.28
96.41
96.64
96.69
96.8
97.08
97.22
97.43
97.78
97.84
97.9
98.1
98.19
98.32
98.46
98.54
98.59
98.72
98.84
98.95
98.99
99.27
99.53
99.68
99.81
100.21
100.29
100.36
100.49
100.58
100.62
100.77
101.01
101.44
101.72
102.12
102.27
102.4
102.54
102.68
102.8
102.95
103.16
103.36
103.56
103.83
104.04
104.17
104.25
104.31
104.38
104.72
104.99
105.13
105.27
105.34
105.5
105.54
105.77
105.81
106.22
106.45
106.49
106.58
106.64
106.72
106.78
106.85
106.9
107.04
107.19
107.31
107.46
107.53
107.72
107.99
108.4
108.81
108.87
109.29
109.49
109.63
109.91
110.13
110.17
110.58
110.88
110.99
111.13
111.26
111.67
111.81
112.09
112.22
112.36
112.76
112.9
113.04
113.17
113.31
113.45
113.58
113.73
113.8
113.86
114.0
114.06999999999998
114.15
114.27
114.5
114.54
114.81999999999998
115.09
115.36
115.51
115.63
115.84
116.04
116.19
116.26
116.34
116.45
116.71
117.12
117.37
117.49
117.54
117.68
117.95
118.91
119.31
119.6
119.65
119.72
119.86
119.99
120.13
120.28
120.4
120.54
120.81999999999998
120.95
121.08
121.49
121.94
122.72
125.93
