0.43
1.3
1.51
1.72
2.14
2.35
2.6
3.23
3.37
3.52
4.06
4.22
4.28
4.9
5.12
5.34
5.56
6.0
6.22
6.63
8.76
9.2
9.41
10.07
10.72
11.15
12.64
12.85
13.36
13.52
13.66
14.13
14.39
14.5
14.56
15.84
17.35
17.99
20.13
20.35
20.54
20.77
20.99
21.42
21.62
21.96
22.06
22.17
22.27
22.38
22.71
22.92
23.14
23.33
23.56
23.67
23.77
24.21
24.42
24.63
24.85
25.38
25.48
26.57
26.78
26.89
27.22
27.27
27.32
27.43
27.48
28.06
28.28
28.48
28.71
28.92
29.0
29.14
29.35
29.45
29.56
29.78
30.0
30.21
30.42
30.54
30.579999999999995
30.64
30.85
31.03
31.2
31.28
31.49
31.71
31.88
32.13
32.28
32.35
32.44
32.56
32.78
32.99
33.21
33.41
33.63
33.85
34.06
34.17
34.28
34.49
34.6
34.7
34.89
35.13
35.32
35.56
35.78
35.9
36.0
36.11
36.21
36.32
36.42
36.58
36.86
37.06
37.27
37.43
37.47
37.71
37.93
38.13
38.28
38.35
38.56
38.78
38.98
39.42
39.74
39.84
40.06
40.28
40.49
40.6
40.72
40.92
41.45
41.99
42.19
42.42
42.64
42.74
42.85
43.17
43.27
43.71
43.95
44.12
44.45
44.56
44.77
44.99
45.21
45.3
45.37
45.42
45.63
45.73
45.84
46.06
46.28
46.51
46.6
46.7
47.13
47.35
47.46
47.56
47.78
47.95
48.01
48.21
48.31
48.42
48.86
49.04
49.08
49.27
49.5
49.59
49.71
50.02
50.13
50.35
50.57
50.8
50.99
51.42
51.58
51.84
52.06
52.28
52.5
52.69
52.92
53.14
53.38
53.45
53.56
53.99
54.59
55.06
55.92
56.35
56.56
56.78
57.21
57.42
58.07
58.28
58.49
58.71
58.92
59.14
59.24
59.45
59.56
59.77
59.99
60.21
60.42
60.63
60.85
61.06
61.27
61.49
61.71
61.92
62.14
62.24
62.34
62.46
62.56
62.88
62.98
63.1
63.2
63.31
63.63
63.86
64.06
64.17
64.5
64.6
64.81
64.91
65.24
65.34
65.57
65.68
65.77
65.99
66.42
66.64
67.11
67.19
67.27
68.22
68.34
68.42
68.56
68.74
69.05
69.12
69.2
69.42
69.63
69.74
69.84
70.06
70.17
70.28
70.4
70.49
70.6
70.7
70.92
71.14
71.26
71.34
71.55
71.77
71.99
72.22
72.32
72.42
72.63
72.85
72.97
73.07
73.27
73.49
73.71
73.91
74.12
74.34
74.55
74.77
74.98
75.2
75.42
75.63
75.75
75.85
76.06
76.28
76.48
76.7
76.92
77.14
77.34
77.56
77.75
77.86
77.99
78.2
78.42
78.63
78.85
79.06
79.28
79.49
79.71
79.92
80.13
80.57
80.78
80.99
81.2
81.42
81.53
81.63
81.74
81.85
81.96
82.06
82.16
82.27
82.48
82.7
82.92
83.14
83.24
83.34
83.45
83.56
83.78
83.99
84.19
84.31
84.42
84.63
84.85
85.06
85.28
85.48
85.71
85.92
86.35
86.56
86.77
86.99
87.21
87.43
87.63
87.73
87.84
88.06
88.18
88.27
88.49
88.6
88.7
88.92
89.13
89.35
89.46
89.55
89.77
89.99
90.19
90.41
90.63
90.74
90.86
91.06
91.27
91.42
91.47
91.61
91.71
91.92
92.13
92.34
92.57
92.77
92.99
93.2
93.42
94.05
95.24
95.34
95.78
95.91
95.99
96.05
96.09
96.49
96.83
97.05
97.16
97.28
97.49
97.71
97.92
98.13
98.3
98.34
98.45
98.57
98.73
98.77
98.99
99.12
99.42
99.63
99.75
99.84
100.07
100.28
100.39
100.45
100.7
100.93
101.03
101.14
101.25
101.35
101.56
101.77
101.99
102.19
102.42
102.63
102.85
103.06
103.18
103.28
103.49
103.7
103.91
104.13
104.35
104.47
104.57
104.78
104.87
104.99
105.19
105.43
105.64
105.84
106.05
106.28
106.49
106.6
106.7
106.91
107.03
107.14
107.33
107.47
107.56
107.99
108.32
108.41
108.63
108.85
109.01
109.07
109.17
109.38
109.49
109.7
109.81
110.01
110.13
110.33
110.56999999999998
116.74
116.99
118.45
118.54
118.61
118.76
118.86
118.97
119.15
119.19
119.31
119.58
119.68
119.78
119.9
120.1
120.23
120.31
128.73
