0.49
0.66
0.75
0.83
1.41
1.5
1.83
1.99
2.08
2.65
3.0
3.16
3.31
3.42
3.66
3.82
4.32
4.67
4.83
4.99
5.17
5.25
5.34
5.65
5.99
6.1
6.17
6.32
6.66
6.76
6.91
6.99
7.66
7.83
7.91
7.99
8.11
8.18
8.32
8.66
8.76
8.84
8.98
9.08
9.26
9.33
9.43
9.5
9.66
9.83
9.99
10.08
10.18
10.24
10.32
10.67
10.99
11.43
11.6
11.65
12.0
12.1
12.18
12.32
12.41
12.99
13.16
13.22
13.32
13.66
13.85
13.99
14.08
14.18
14.24
14.32
14.55
14.66
14.77
14.83
14.99
15.17
15.32
15.66
15.83
16.32
16.49
16.66
16.75
16.84
16.91
16.99
17.32
17.42
17.51
17.57
17.66
17.84
17.9
17.98
18.16
18.33
18.5
18.67
18.75
18.83
18.91
18.99
19.33
19.62
19.66
19.83
19.99
20.17
20.32
20.5
20.65
20.75
20.83
20.93
21.0
21.16
21.25
21.32
21.43
21.5
21.58
21.66
21.84
21.92
21.99
22.16
22.24
22.32
22.66
22.77
22.83
22.91
22.99
23.17
23.24
23.33
23.5
23.66
23.83
23.91
23.99
24.03
24.15
24.25
24.32
24.57
24.66
24.83
24.9
24.99
25.24
25.32
25.58
25.66
25.99
26.25
26.32
26.42
26.49
26.58
26.66
26.83
26.99
27.17
27.24
27.329999999999995
27.5
27.579999999999995
27.66
28.0
28.09
28.16
28.2
28.32
28.5
28.57
28.65
28.77
28.84
28.91
28.99
29.17
29.24
29.28
29.329999999999995
29.5
29.65
29.99
30.329999999999995
30.66
30.81
30.99
31.16
31.32
31.41
31.5
31.66
31.82
31.99
32.33
32.65
32.99
33.32
33.5
33.54
33.66
33.92
33.99
34.08
34.16
34.32
34.66
34.83
34.92
34.99
35.49
35.67
35.99
36.09
36.16
36.32
36.5
36.83
37.16
37.49
37.57
37.66
37.99
38.16
38.27
38.33
38.67
38.75
38.82
38.99
39.24
39.33
39.43
39.49
39.83
39.99
40.16
40.33
40.66
40.76
40.99
41.32
41.44
41.5
41.65
41.82
41.99
42.16
42.49
42.66
42.77
43.0
43.33
43.5
43.66
43.9
43.99
44.08
44.15
44.33
44.66
44.82
44.92
45.16
45.31
45.65
45.98
46.06
46.15
46.42
46.49
46.66
46.91
46.99
47.16
47.49
47.66
47.98
48.04
48.27
48.32
48.58
48.65
48.82
48.95
48.99
49.22
49.34
49.66
49.83
49.92
49.99
50.32
50.58
50.78
50.91
50.99
51.13
51.21
51.32
51.43
51.5
51.64
51.9
52.01
52.15
52.25
52.33
52.49
52.66
52.76
52.83
53.0
53.16
53.32
53.59
53.99
54.23
54.33
54.65
54.90999999999999
54.99
55.33
55.43
55.64
55.90999999999999
55.99
56.1
56.33
56.63
56.82
56.89
56.99
57.23
57.47
57.79
57.89
57.99
58.09
58.15
58.2
58.24
58.32
58.42
58.58
58.65
58.99
59.26
59.32
59.44
59.49
59.61
59.65999999999999
59.98
60.33
60.65
60.83
60.9
60.99
61.37
61.42
61.5
61.65
61.88
62.0
62.09
62.18
62.32
62.57
62.65
62.78
62.82
62.9
62.99
63.23
63.5
63.64
63.83
64.0
64.26
64.32
64.54
64.61
64.65
64.75
64.83
65.32
65.44
65.5
65.66
66.09
66.32
66.66
67.31
67.43
67.49
67.59
67.65
68.17
68.23
68.28
68.32
68.65
68.83
69.24
69.33
69.59
69.66
69.99
70.09
70.15
70.24
70.32
70.83
71.0
71.3
71.5
71.65
71.83
71.91
71.99
72.08
72.16
72.32
72.59
72.75
72.84
72.98
73.32
73.43
73.49
73.65
73.75
73.97
74.08
74.16
74.32
74.53
74.58
74.65
74.77
74.83
74.99
75.24
75.31
75.42
75.49
75.65
75.89
75.99
76.11
76.18
76.33
76.51
76.66
76.75
76.91
76.99
77.33
77.66
77.99
78.09
78.17
78.32
78.67
78.77
78.86
78.99
79.66
79.88
79.92
79.99
80.08
80.16
80.32
80.65
80.78
80.84
80.99
81.32
81.43
81.5
81.66
81.83
81.99
82.33
82.58
82.83
82.91
82.99
83.15
83.33
84.16
84.24
84.33
84.5
84.66
85.0
85.32
89.43
