0.54
0.89
1.34
1.56
2.02
2.25
2.35
2.69
3.15
3.37
3.59
3.83
4.5
4.92
5.17
5.63
5.85
5.96
6.3
6.42
6.53
6.75
6.87
6.98
7.19
7.44
7.65
7.96
8.08
8.22
8.3
8.44
8.52
8.56
8.66
8.78
8.98
9.2
9.45
9.56
9.87
9.91
10.11
10.24
10.36
10.45
10.59
10.81
10.92
11.26
11.37
11.58
11.7
11.83
11.96
12.05
12.16
12.29
12.41
12.5
12.62
12.84
13.07
13.31
13.38
13.52
13.6
13.75
13.98
14.08
14.2
14.31
14.42
14.539999999999997
14.63
14.87
15.32
15.43
15.539999999999997
15.66
15.78
15.9
16.08
16.18
16.23
16.36
16.45
16.56
16.67
16.89
17.13
17.25
17.36
17.47
17.51
17.59
17.67
17.8
17.92
18.04
18.14
18.24
18.37
18.47
18.6
18.81
18.93
19.02
19.08
19.12
19.16
19.28
19.38
19.5
19.62
19.83
20.06
20.14
20.29
20.52
20.74
20.85
20.96
21.19
21.31
21.42
21.53
21.63
21.76
22.09
22.43
22.55
22.77
22.87
23.0
23.23
23.33
23.4
23.45
23.68
23.9
24.01
24.13
24.24
24.35
24.57
24.67
24.8
24.99
25.14
25.25
25.36
25.7
25.81
25.9
26.03
26.15
26.38
26.46
26.61
26.94
27.06
27.29
27.51
27.74
27.84
27.96
28.19
28.3
28.38
28.63
28.82
28.97
29.3
29.52
29.65
29.76
29.98
30.07
30.21
30.3
30.55
30.67
30.89
31.12
31.32
31.41
31.45
31.57
31.79
31.9
32.02
32.08
32.36
32.47
32.58
32.92
33.25
33.33
33.37
33.6
33.7
33.82
34.16
34.27
34.5
34.56
34.65
34.72
34.95
35.17
35.25
35.4
35.62
35.85
35.97
36.08
36.18
36.53
36.76
36.87
36.98
37.21
37.31
37.43
37.55
37.76
37.88
38.11
38.33
38.46
38.78
39.02
39.24
39.35
39.57
39.69
39.79
40.14
40.37
40.45
40.59
40.81
40.92
41.04
41.28
41.37
41.49
41.7
41.94
42.16
42.29
42.4
42.51
42.63
42.73
42.84
43.06
43.3
43.41
43.75
43.95
44.1
44.2
44.29
44.41
44.65
44.73
44.98
45.1
45.43
45.52
45.77
45.89
46.0
46.2
46.44
46.55
46.64
46.79
46.91
47.02
47.35
47.46
47.59
47.69
47.77
48.03
48.13
48.26
48.37
48.6
48.71
48.93
49.16
49.61
49.83
50.06
50.28
50.39
50.51
50.62
50.96
51.07
51.19
51.41
51.52
51.64
51.76
52.09
52.21
52.32
52.43
52.55
52.77
52.86
52.99
53.08
53.15
53.33
53.56
53.68
53.9
54.12
54.23
54.35
54.47
54.57
54.69
54.78
55.02
55.13
55.25
55.36
55.6
55.7
55.92
56.04
56.14
56.37
56.49
56.61
56.83
56.94
57.17
57.28
57.38
57.5
57.62
57.73
57.85
57.95
58.07
58.18
58.39
58.52
58.63
58.86
58.97
59.09
59.21
59.31
59.54
59.76
59.99
60.22
60.32
60.44
60.67
60.78
60.88
61.01
61.09
61.22
61.34
61.45
61.57
61.67
61.74
61.79
61.86
61.90999999999999
62.03
62.13
62.24
62.47
62.56
62.7
62.81
62.92
63.03
63.14
63.26
63.36
63.6
63.83
63.94
64.05
64.15
64.38
64.5
64.61
64.72
64.84
64.94
65.06
65.16
65.41
65.64
65.68
65.85
65.98
66.08
66.17
66.26
66.55
66.64
66.74
67.0
67.08
67.21
67.44
67.67
67.76
67.86
68.1
68.2
68.3
68.38
68.55
68.67
68.8
69.01
69.13
69.32
69.46
69.69
69.77
69.9
70.14
70.34
70.59
70.69
70.76
70.81
70.97
71.05
71.27
71.38
71.49
71.94
72.16
72.28
72.39
72.61
72.84
73.04
73.18
73.28
73.37
73.41
73.65
73.75
73.99
74.09
74.19
74.5
74.63
74.69
74.84
74.88
74.99
75.2
75.31
75.44
75.55
75.66
75.78
76.0
76.09
76.23
76.46
76.68
77.09
77.32
77.67
77.92
78.02
78.13
78.22
78.3
78.45
78.49
78.72
78.83
78.93
79.03
79.16
79.26
79.36
79.4
79.47
79.59
79.84
80.07
80.29
80.52
80.62
80.74
80.83
80.93
81.18
81.39
81.47
81.51
81.64
82.1
82.19
82.28
82.33
82.39
82.99
83.09
83.19
83.33
83.45
83.54
83.66
83.9
84.01
84.12
84.2
84.31
84.58
84.8
85.04
85.09
85.25
85.44
85.86
86.12
86.35
86.54
86.59
86.72
86.83
86.94
87.05
87.16
87.28
87.47
87.51
87.6
87.82
87.92
88.07
88.18
88.52
88.6
88.84
88.97
89.06
89.13
89.27
89.39
89.45
89.51
89.64
89.85
89.98
90.1
90.21
90.3
90.67
90.77
90.97
91.12
91.21
91.45
91.52
91.56
91.67
91.74
91.79
91.91
91.99
92.18
92.25
92.36
92.55
92.67
92.8
92.88
92.92
93.0
93.05
93.15
93.23
93.37
93.6
93.71
93.83
93.94
94.02
94.12
94.25
94.38
94.58
94.73
94.92
95.26
95.62
95.84
96.16
96.4
96.5
96.75
96.79
96.96
97.09
97.2
97.27
97.32
97.4
97.66
97.88
97.99
98.32
98.56
98.67
98.77
98.99
99.21
99.46
99.55
99.67
99.88
100.14
100.22
100.26
100.32
100.38
100.46
100.59
100.68
100.78
101.04
101.15
101.49
101.74
101.91
102.06
102.14
102.29
102.4
102.59
102.84
103.05
103.29
103.4
103.53
103.58
103.65
103.75
103.88
103.98
104.07
104.2
104.3
104.4
104.53
104.62
104.87
104.96
105.09
105.2
105.29
105.44
105.54
105.67
105.76
105.89
106.0
106.12
106.22
106.45
106.54
106.66
106.78
106.88
107.01
107.09
107.32
107.36
107.5
107.58
107.67
107.81
107.9
108.03
108.15
108.26
108.36
108.48
108.6
108.7
108.92
109.01
109.15
109.24
109.29
109.35
109.49
109.61
109.83
110.04
110.15
110.2
110.29
110.51
110.96
111.05
111.19
111.42
111.53
111.64
111.76
111.87
111.94
111.98
112.09
112.31999999999998
112.43
112.67
112.77
112.99
113.19
113.31999999999998
113.54
113.67
113.77
113.89
114.06999999999998
114.2
114.35
114.46
114.56999999999998
114.65
114.76
114.8
118.75
