0.02
0.27
0.61
0.79
1.05
1.11
1.39
1.67
1.86
1.91
2.1
2.28
2.39
2.8
2.95
3.16
3.32
3.4
3.5
3.9
4.02
4.15
4.41
4.52
4.66
4.77
4.97
5.03
5.15
5.28
5.53
5.65
5.91
6.03
6.1
6.15
6.53
7.019999999999999
7.1
7.28
7.41
7.53
7.78
7.92
8.03
8.16
8.42
8.53
8.59
8.66
8.78
8.97
9.03
9.1
9.14
9.41
9.53
9.6
9.65
10.03
10.11
10.41
10.53
11.03
11.08
11.16
11.41
11.53
11.65
11.77
11.91
12.04
12.4
12.54
12.64
12.97
13.03
13.12
13.53
13.66
14.03
14.14
14.28
14.53
14.66
14.789999999999997
14.9
15.03
15.17
15.22
15.28
15.53
15.78
15.91
16.03
16.36
16.46
16.53
16.66
16.74
16.91
17.04
17.29
17.41
17.53
17.67
17.78
17.92
18.03
18.16
18.29
18.42
18.53
18.81
18.91
19.04
19.1
19.16
19.54
19.66
19.79
19.91
20.03
20.28
20.54
20.66
20.79
20.91
21.03
21.11
21.29
21.42
21.53
21.66
21.79
21.93
21.97
22.04
22.17
22.29
22.4
22.48
22.66
22.78
22.91
23.04
23.11
23.29
23.42
23.54
23.61
23.67
23.79
23.98
24.16
24.29
24.41
24.54
24.78
24.91
25.04
25.15
25.35
25.47
25.58
25.86
26.4
26.66
26.78
26.91
27.04
27.22
27.47
27.71
27.87
28.41
28.78
29.03
29.11
29.29
29.49
29.54
29.66
29.78
29.93
30.15
30.29
30.42
30.47
30.67
30.91
31.04
31.16
31.28
31.41
31.54
31.67
31.85
31.92
31.98
32.16
32.29
32.41
32.53
32.66
32.78
32.91
33.04
33.28
33.4
33.54
33.66
33.79
33.9
34.04
34.28
34.36
34.54
34.66
34.98
35.22
35.48
35.72
35.97
36.28
36.41
36.53
36.62
36.79
36.91
37.15
37.28
37.41
37.53
37.65
37.78
37.91
38.03
38.28
38.53
39.03
39.16
39.28
39.41
39.54
39.66
39.78
39.91
40.03
40.16
40.27
40.41
40.48
40.54
40.66
40.73
40.78
41.04
41.15
41.28
41.4
41.54
41.66
41.78
41.91
42.03
42.16
42.28
42.53
42.65
42.9
43.03
43.16
43.28
43.4
43.54
43.66
43.78
43.85
43.91
44.03
44.16
44.27
44.41
44.48
44.53
44.59
44.66
44.72
44.9
45.15
45.41
45.53
45.65
45.9
46.03
46.16
46.41
46.53
46.79
47.02
47.09
47.4
47.53
47.65
47.89
48.03
48.12
48.16
48.53
48.66
48.97
49.03
49.14
49.53
49.64
49.77
49.9
50.04
50.14
50.41
50.53
51.03
51.15
51.41
51.53
51.64
51.91
52.03
52.09
52.14
52.4
52.53
52.66
52.86
52.97
53.03
53.16
53.4
53.53
53.65
53.78
54.03
54.15
54.41
54.53
54.9
55.03
55.1
55.27
55.4
55.53
55.65
55.78
55.92
56.03
56.15999999999999
56.40999999999999
56.53
56.78
56.9
56.96
57.03
57.15
57.4
57.53
57.78
58.03
58.15
58.28
58.40999999999999
58.54
58.67
58.78
58.97
59.03
59.15
59.40999999999999
59.53
59.90999999999999
60.03
60.28
60.4
60.53
60.65999999999999
60.79
60.90999999999999
61.03
61.15999999999999
61.29
61.42
61.53
61.65999999999999
61.78
61.83
61.89
61.96
62.02
62.14
62.2
62.28
62.53
62.67
62.8
62.90999999999999
63.03
63.28
63.39
63.53
63.78
63.90999999999999
64.04
64.28
64.46
64.54
64.66
64.77
64.81
64.92
65.05
65.41
65.6
65.73
65.78
65.99
66.15
66.36
66.53
66.9
67.14
67.28
67.49
67.65
67.78
67.9
68.04
68.09
68.16
68.28
68.35
68.54
68.59
68.72
68.86
68.98
69.1
69.4
69.54
69.65
69.78
69.91
70.04
70.22
70.71
70.79
70.88
71.41
71.78
72.04
72.1
72.27
72.4
72.65
72.83
72.98
73.04
73.41
73.53
73.66
73.78
74.1
74.28
74.36
74.4
74.53
74.91
75.03
75.54
75.85
76.04
76.49
76.78
77.4
77.53
78.03
78.53
79.03
79.79
80.03
80.65
80.78
81.4
81.53
82.03
83.03
83.54
83.79
84.03
84.28
84.53
84.65
84.78
84.94
85.03
85.16
85.29
85.41
85.48
85.66
85.91
86.03
86.16
86.28
86.41
86.54
86.6
86.68
86.79
86.85
86.97
87.17
87.28
87.41
87.53
87.65
87.79
87.91
88.04
88.15
88.28
88.36
88.54
88.59
88.98
89.28
89.41
89.53
89.66
89.78
89.91
90.04
90.22
90.47
90.79
90.88
91.41
91.66
91.78
92.03
92.28
92.4
92.54
93.03
93.16
93.29
93.42
93.54
93.71
93.85
93.98
94.16
94.29
94.39
94.66
94.79
94.92
95.03
95.29
95.41
95.54
95.78
95.91
96.03
96.3
96.35
96.54
96.63
96.74
96.86
96.91
96.99
97.13
97.22
97.41
97.53
97.91
98.0
98.09
98.22
98.28
98.41
98.47
98.51
98.58
98.87
99.03
99.1
99.23
99.41
99.54
99.78
99.92
100.03
100.13
100.29
100.4
100.5
100.54
101.16
101.3
101.42
101.79
101.87
101.92
102.05
102.16
102.28
102.41
102.46
102.55
102.6
102.66
102.8
102.85
102.91
103.17
103.48
103.65
103.78
103.91
104.16
104.28
104.41
104.53
104.66
104.78
104.91
105.03
105.16
105.28
105.41
105.53
105.58
105.77
105.9
106.03
106.16
106.28
106.41
106.53
106.66
106.79
106.91
107.04
107.16
107.28
107.41
107.53
107.66
107.79
107.91
108.03
108.16
108.28
108.41
108.53
108.66
108.79
108.91
109.04
109.16
109.28
109.41
109.53
109.66
109.79
109.91
110.04
110.16
110.28
110.41
110.53
110.66
110.79
110.91
111.04
111.16
111.28
111.41
111.53
111.66
111.79
111.91
112.04
112.16
112.28
112.41
112.53
112.66
112.79
112.91
113.04
113.16
113.28
113.41
113.54
113.66
113.79
113.91
114.04
114.16
114.28
114.41
114.53
114.66
114.79
114.91
115.03
115.16
115.28
115.41
115.53
115.66
115.78
115.91
116.03
116.16
116.28
116.41
116.53
116.66
116.79
116.91
117.04
117.15
117.19
117.29
117.4
117.44
117.53
117.66
117.8
117.91
118.04
118.16
118.28
118.41
118.53
118.66
118.78
118.91
119.03
119.16
119.28
119.41
119.53
119.66
119.78
119.91
120.03
120.16
120.28
120.41
120.53
120.66
120.79
120.91
121.04
121.16
121.2
121.28
121.4
121.44
121.53
121.66
121.8
121.91
122.03
122.16
122.28
122.41
122.53
122.66
122.78
122.91
123.03
123.16
123.28
123.41
123.52
123.78
124.03
124.16
124.28
124.41
124.53
124.66
124.78
124.91
125.04
125.16
125.28
125.41
125.53
125.9
126.03
126.53
127.03
127.15
127.28
127.53
127.67
127.79
127.9
128.03
128.16
128.21
128.28
128.53
128.78
128.91
129.03
129.12
129.28
129.46
129.53
129.66
129.77
129.91
130.04
130.15
130.34
130.53
131.03
131.14
131.28
131.53
131.67
131.79
131.9
132.03
132.17
132.21
132.28
132.39
132.53
132.66
132.78
132.91
133.04
133.28
133.46
133.54
133.66
133.78
133.91
134.05
134.41
134.53
134.66
134.78
134.91
135.03
135.16
135.29
135.54
135.68
135.91
136.03
136.15
136.28
136.4
136.53
136.78
136.91
137.04
137.28
137.41
137.54
137.6
137.66
137.73
137.79
137.91
138.04
138.09
138.17
138.4
138.53
138.66
138.78
138.91
139.03
139.16
139.28
139.53
139.67
139.91
140.03
140.11
140.16
140.28
140.4
140.53
140.78
140.91
141.04
141.41
141.54
141.66
141.72
141.79
141.91
142.05
147.0
