2.93
3.34
3.42
4.58
5.4
6.23
6.65
7.47
8.7
9.13
9.53
9.95
10.37
11.6
12.43
13.13
13.25
13.39
13.67
14.49
15.32
15.73
16.14
16.56
16.97
17.25
17.37
17.79
18.62
19.03
19.44
19.86
19.99
20.13
20.27
21.1
21.51
21.92
22.34
22.75
23.16
23.58
23.98
24.4
25.23
25.63
26.05
26.46
26.73
27.579999999999995
28.0
28.12
28.45
29.09
29.63
29.69
30.18
30.61
30.74
31.43
31.64
31.99
32.11
32.17
32.25
32.61
32.8
33.0
33.07
33.9
34.18
34.31
34.45
34.52
35.14
35.27
35.42
35.55
35.69
35.83
35.97
36.1
36.25
36.37
36.78
37.56
37.62
37.75
37.83
38.31
38.58
38.85
38.99
39.27
39.41
39.55
39.67
39.81
39.95
40.09
40.36
40.53
40.78
41.06
41.3
41.75
41.99
42.16
42.42
42.57
42.97
43.15
43.79
44.07
44.91
45.0
45.46
45.88
46.28
46.7
47.66
48.35
48.67
49.03
49.58
50.0
50.42
50.69
50.82
51.13
51.23
51.37
51.64
52.06
52.88
53.3
53.39
53.52
54.13
54.27
54.41
54.51
54.95
55.38
55.51
55.78
56.06
56.46
56.6
57.01
57.43
57.85
57.97
58.13
58.39
58.47
58.67
58.75
59.08
59.21
59.36
59.5
59.7
59.77
59.90999999999999
59.99
60.03
60.18
60.31
60.73
60.86
61.01
61.15
61.56
61.71
61.81
61.98
62.38
62.52
62.65999999999999
62.79
63.21
63.61
64.03
64.45
64.72
64.86
65.01
65.12
65.27
65.68
65.81
65.99
66.51
66.79
66.89
66.94
69.12
69.27
69.4
69.8
70.23
70.3
70.63
70.76
70.84
71.0
72.43
72.56
72.66
72.7
72.95
73.12
73.21
73.52
73.6
74.89
75.18
75.58
75.86
76.0
76.51
76.83
76.96
77.65
78.25
78.89
79.02
79.29
79.45
79.58
79.72
79.86
80.18
80.41
81.37
82.2
83.03
83.85
84.26
84.68
85.1
85.5
86.19
87.15
87.98
88.39
88.8
89.22
89.5
89.77
90.06
90.46
91.28
91.69
92.11
92.79
93.76
93.89
94.04
94.58
94.88
94.99
95.4
95.69
96.09
96.23
97.05
97.2
97.34
97.47
97.88
98.3
98.57
98.71
99.0
99.13
99.44
99.57
99.69
99.96
100.36
100.5
101.18
101.48
101.6
102.01
102.15
102.42
102.84
103.14
103.25
103.66
104.08
104.35
104.49
104.9
105.45
105.74
105.86
106.01
106.14
106.29
106.41
106.57
108.04
