0.02
0.27
0.48
0.93
1.16
1.37
1.82
2.05
2.26
2.49
2.71
2.93
3.15
3.6
4.04
4.48
4.71
4.93
5.37
5.6
5.82
6.05
6.26
6.49
6.71
7.15
7.38
7.6
7.83
8.04
8.26
8.37
8.49
8.71
8.93
9.16
9.37
9.6
9.82
10.04
10.26
10.49
10.71
10.94
11.15
11.38
11.59
11.82
12.04
12.27
12.49
12.71
12.93
13.16
13.38
13.6
13.82
13.9
14.039999999999997
14.22
14.26
14.71
14.94
15.15
15.37
15.6
15.82
16.04
16.27
16.49
16.71
16.93
17.15
17.37
17.6
17.78
18.05
18.26
18.49
18.71
18.93
19.15
19.38
19.6
19.82
20.04
20.27
20.49
20.71
20.93
21.15
21.38
21.82
22.04
22.26
22.49
22.71
22.93
23.15
23.26
23.38
23.6
23.82
23.96
24.04
24.27
24.46
24.89
24.93
25.38
25.6
25.69
25.82
26.04
26.27
26.49
26.6
26.71
26.94
27.04
27.16
27.38
27.6
27.82
27.93
28.04
28.27
28.37
28.49
28.71
28.93
29.15
29.37
29.6
29.82
30.05
30.27
30.38
30.48
30.59
30.71
30.88
30.94
31.07
31.15
31.38
31.48
31.6
31.82
32.0
32.04
32.27
32.48
32.71
32.81
32.93
33.15
33.37
33.6
33.71
33.82
34.05
34.15
34.27
34.49
34.71
34.89
34.93
35.04
35.15
35.37
35.48
35.59
35.82
36.04
36.26
36.5
36.7
36.82
36.93
37.15
37.37
37.48
37.71
37.82
37.93
38.04
38.16
38.26
38.37
38.48
38.7
38.92
39.15
39.6
39.84
40.04
40.26
40.48
40.72
40.93
41.13
41.3
41.38
41.61
41.82
41.96
42.03
42.19
42.26
42.49
42.71
42.84
42.94
43.06
43.15
43.39
43.59
43.81
43.95
44.04
44.31
44.48
44.71
44.93
45.16
45.38
45.48
45.6
45.82
46.26
46.49
46.71
46.95
47.06
47.15
47.27
47.37
47.51
47.6
47.82
48.04
48.28
48.4
48.49
48.95
49.06
49.15
49.37
49.82
49.94
50.05
50.18
50.26
50.5
50.7
50.84
50.93
51.06
51.15
51.38
51.6
51.83
52.04
52.26
52.49
52.6
52.71
52.93
53.2
53.37
53.6
53.82
54.26
54.48
54.71
54.93
55.15
55.59
55.82
56.04
56.26
56.48
56.7
56.93
57.08
57.15999999999999
57.31
57.37
57.6
57.82
57.87
58.04
58.09
58.27
58.49
58.7
59.15
59.37
59.6
59.71
59.82
60.04
60.26
60.48
60.63
60.71
60.93
61.15
61.37
61.59
61.82
62.05
62.15999999999999
62.26
62.71
62.90999999999999
62.99
63.15
63.37
63.6
63.82
64.04
64.27
64.49
64.71
64.93
65.08
65.15
65.28
65.38
65.6
65.82
66.05
66.26
66.48
66.82
66.93
67.15
67.37
67.59
68.05
68.26
68.49
68.81
68.93
69.03
69.16
69.37
69.6
69.82
70.04
70.19
70.26
70.38
70.49
70.71
71.15
71.38
71.6
71.7
71.82
72.04
72.37
72.48
72.59
72.72
72.82
72.92
73.15
73.38
73.6
73.82
73.93
74.04
74.14
74.27
74.35
74.59
74.71
74.93
75.16
75.37
75.6
75.82
75.86
75.93
76.04
76.14
76.26
76.48
76.59
76.72
76.81
76.93
77.15
77.29
77.37
77.48
77.59
77.82
77.93
78.15
78.26
78.48
78.71
78.93
79.15
79.21
79.37
79.42
79.48
79.6
79.7
79.81
79.94
80.04
80.15
80.26
80.33
80.37
80.49
80.71
80.93
81.04
81.15
81.26
81.37
81.59
81.71
81.82
81.97
82.05
82.26
82.7
82.93
83.16
83.38
83.59
83.83
83.94
84.04
84.17
84.27
84.48
84.71
84.93
85.37
85.6
85.81
86.26
86.48
86.71
86.94
87.15
87.38
87.47
87.59
87.72
87.82
88.15
88.26
88.48
88.93
89.17
89.37
89.81
90.04
90.27
90.49
90.71
90.92
91.06
91.12
91.38
91.82
92.04
92.48
92.72
93.37
93.59
93.82
94.05
94.26
94.49
94.59
94.7
94.83
94.92
95.15
95.26
95.37
95.49
95.59
96.04
96.49
96.55
96.7
96.92
97.15
97.37
97.49
97.6
97.71
97.75
97.81
97.85
98.05
98.21
98.27
98.93
99.15
99.55
99.59
100.04
100.15
100.27
100.48
100.71
100.93
101.12
101.37
101.81
101.89
102.04
102.37
102.71
103.15
103.39
103.59
103.82
104.04
104.26
104.49
104.71
104.93
105.13
105.37
105.5
105.61
105.83
106.04
106.26
106.7
106.94
107.15
107.23
107.59
108.04
108.26
108.48
108.6
108.72
108.93
109.04
109.15
109.39
109.48
109.59
109.81999999999998
110.04
110.26
110.49
110.71
110.93
111.11
111.15
111.19
111.38
111.5
111.6
111.81999999999998
112.04
112.27
112.36
112.4
112.49
112.81
112.93
113.15
113.27
113.37
113.73
113.77
113.81999999999998
114.05
114.26
114.34
114.67
114.93
115.15
115.59
115.83
116.04
116.5
116.6
116.71
116.93
117.05
117.16
117.33
117.37
117.62
117.81999999999998
118.04
118.26
118.49
118.71
118.93
119.15
119.35
119.59
119.67
119.72
119.83
120.26
120.48
120.69
120.93
121.16
121.37
121.49
121.59
121.81999999999998
122.04
122.26
122.7
122.94
123.05
123.11
123.15
123.28
123.37
123.71
123.81999999999998
124.04
126.27
127.81999999999998
128.04
128.67
128.71
129.39
129.62
129.82
130.25
130.49
131.52
131.59
132.05
132.1
132.18
132.27
132.7
132.79
133.38
133.45
133.56
133.81
134.22
134.96
