0.03
0.29
0.38
2.48
5.89
6.93
7.6
12.04
12.1
12.22
12.39
12.68
12.84
12.94
13.41
13.47
17.05
20.24
20.45
22.15
23.85
24.71
25.56
25.99
26.41
26.84
26.95
27.04
27.15
27.26
27.68
28.11
28.54
28.97
29.39
29.81
30.24
30.66
31.09
31.52
31.94
32.37
32.58
32.79
32.9
33.22
33.45
33.53
33.59
33.64
33.85
34.07
34.49
34.92
35.35
35.46
35.77
36.2
36.62
37.04
37.47
37.9
38.32
38.75
39.18
39.6
40.03
40.35
40.45
40.56
40.66
40.77
40.88
42.37
42.56
43.0
43.1
43.43
43.85
44.08
44.28
44.71
45.13
45.55
45.77
45.98
46.3
46.41
46.83
47.26
47.47
47.68
48.11
48.53
48.64
48.75
48.96
49.17
49.39
49.81
50.23
50.47
50.66
50.89
51.09
51.51
51.94
52.37
52.58
52.79
53.02
53.22
53.64
54.07
54.17
54.28
54.49
54.72
54.92
55.15
55.34
55.45
55.56
55.65999999999999
55.77
55.98
56.18
56.62
57.05
57.47
57.9
58.32
58.75
59.17
59.39
59.6
60.03
60.45
60.88
61.3
61.73
62.15
62.26
62.47
62.58
62.79
63.0
63.43
63.52
63.86
64.28
64.71
65.13
65.56
65.98
66.2
66.41
66.84
67.26
67.68
67.79
67.91
68.09
69.81
70.24
70.66
71.09
71.51
71.94
72.36
72.79
73.0
73.22
73.64
74.07
74.29
74.49
74.92
75.35
75.77
76.09
76.19
76.41
76.63
76.95
77.04
77.47
77.9
78.32
78.75
79.18
79.6
79.81
80.02
80.45
80.88
81.3
81.73
82.15
82.58
83.0
83.22
83.42
83.86
84.28
84.7
85.13
85.55
85.99
86.09
86.21
86.41
86.62
86.84
87.16
87.26
87.69
88.11
88.54
88.88
88.96
89.38
89.81
90.02
90.23
90.66
91.09
91.52
91.73
91.94
92.37
92.6
92.8
93.22
93.43
93.64
94.07
94.29
94.49
94.71
94.92
95.15
95.33
95.88
96.2
96.32
96.41
96.57
96.72
96.83
96.94
97.04
98.63
98.74
99.62
100.45
103.01
103.85
104.49
105.56
107.26
107.56
108.52
108.96
115.77
119.02
