0.67
1.13
1.24
1.68
2.11
2.28
2.4
2.98
3.44
3.55
3.99
4.28
4.42
4.59
4.7
4.85
5.01
5.14
5.28
5.86
6.16
6.3
6.72
7.01
7.59
8.17
8.47
8.61
8.9
9.03
9.32
9.9
10.3
10.47
10.76
10.91
11.22
11.6
11.82
11.91
12.21
12.49
12.63
12.78
12.93
13.08
13.22
13.51
13.65
13.9
14.52
14.8
14.95
15.09
15.53
15.67
15.82
15.96
16.24
16.53
16.82
16.97
17.11
17.35
17.39
17.59
17.69
17.84
17.98
18.11
18.26
18.55
18.76
19.13
19.7
19.99
20.14
20.43
20.85
21.27
21.44
21.58
21.72
21.86
22.02
22.45
22.6
22.74
22.88
23.16
23.45
23.75
24.03
24.32
24.77
25.14
25.46
25.58
25.77
26.05
26.35
26.64
26.92
27.07
27.19
27.35
27.49
27.92
28.06
28.34
28.61
28.94
29.23
29.37
29.51
29.66
29.79
29.95
30.09
30.26
30.37
30.66
30.96
31.24
31.97
32.11
32.4
32.7
32.97
33.27
33.42
33.55
33.99
34.13
34.28
34.41
34.57
34.7
35.28
35.58
35.69
35.86
36.13
36.28
36.46
36.58
36.72
36.86
37.01
37.13
37.23
37.29
37.59
37.87
38.04
38.17
38.58
38.9
39.04
39.32
39.62
39.9
40.07
40.19
40.48
40.91
41.06
41.2
41.34
41.63
41.92
42.21
42.38
42.78
42.88
43.07
43.2
43.35
43.5
43.65
43.93
44.22
44.5
44.61
44.94
45.09
45.53
45.68
45.96
46.24
46.45
46.5
46.82
47.03
47.12
47.39
47.83
47.98
48.12
48.25
48.51
48.56
48.97
49.12
49.71
50.15
50.57
50.86
50.99
51.44
51.73
52.02
52.46
52.88
53.17
53.74
54.04
54.32
54.62
54.77
54.87
55.48
56.05
56.63
57.07
57.36
57.5
57.78
58.36
58.94
59.38
59.67
59.78
59.93
60.09
60.39
60.65999999999999
61.24
61.69
62.26
62.4
62.69
62.97
63.27
63.56
63.85
63.99
64.13
64.29
64.41
64.56
64.7
64.97
65.28
65.78
65.82
66.29
67.01
67.58
67.87
68.13
68.17
68.6
68.89
69.58
69.89
70.15
70.86
71.19
71.29
71.62
71.77
72.2
72.64
73.52
73.68
73.78
74.06
75.52
75.81
76.11
76.25
76.4
76.83
77.24
77.57
77.83
77.98
78.12
78.25
78.4
78.55
78.65
78.79
79.12
79.42
79.71
80.1
80.44
80.57
80.72
80.86
81.16
81.43
81.62
81.72
82.02
82.21
82.45
82.59
82.74
82.87
83.16
83.46
83.75
84.05
84.32
84.43
84.62
84.75
84.89
85.04
85.19
85.34
85.48
85.77
86.04
86.16
86.48
86.63
87.06
87.22
87.5
87.77
87.99
88.36
89.91
