0.59
1.0
1.19
1.89
2.19
2.54
3.18
3.49
3.79
4.1
4.19
4.41
4.59
5.09
5.39
6.39
6.79
6.99
7.08
7.39
7.59
7.79
7.98
8.39
8.59
8.69
8.91
9.59
9.89
10.0
10.18
10.28
10.59
10.79
11.0
11.88
11.99
12.09
12.31
12.79
12.98
13.08
13.18
13.39
13.48
13.58
13.68
13.789999999999997
13.99
14.19
14.38
14.59
14.7
14.78
14.99
15.12
15.19
15.3
15.48
15.58
15.8
15.98
16.19
16.29
16.38
16.59
16.7
16.78
16.99
17.19
17.39
17.58
17.8
17.9
17.98
18.19
18.59
18.8
18.9
19.0
19.1
19.19
19.29
19.39
19.5
19.58
19.79
19.98
20.09
20.19
20.7
20.78
20.9
20.99
21.18
21.39
21.5
21.59
21.7
21.88
21.99
22.1
22.39
22.59
22.69
22.78
22.99
23.09
23.18
23.39
23.59
23.79
24.79
25.09
25.19
25.3
25.4
25.49
25.59
25.9
25.98
26.16
26.2
26.38
26.78
26.87
26.96
27.01
27.18
27.47
27.57
27.79
27.99
28.26
28.39
28.579999999999995
28.79
29.1
29.18
29.38
29.579999999999995
29.8
29.98
30.19
30.38
30.69
30.78
30.99
31.09
31.18
31.38
31.579999999999995
31.98
32.38
32.55
32.6
32.78
32.86
33.19
33.58
33.78
33.98
34.19
34.38
34.78
34.87
35.18
35.59
35.81
35.98
36.38
36.6
36.78
37.19
37.58
38.01
38.37
38.59
38.69
38.79
38.98
39.1
39.19
39.3
39.4
39.5
39.57
39.8
39.93
39.98
40.19
40.29
40.38
40.79
40.89
40.99
41.18
41.59
41.79
41.89
41.98
42.29
42.38
42.49
42.6
42.68
42.78
42.96
43.18
43.29
43.39
43.49
43.57
43.78
43.84
43.98
44.1
44.19
44.6
44.78
45.38
45.58
45.77
45.97
46.19
46.3
46.38
46.59
46.78
47.08
47.38
47.49
47.58
47.79
47.98
48.39
48.76
48.8
48.85
48.98
49.13
49.38
49.59
49.69
49.78
49.89
49.94
50.29
50.42
50.59
50.99
51.19
51.37
51.59
51.97
52.19
52.3
52.38
52.69
52.79
53.38
53.55
53.7
53.98
54.27
54.38
54.71
54.78
54.95
55.07
55.18
55.38
55.48
55.59
56.18
56.3
56.34
56.58
56.78
56.99
57.19
57.51
57.59
57.8
57.88
57.98
58.2
58.37
58.49
58.59
58.79
58.99
59.09
59.18
59.31
59.5
59.58
59.77
59.94
59.98
60.2
60.38
60.57
60.7
60.78
61.18
61.49
61.58
61.89
61.99
62.17
62.38
62.57
62.65999999999999
62.92
63.09
63.18
63.79
63.98
64.17
64.29
64.39
64.89
64.98
65.19
65.29
65.38
65.59
65.79
65.9
66.35
66.48
66.59
66.8
67.07
67.19
67.49
67.58
67.78
67.87
67.98
68.09
68.18
68.39
68.59
68.71
68.98
69.09
69.38
69.58
69.7
69.89
69.99
70.08
70.28
70.39
70.68
70.78
70.98
71.05
71.18
71.38
71.58
71.81
71.88
71.98
72.3
72.37
72.78
73.0
73.19
73.38
73.51
73.58
73.98
74.29
74.39
74.78
75.1
75.19
75.4
76.17
76.55
76.77
77.58
77.85
78.01
78.3
78.4
78.49
78.7
79.0
79.1
79.4
79.49
79.58
79.79
79.89
79.99
80.1
80.2
80.39
80.71
80.78
80.99
81.1
81.19
81.4
81.58
81.8
81.89
81.99
82.2
82.29
82.39
82.59
82.69
82.79
83.0
83.19
83.39
83.49
83.6
83.69
83.8
83.9
83.99
84.11
84.2
84.3
84.38
84.6
84.71
84.78
84.89
85.0
85.59
85.7
85.78
85.88
85.99
86.2
86.29
86.39
86.5
86.6
86.7
86.79
86.9
87.0
87.19
87.39
87.5
87.58
87.79
87.91
87.98
88.1
88.19
88.39
88.61
88.79
89.08
89.38
89.68
89.98
90.18
90.65
90.79
97.22
