0.01
0.05
0.09
0.13
0.17
0.21
0.25
0.29
0.33
0.37
0.41
0.45
0.49
0.53
0.57
0.61
0.73
1.22
1.33
1.69
2.16
2.63
3.09
3.57
4.03
4.5
4.66
4.97
5.44
5.6
5.91
6.38
6.54
6.84
7.31
7.48
7.78
8.25
8.42
8.72
9.19
9.35
9.66
10.12
10.29
10.59
11.06
11.22
11.53
12.0
12.16
12.47
12.94
13.41
14.35
15.76
16.21
16.35
16.68
17.15
17.63
18.09
18.57
18.8
19.03
19.5
19.97
20.44
20.68
20.91
21.84
23.02
23.72
24.42
24.66
25.36
25.59
26.3
26.53
26.77
27.24
27.47
27.71
28.18
28.41
28.65
29.11
29.35
30.04
30.2
30.52
30.99
31.22
31.84
31.92
32.16
32.4
32.62
32.77
32.86
33.09
33.8
34.27
34.65
34.74
34.97
35.58
35.68
35.91
36.05
36.14
36.52
36.62
36.84
37.08
37.55
37.93
38.02
38.4
38.49
38.72
38.96
39.34
39.43
39.9
40.27
40.36
40.6
40.83
41.21
41.3
41.68
42.24
42.71
43.56
44.11
45.82
46.05
46.15
46.19
46.29
47.0
47.24
47.31
47.37
47.71
48.07
48.21
48.88
48.96
49.44
50.19
50.44
50.67
51.01
51.85
52.09
52.22
52.43
52.56
52.75
53.52
53.98
54.09
54.2
54.34
54.42
55.58
56.3
56.53
56.69
57.0
57.47
57.55
57.65999999999999
57.75
57.85
57.94
58.02
58.15
60.29
60.75
60.9
60.96
61.19
61.3
61.44
61.56
61.61
61.69
62.15999999999999
62.51
62.86
63.1
63.3
63.39
63.43
63.58
63.8
64.04
64.28
64.71
64.88
64.97
65.68
65.91
66.84
67.46
68.49
68.72
68.98
69.43
70.36
70.6
71.31
71.53
72.24
72.54
72.71
73.18
75.54
79.51
82.47
83.25
84.45
87.01
90.75
94.66
95.58
96.06
96.53
97.08
97.47
98.02
99.33
102.63
103.56
104.02
105.99
106.18
115.0
