0.06
0.36
0.5
0.63
0.73
1.46
2.0
2.1
2.97
3.6
3.83
4.1
4.47
4.98
6.72
7.13
7.23
7.6
7.99
8.11
8.61
8.74
9.11
9.48
9.86
10.23
10.74
11.0
11.48
11.73
12.12
12.35
12.61
14.05
14.23
14.35
14.49
14.73
14.87
15.73
15.99
16.23
16.5
16.61
16.88
16.99
17.23
17.42
17.62
18.11
18.38
18.86
18.98
19.23
19.35
19.61
19.99
20.23
20.37
20.61
20.86
21.1
22.51
22.61
22.73
22.86
22.99
23.99
24.24
25.89
26.15
26.24
27.5
27.73
28.22
28.6
28.73
28.99
29.23
29.48
29.74
30.22
30.48
30.74
30.98
31.48
31.86
32.1
32.23
32.85
32.99
33.24
33.34
33.49
33.61
33.73
33.98
34.49
34.86
35.1
35.21
35.62
35.85
36.86
37.11
37.86
38.47
38.61
38.85
39.22
39.37
39.62
39.87
40.11
40.86
41.11
41.24
41.49
41.61
42.36
42.61
42.73
43.1
43.23
43.48
43.85
44.23
44.48
44.73
44.85
44.98
45.23
45.36
45.61
45.73
45.86
45.98
46.36
46.48
46.74
47.22
47.6
47.96
48.23
48.35
48.6
48.73
48.86
48.98
49.24
49.48
49.73
49.85
50.11
50.23
50.48
50.62
50.73
50.98
51.11
51.36
51.61
51.73
51.98
52.12
52.23
53.22
53.47
53.84
54.97
55.99
56.11
56.23
56.86
56.98
57.12
57.48
57.73
57.98
58.11
58.23
58.31
58.48
58.84
59.1
59.21
59.48
60.11
60.23
60.49
60.61
60.86
61.36
61.86
62.13
62.24
62.59
62.86
62.98
63.49
63.72
63.99
64.26
64.74
65.25
65.36
65.74
65.87
66.48
66.98
67.24
67.93
67.98
68.23
68.34
68.48
68.63
68.86
69.11
69.21
69.35
70.48
70.98
71.1
71.24
71.48
71.98
72.05
72.98
73.36
73.61
73.74
73.98
74.37
74.86
74.98
75.24
75.36
75.61
75.74
75.98
76.36
76.5
76.74
76.98
77.36
77.6
77.86
78.98
79.35
79.49
79.63
79.74
80.35
80.48
80.86
81.71
81.84
81.98
82.07
82.25
82.37
82.47
82.64
82.99
83.37
83.98
84.98
85.35
85.48
85.74
86.23
86.99
87.24
87.45
90.5
90.55
90.59
90.63
90.67
90.71
90.75
90.79
90.83
90.87
90.91
90.95
90.99
91.03
91.07
91.11
91.15
91.19
91.23
91.27
91.31
91.35
91.39
91.43
91.47
91.51
91.55
91.59
91.63
91.67
91.71
91.73
