0.06
0.41
0.75
0.91
1.1
1.26
1.44
1.61
1.78
1.95
2.13
2.47
2.81
3.15
3.5
3.84
4.18
4.52
4.87
5.03
5.21
5.55
5.9
6.24
6.58
6.93
7.269999999999999
7.61
7.95
8.3
8.64
8.98
9.32
9.67
10.01
10.35
10.7
11.04
11.57
11.72
12.07
12.41
12.75
13.1
13.44
13.78
14.12
14.47
14.81
15.15
15.49
15.84
16.01
16.18
16.36
16.53
17.05
17.21
17.4
17.56
17.73
17.9
18.08
18.42
18.76
19.09
19.26
19.44
19.78
19.95
20.47
21.67
22.88
23.21
23.56
23.83
24.24
24.93
25.62
26.3
27.67
28.36
29.04
29.73
30.42
31.1
31.78
33.85
39.33
43.18
44.48
45.49
45.63
46.53
46.59
46.87
46.96
47.21
47.55
48.24
48.59
48.99
49.16
49.28
49.96
50.3
50.47
50.55
50.61
51.01
51.19
54.07
56.82
57.67
64.63
65.64
65.73
66.75
67.44
67.78
68.13
68.47
68.81
69.5
69.85
72.24
73.27
73.61
74.3
75.33
75.55
75.66
76.02
77.4
77.73
78.75
79.1
79.79
83.22
86.31
86.54
87.57
88.7
90.75
94.19
113.73
121.62
127.1
132.6
132.7
132.9
133.63
136.76
136.8
137.11
137.15
137.44
137.52
138.16
138.47
140.18
140.22
146.51
