1.48
1.53
3.8
4.19
4.93
4.97
5.02
5.11
5.19
5.29
5.35
6.9
8.27
9.31
9.67
9.79
10.36
11.03
14.23
14.33
14.53
14.6
14.68
14.84
15.0
15.62
16.55
16.91
17.25
17.6
17.71
18.07
18.17
18.66
18.94
19.66
20.01
21.85
22.06
22.83
25.33
26.07
26.12
26.48
27.17
27.25
27.579999999999995
27.77
29.55
29.75
30.0
31.37
33.1
38.61
39.64
44.13
44.65
45.17
46.2
46.54
46.89
47.23
47.42
47.57
48.27
48.61
48.81
49.3
49.64
50.16
50.33
50.51
50.69
52.05
52.58
52.75
53.01
53.61
53.79
54.22
54.31
54.65
54.90999999999999
55.15999999999999
56.02
56.2
56.54
56.68
56.89
57.40999999999999
57.58
57.92
58.27
58.35
58.62
58.79
58.96
59.31
59.64
60.17
60.34
60.68
61.03
61.38
61.54
61.72
61.97
62.06
62.4
62.92
63.09
63.44
63.78
64.31
64.82
65.16
65.68
65.85
66.03
66.2
66.3
66.55
66.73
67.58
67.92
68.14
68.44
68.61
69.31
69.65
69.83
69.99
70.34
70.68
71.2
71.37
71.72
72.06
72.58
72.75
73.1
73.44
73.96
74.13
74.39
74.48
74.82
75.34
75.86
76.2
76.63
76.72
76.98
77.23
77.58
77.76
78.09
78.27
78.47
78.62
78.71
78.78
78.96
79.3
79.4
79.48
79.65
79.99
80.17
80.33
80.41
80.68
80.85
81.03
81.37
81.47
81.55
81.71
82.23
82.42
82.59
82.75
82.84
82.98
83.09
83.46
83.61
83.79
84.13
84.31
84.47
84.8
84.99
85.16
85.51
85.85
86.37
86.54
86.89
87.06
87.24
87.59
87.75
87.93
88.27
88.43
88.62
89.13
89.65
89.82
90.0
90.51
90.6
90.68
91.02
91.13
91.37
91.56
91.89
92.07
92.4
92.75
92.92
93.1
93.27
93.44
93.62
93.79
93.96
94.13
94.65
94.82
94.99
95.16
95.35
95.51
95.85
96.03
96.2
96.38
96.55
96.73
96.89
97.07
97.41
97.58
97.75
97.92
98.1
98.27
98.46
98.59
98.79
99.05
99.3
99.65
100.16
100.34
100.68
101.03
101.37
101.54
101.72
102.07
102.4
102.75
102.93
103.45
103.78
104.13
104.31
104.39
104.47
104.81
105.16
105.69
105.85
106.11
106.2
106.54
106.89
107.07
107.23
107.49
107.58
108.44
108.96
109.3
109.65
109.81999999999998
109.99
110.33
110.68
111.2
111.37
111.72
112.06
112.41
112.58
112.75
113.1
113.44
113.79
113.96
114.13
114.48
114.81999999999998
115.34
115.51
115.85
116.2
116.72
116.88
117.23
117.58
118.1
118.52
118.61
118.78
118.96
119.48
119.99
120.34
120.86
121.13
121.37
121.72
121.91
122.23
122.41
122.72
122.86
123.1
123.61
123.79
123.97
124.13
124.31
124.48
125.0
125.17
125.51
125.69
125.85
126.38
126.55
126.73
126.89
127.23
127.59
127.75
127.93
128.26
128.4
128.45
128.61
128.94
129.13
129.3
129.65
129.99
130.07
130.51
130.68
131.03
131.21
131.37
131.53
131.72
131.89
132.06
132.25
132.41
132.75
133.27
133.43
133.79
133.97
134.13
134.65
134.82
135.16
135.27
135.35
135.52
135.7
136.03
136.2
136.54
136.72
136.88
137.24
137.41
137.58
137.76
137.93
138.27
138.79
138.96
139.15
139.3
139.49
139.65
139.87
140.0
140.17
140.34
140.68
141.03
141.21
141.54
141.72
141.89
142.06
142.24
142.41
142.6
142.74
142.93
143.18
145.81
