3.56
4.32
4.5
4.74
5.31
6.94
7.26
7.42
7.519999999999999
9.91
12.05
14.21
14.45
14.61
14.68
14.789999999999997
14.94
15.07
15.14
15.31
15.45
15.63
15.83
15.99
16.18
16.24
16.33
16.5
16.56
16.63
16.73
16.88
16.98
17.1
17.2
17.27
17.43
17.51
17.55
17.7
17.78
17.87
18.06
18.21
18.28
18.36
18.5
18.55
18.72
18.87
18.95
19.07
19.26
19.42
19.69
19.84
19.97
20.07
20.45
20.61
20.8
20.92
21.01
21.14
21.3
21.48
21.65
21.83
21.93
22.0
22.17
22.24
22.68
22.8
23.15
23.19
23.37
23.54
23.73
23.89
24.05
24.56
24.7
25.42
25.67
25.73
25.85
25.93
26.1
26.21
26.29
26.43
26.56
26.62
26.74
26.83
26.96
27.14
27.34
27.48
27.6
27.65
27.99
28.16
28.23
28.32
28.67
28.81
28.86
28.98
29.19
29.37
29.53
29.72
30.06
30.22
30.67
30.74
30.91
30.99
31.07
31.23
31.42
31.579999999999995
31.77
31.91
31.98
32.21
32.29
32.45
32.62
32.82
32.95
33.48
33.64
33.73
33.89
34.17
34.28
34.33
34.44
34.51
34.86
35.01
35.2
35.52
35.88
36.1
36.17
36.22
36.3
36.38
36.57
36.79
36.91
37.61
37.87
38.09
38.21
38.32
38.66
38.75
38.83
39.15
39.24
39.66
39.73
40.06
40.2
40.27
40.46
40.63
40.96
41.4
42.1
42.34
42.44
43.26
43.61
43.7
44.16
44.32
44.6
45.02
45.06
45.16
45.21
45.53
45.6
45.76
46.01
46.07
46.18
46.36
46.53
46.88
46.98
47.82
47.87
47.91
48.89
48.93
48.97
49.05
49.14
49.27
49.34
49.38
49.6
49.65
49.76
51.31
51.37
51.41
51.51
56.46
57.54
57.82
58.26
59.79
60.58
68.55
69.31
70.18
70.22
71.88
71.95
72.17
72.22
72.31
72.39
72.45
72.49
74.33
75.12
75.62
77.54
77.66
78.05
78.26
79.02
79.85
80.11
80.27
80.36
80.44
80.64
80.74
80.79
80.97
82.49
82.97
83.02
84.83
85.27
85.37
85.42
85.54
85.59
85.73
86.28
86.74
86.97
87.14
88.16
88.34
88.66
89.02
89.85
90.21
91.52
91.67
91.77
91.84
91.91
92.0
92.46
92.52
92.98
93.08
93.37
93.82
93.95
94.07
94.16
94.29
94.33
94.41
94.51
94.67
94.86
95.34
95.67
95.88
96.06
96.22
96.39
96.5
96.54
96.74
96.91
97.05
97.25
97.43
97.58
97.8
97.88
97.93
97.99
98.05
98.09
98.17
98.26
98.33
98.43
98.53
98.61
98.78
98.95
99.23
99.46
99.71
99.82
99.92
99.98
100.07
100.11
100.17
100.28
100.35
100.49
100.7
100.85
101.02
101.21
101.37
101.43
101.53
101.59
101.64
101.91
102.06
102.37
102.57
102.74
102.99
103.43
103.59
103.72
103.94
104.1
104.23
105.16
105.25
105.46
105.64
105.74
105.89
105.98
106.11
106.16
106.34
106.43
106.61
106.66
106.74
106.86
106.91
107.01
107.12
107.19
107.54
107.7
107.79
107.88
108.21
108.56
108.72
108.9
109.06
109.25
109.36
109.53
109.59
109.77
109.81999999999998
109.87
109.94
110.01
110.11
110.28
110.39
110.47
110.53
110.81
110.96
111.26
111.41
111.51
111.55
111.64
111.77
111.83
111.9
112.0
112.05
112.17
112.33
112.5
112.76
112.85
112.98
113.37
113.48
113.55
113.7
113.88
113.97
114.06999999999998
114.21
114.39
114.53
114.73
114.89
115.08
115.25
115.3
115.35
115.42
115.77
115.87
116.98
117.14
117.31
117.48
117.65
117.83
118.18
119.1
