0.41
0.59
0.76
0.95
1.12
1.47
1.82
2.0
2.18
2.37
2.53
2.88
3.23
3.41
3.59
3.78
3.94
4.3
4.65
4.84
5.0
5.35
5.7
6.06
6.41
6.6
6.76
7.12
7.47
7.82
8.01
8.17
8.53
8.88
9.23
9.43
9.59
9.94
10.13
10.29
10.65
11.0
11.35
11.7
12.06
12.25
12.41
12.76
13.12
13.3
13.47
13.66
13.82
14.17
14.53
14.88
15.07
15.23
15.59
15.94
16.13
16.29
16.64
16.82
17.0
17.17
17.35
17.53
17.7
17.88
18.06
18.23
18.41
18.58
18.76
18.94
19.12
19.3
19.47
19.64
19.82
19.91
19.99
20.17
20.26
20.34
20.53
20.61
20.7
20.88
20.97
21.05
21.23
22.21
22.38
22.64
22.82
23.0
23.18
23.35
23.53
23.71
23.89
24.06
24.24
24.41
24.59
24.76
24.94
25.12
25.3
25.47
25.65
25.82
26.0
26.17
26.36
26.53
26.71
26.88
27.06
27.24
27.41
27.59
27.77
27.94
28.12
28.29
28.47
28.64
28.829999999999995
29.0
29.18
29.35
29.53
29.7
29.88
30.06
30.24
30.41
30.59
30.77
30.94
31.12
31.3
31.47
31.65
31.82
32.0
32.18
32.35
32.53
32.71
32.88
33.06
33.23
33.41
33.59
33.77
33.94
34.11
34.29
34.47
34.64
34.82
35.0
35.18
35.35
35.53
35.71
35.89
36.06
36.24
36.41
36.59
36.76
36.94
37.12
37.3
37.47
37.65
37.82
38.0
38.17
38.36
38.53
38.71
38.88
39.06
39.24
39.41
39.58
39.76
39.94
40.12
40.29
40.47
40.65
40.82
41.0
41.18
41.35
41.53
41.7
41.88
42.06
42.24
42.41
42.49
42.59
42.77
42.94
43.11
43.2
43.29
43.47
43.65
44.0
44.36
44.71
45.06
45.24
45.41
45.77
46.15
46.65
47.01
47.54
47.71
48.42
48.96
49.48
50.01
51.24
51.78
52.65
53.19
53.36
53.72
54.07
54.6
55.31
55.95
56.19
56.54
56.89
57.42
57.95
58.3
58.84
59.36
59.71
60.25
60.78
61.31
62.18
62.54
63.07
63.95
64.49
65.01
65.36
65.73
66.41
67.82
73.46
79.11
79.46
79.82
80.17
80.53
80.88
81.23
81.58
81.65
81.94
82.29
82.64
82.99
83.34
83.7
84.05
84.16
84.41
84.49
84.58
84.76
84.94
85.12
85.47
85.65
85.99
86.18
86.35
86.53
86.7
86.88
87.06
87.24
87.4
87.59
87.67
87.94
88.02
88.11
88.29
88.46
88.55
88.64
88.72
88.82
88.9
89.0
89.9
90.77
90.95
91.12
91.3
91.47
91.65
91.82
92.18
92.36
92.53
92.89
93.23
93.42
93.59
93.77
93.94
94.12
94.3
94.47
94.65
94.83
95.0
95.18
95.35
95.54
95.7
95.89
96.06
96.24
96.41
96.59
96.76
96.95
97.12
97.3
97.47
97.65
97.82
98.0
98.18
98.35
98.53
98.71
98.88
99.06
99.23
99.42
99.59
99.76
99.94
100.12
100.29
100.47
100.65
100.83
101.0
101.18
101.53
101.71
101.8
102.06
102.24
102.42
102.77
102.95
103.12
103.47
103.65
103.82
104.0
104.18
104.36
104.53
104.72
104.88
105.06
105.23
105.41
105.59
105.77
105.94
106.02
106.12
106.3
106.48
106.64
106.82
107.0
107.18
107.35
107.54
107.71
107.89
108.06
108.24
108.41
108.6
108.76
109.12
109.3
109.47
109.65
109.81999999999998
110.0
110.18
110.35
110.53
110.71
110.88
111.06
111.24
111.41
111.59
111.94
112.12
112.3
112.47
112.74
112.81999999999998
112.91
113.0
113.1
113.17
113.35
113.54
113.7
113.89
114.06
114.24
114.33
114.41
114.77
114.95
115.12
115.47
115.65
115.81999999999998
116.01
116.18
116.36
116.53
116.71
116.88
117.06
117.24
117.41
117.59
117.7
117.77
117.94
118.03
118.12
118.3
118.48
118.64
118.72
118.92
119.0
119.18
119.36
119.54
119.71
119.89
120.06
120.41
120.59
120.77
120.94
121.12
121.3
121.47
121.65
121.81999999999998
122.01
122.35
122.53
122.71
122.88
123.06999999999998
123.23
123.42
123.59
123.77
124.12
124.29
124.65
124.83
125.0
125.18
125.35
125.53
125.61
125.7
126.06
126.24
126.41
126.77
126.95
127.12
127.3
127.47
127.65
127.81999999999998
127.9
128.0
128.17
128.36
128.53
128.7
128.89
129.07
129.23
129.41
129.59
129.76
129.86
129.94
130.12
130.3
130.47
130.65
130.83
131.0
131.18
131.35
131.71
131.88
132.06
132.23
132.41
132.59
132.77
132.94
133.12
133.3
133.47
133.64
133.82
133.99
134.71
135.15
147.72
