5.4
5.84
6.55
6.87
7.01
7.92
8.16
8.61
8.85
9.09
9.31
9.55
9.77
10.25
10.46
10.7
10.94
11.16
11.39
11.61
12.31
12.54
12.79
13.0
13.18
13.59
13.63
13.72
13.93
14.16
14.28
14.39
14.75
14.82
15.11
15.22
15.33
15.67
16.02
16.25
16.49
16.72
16.95
17.18
17.41
17.52
17.64
17.86
17.99
18.21
18.33
18.55
18.79
18.91
19.02
19.21
19.37
19.71
19.95
20.18
20.41
20.64
20.87
20.98
21.21
21.32
21.56
21.9
22.02
22.26
22.59
22.71
22.82
23.05
23.4
23.64
23.87
24.11
24.33
24.56
24.9
25.02
25.09
25.17
25.25
25.37
25.6
25.71
26.18
26.28
26.4
26.51
26.59
26.75
26.98
27.09
27.329999999999995
27.56
27.8
28.26
28.49
28.579999999999995
28.71
28.8
28.94
29.06
29.29
29.4
29.53
29.66
29.85
30.09
30.19
30.32
30.42
30.65
30.89
31.01
31.12
31.24
31.36
31.47
31.69
31.82
32.27
32.51
32.62
32.74
32.86
32.98
33.08
33.31
33.53
33.77
34.02
34.13
34.23
34.36
34.47
34.62
34.7
34.92
35.04
35.29
35.39
35.62
35.97
36.08
36.2
36.31
36.44
36.54
36.78
37.01
37.23
37.35
37.7
37.81
38.05
38.28
38.4
38.75
38.86
39.08
39.21
39.44
39.55
39.66
39.78
39.89
40.0
40.12
40.24
40.48
40.82
41.16
41.4
41.52
41.76
41.86
41.98
42.09
42.31
42.43
42.57
42.78
43.01
43.35
43.48
43.59
43.82
43.94
44.17
44.36
44.4
44.54
44.85
45.09
45.2
45.43
45.54
45.77
46.12
46.24
46.35
46.47
46.7
46.95
47.05
47.28
47.39
47.5
47.62
47.96
48.09
48.31
48.54
48.79
48.89
49.12
49.23
49.35
49.47
49.93
50.05
50.27
50.4
50.74
50.98
51.08
51.31
51.66
51.78
52.0
52.14
52.23
52.47
52.59
52.82
52.93
53.05
53.16
53.51
53.63
53.74
53.85
54.09
54.33
54.43
54.55
54.65999999999999
54.78
54.89
55.01
55.25
55.35
55.47
55.7
55.93
56.17
56.28
56.51
56.62
56.73
56.86
57.2
57.32
57.54
57.68
57.78
58.13
58.22
58.46
58.59
58.95
59.18
59.88
60.42
61.01
62.38
62.89
63.32
63.57
63.64
64.05
64.24
64.48
64.71
66.91
66.99
67.03
67.4
67.75
67.79
67.84
68.4
70.4
70.51
70.62
70.68
70.73
70.95
71.09
71.54
71.6
71.87
73.73
74.32
74.39
74.63
74.78
75.18
75.22
77.89
78.0
78.05
78.47
79.02
81.43
81.78
81.89
82.01
82.69
82.8
82.92
83.02
83.17
83.27
83.51
83.61
84.1
85.95
86.17
86.4
86.86
87.66
87.78
88.24
88.95
89.52
89.74
89.86
90.44
90.79
91.13
91.36
91.49
91.83
92.05
92.17
92.41
92.66
92.98
93.21
93.44
93.55
94.49
94.82
95.05
95.17
95.29
95.4
95.64
95.75
95.87
96.44
96.56
96.91
97.25
97.49
97.72
97.95
98.41
98.74
98.87
98.94
99.02
99.1
99.22
99.44
99.56
99.68
100.02
100.13
100.25
100.36
100.6
100.94
101.18
101.41
101.64
101.87
102.1
102.34
102.43
102.56
102.64
103.02
103.14
103.25
103.93
104.17
104.27
104.51
104.62
104.85
105.2
105.31
105.54
105.77
106.02
106.13
106.35
106.47
106.58
106.7
106.94
107.16
107.39
107.62
107.96
108.19
108.3
108.43
108.55
108.85
109.01
109.24
109.36
109.48
109.71
109.81
109.94
110.05
110.16
110.39
110.86
111.0
111.08
111.21
111.31
111.55
111.66
111.89
112.01
112.12
112.24
112.58
112.7
112.81999999999998
112.93
113.06
113.16
113.41
113.51
113.63
113.73
113.85
113.97
114.08
114.2
114.43
114.55
114.77
115.0
115.25
115.36
115.7
115.81
115.94
116.28
116.39
116.61
116.85
117.09
117.2
117.67
118.25
119.11
119.27
119.48
119.62
119.83
119.9
125.67
