1.82
4.42
5.4
5.57
5.76
6.09
6.27
6.62
6.79
6.99
7.14
7.32
7.49
7.67
7.83
7.96
8.01
8.19
8.36
8.89
8.98
9.05
9.4
9.58
9.93
10.11
10.28
10.46
10.62
10.8
10.97
11.09
11.67
11.85
12.09
12.19
12.37
12.72
12.9
13.07
13.25
13.42
13.6
13.76
13.95
14.46
14.64
14.98
15.16
15.51
15.69
15.86
16.04
16.39
16.56
17.26
17.43
17.78
17.96
18.3
18.47
18.66
18.83
19.0
19.18
19.35
19.53
19.68
20.04
20.23
20.57
20.75
20.94
21.09
21.26
21.45
21.62
21.79
21.97
22.1
22.24
22.84
23.01
23.36
23.54
23.88
24.06
24.24
24.41
24.58
24.76
24.93
25.11
25.46
25.63
25.8
25.97
26.15
26.33
26.49
26.67
26.85
27.03
27.2
27.55
27.72
28.42
28.6
28.95
29.14
29.47
29.829999999999995
30.18
30.34
30.69
30.84
30.93
31.22
31.74
32.26
32.9
33.13
33.38
33.72
33.77
33.88
34.02
34.53
34.98
35.4
35.51
35.58
35.72
36.27
36.8
36.95
38.02
38.19
38.36
38.71
38.89
39.06
39.24
39.34
39.59
39.76
40.11
40.23
40.28
40.37
40.45
40.63
40.74
40.99
41.16
41.58
41.67
42.38
42.56
42.9
43.07
43.26
43.78
43.95
44.29
44.46
44.56
44.64
44.83
45.1
45.17
45.34
45.69
45.86
46.05
46.57
46.74
47.96
48.13
48.48
48.65
49.0
49.18
49.36
49.53
49.87
50.05
50.14
50.22
50.51
50.75
50.92
51.26
51.44
51.79
52.14
52.32
52.66
52.84
52.93
53.02
53.54
53.65
53.71
54.06
54.24
54.58
54.76
54.90999999999999
55.11
55.45
55.63
55.8
56.24
56.33
56.43
56.85
57.02
57.12
57.2
57.3
57.46
57.65
57.74
57.9
58.15999999999999
58.25
58.42
58.58
59.02
59.29
59.65
59.73
59.99
60.1
60.17
60.35
60.69
61.05
61.75
62.08
62.44
62.78
62.96
63.15
63.56
64.24
64.35
64.92
65.42
66.41
67.09
67.66
68.02
68.37
69.28
69.41
69.58
69.76
70.12
70.28
70.46
70.8
70.98
71.33
71.49
71.68
71.85
72.02
72.2
72.37
72.55
72.77
73.25
73.59
73.73
73.86
73.95
74.12
74.29
74.47
74.64
74.81
74.99
75.26
75.46
75.69
75.86
76.04
76.38
76.56
76.73
76.91
77.0
77.08
77.26
77.43
77.6
77.78
77.95
78.04
78.13
78.65
78.83
79.17
79.35
79.53
79.7
79.88
80.05
80.22
80.57
80.74
80.92
81.44
81.62
82.14
82.49
82.67
82.84
83.01
83.19
83.36
83.54
83.71
83.91
83.99
84.06
84.23
84.41
84.76
84.93
85.28
85.45
85.54
85.62
85.81
86.15
86.43
86.69
86.87
86.97
87.2
87.56
87.9
88.08
88.27
88.36
88.43
88.6
88.93
89.29
89.99
90.51
91.21
91.38
91.73
91.91
92.08
92.26
92.36
92.44
92.56
92.61
92.79
93.13
93.26
93.31
93.48
93.65
94.01
94.18
95.57
95.92
96.09
96.8
96.97
97.32
97.49
97.58
97.67
97.85
98.19
98.36
98.67
98.71
98.88
98.97
99.07
99.34
99.59
99.67
99.76
100.2
100.98
101.15
101.49
101.68
102.03
102.38
102.55
103.07
103.17
103.21
103.53
103.77
103.94
104.29
104.46
104.81
104.99
105.16
105.34
105.68
105.86
105.96
106.05
106.56
106.66
106.74
107.08
107.26
107.61
107.78
107.92
108.13
108.48
108.65
108.82
109.18
109.35
109.52
109.88
110.15
110.23
110.31999999999998
110.41
110.49
110.67
110.76
110.93
111.28
111.45
111.98
112.31
112.67
112.74
113.02
113.13
113.19
113.37
113.56999999999998
113.71
113.87
114.06999999999998
114.27
114.4
115.11
115.46
115.54
115.74
115.8
115.91
115.99
116.17
116.51
116.68
116.89
118.02
126.35
