0.15
0.28
0.42
0.56
0.85
1.13
1.56
1.7
1.91
1.99
2.14
2.27
2.7
2.84
3.14
3.3
3.41
3.71
3.85
3.99
4.28
4.56
4.85
4.99
5.13
5.42
5.7
6.13
6.27
6.56
6.71
6.84
6.98
7.06
7.269999999999999
7.42
7.71
7.87
7.99
8.2
8.42
8.56
8.85
9.13
9.28
9.42
9.56
9.71
9.85
9.99
10.15
10.28
10.43
10.56
10.7
10.85
10.99
11.08
11.13
11.29
11.42
11.71
11.85
12.0
12.13
12.28
12.44
12.56
12.71
12.85
12.99
13.09
13.14
13.27
13.37
13.42
13.56
13.7
13.85
13.99
14.13
14.3
14.42
14.56
14.72
14.85
14.99
15.13
15.27
15.37
15.43
15.56
15.65
15.71
15.86
15.99
16.28
16.42
16.5
16.56
16.7
16.85
17.01
17.13
17.28
17.42
17.56
17.71
17.85
17.94
17.99
18.13
18.27
18.43
18.56
18.71
18.86
18.99
19.13
19.29
19.42
19.57
19.7
19.85
20.0
20.13
20.23
20.28
20.43
20.56
20.85
20.99
21.14
21.27
21.42
21.58
21.7
21.85
21.99
22.13
22.28
22.42
22.51
22.56
22.7
22.85
23.0
23.13
23.28
23.43
23.56
23.65
23.7
23.87
23.99
24.14
24.28
24.42
24.57
24.7
24.85
25.0
25.13
25.42
25.56
25.72
25.84
25.99
26.15
26.27
26.43
26.56
26.7
26.85
26.99
27.13
27.27
27.42
27.85
27.99
28.28
28.56
28.99
29.13
29.42
29.7
30.0
30.14
30.28
30.57
30.85
31.28
31.42
31.71
31.99
32.28
32.42
32.56
32.85
33.13
33.42
33.57
33.7
33.99
34.27
34.57
34.71
34.85
35.14
35.42
35.71
35.85
35.99
36.28
36.56
36.85
36.99
37.13
37.42
37.7
38.13
38.28
38.56
38.84
39.28
39.42
39.71
39.99
40.42
40.56
40.85
41.13
41.42
41.56
41.7
41.99
42.27
42.57
42.71
42.85
43.13
43.42
43.72
43.85
43.99
44.28
44.56
44.85
44.99
45.13
45.42
45.7
45.85
45.99
46.13
46.28
46.42
46.56
46.72
46.84
47.0
47.14
47.27
47.42
47.56
47.71
47.85
47.99
48.14
48.28
48.42
48.57
48.7
48.85
49.0
49.14
49.28
49.42
49.56
49.71
49.85
49.99
50.13
50.28
50.43
50.57
50.71
50.86
50.99
51.14
51.29
51.42
51.57
51.71
51.85
52.0
52.14
52.28
52.43
52.56
52.85
52.99
53.14
53.28
53.42
53.57
53.71
53.85
53.99
54.13
54.28
54.42
54.57
54.7
54.85
55.0
55.13
55.28
55.42
55.56
55.71
55.86
55.99
56.14
56.28
56.42
56.57
56.7
56.85
57.0
57.13
57.28
57.42
57.56
57.85
57.99
58.14
58.28
58.42
58.56
58.71
58.85
58.99
59.14
59.27
59.42
59.57
59.71
59.85
60.0
60.13
60.28
60.43
60.56
60.71
60.85
60.99
61.14
61.28
61.42
61.57
61.71
61.86
61.99
62.13
62.42
62.57
62.72
62.85
63.0
63.14
63.28
63.42
63.56
63.71
63.84
63.99
73.13
73.43
73.85
73.99
74.29
74.57
75.0
75.72
76.14
76.28
76.57
76.99
77.42
77.71
78.0
78.13
78.43
78.56
79.14
79.28
80.28
80.42
80.85
81.71
82.0
82.28
82.43
82.56
82.71
82.85
83.29
83.42
83.57
83.99
84.42
84.56
84.99
85.13
85.51
85.75
85.84
86.27
86.49
86.7
86.85
87.28
87.41
87.71
87.85
88.14
88.29
88.35
88.42
88.57
89.0
89.14
89.33
89.57
89.84
89.99
90.26
90.42
90.7
90.92
91.28
91.49
91.71
91.85
92.21
92.28
92.43
92.71
92.93
92.99
93.14
93.35
93.41
93.48
93.57
93.71
93.92
93.99
94.13
94.29
94.56
94.66
94.83
94.99
95.49
95.69
95.78
95.85
95.99
96.06
96.42
96.56
96.68
96.85
97.0
97.13
97.28
97.71
98.14
98.28
98.41
98.49
98.56
98.71
98.94
99.14
99.29
99.41
99.55
99.99
100.27
100.56
100.72
100.85
101.0
101.13
101.28
101.42
101.57
101.71
101.85
101.99
102.13
102.28
102.42
102.56
102.71
102.85
102.99
103.13
103.28
103.42
103.56
103.71
103.85
103.99
104.14
104.28
104.42
104.57
104.71
104.85
105.0
105.14
105.28
105.42
105.56
105.71
105.85
105.99
106.14
106.28
106.42
106.56
106.71
106.85
106.99
107.14
107.28
107.42
107.56
107.71
107.85
107.99
108.13
108.28
108.42
108.56
108.71
108.85
108.99
109.14
109.28
109.42
109.56999999999998
109.71
109.85
109.99
110.14
110.28
110.42
110.56
110.71
110.85
110.99
111.14
111.28
111.42
111.56999999999998
111.71
111.85
112.0
112.13
112.28
112.42
112.56999999999998
112.71
112.85
112.99
113.14
113.28
113.42
113.56
113.71
113.85
113.99
114.14
114.23
114.28
114.42
114.56999999999998
114.71
114.85
114.99
115.13
115.28
115.42
115.56
115.71
115.85
115.99
116.14
116.28
116.42
116.56999999999998
116.71
116.85
116.99
117.14
117.28
117.42
117.56999999999998
117.71
117.86
117.99
118.14
118.28
118.43
118.56
118.71
120.61
120.84
120.95
121.09
123.44
