2.06
2.26
2.66
2.77
2.95
3.05
3.15
3.27
3.39
3.54
4.0
4.18
4.56
4.62
4.85
5.0
5.11
5.23
5.39
5.94
6.25
6.43
6.53
6.63
6.7
7.07
7.19
7.29
7.44
7.54
7.66
7.97
8.03
8.52
8.77
8.89
9.01
9.08
9.28
9.5
9.67
9.75
9.86
9.93
10.07
10.26
10.35
10.39
10.43
10.52
10.72
10.84
10.97
11.06
11.21
11.33
11.39
11.43
11.53
11.63
11.72
11.94
12.19
12.3
12.38
12.43
12.53
12.72
12.83
13.1
13.29
13.43
13.61
13.66
13.77
13.85
13.92
14.16
14.25
14.39
14.5
14.82
14.89
15.0
15.07
15.11
15.24
15.36
15.49
15.57
15.64
15.71
15.98
16.06
16.12
16.23
16.3
16.36
16.46
16.64
16.78
17.03
17.09
17.17
17.26
17.37
17.54
17.59
17.84
18.04
18.18
18.32
18.42
18.55
18.76
18.81
18.93
19.05
19.23
19.31
19.54
19.64
19.74
19.79
19.9
19.97
20.03
20.15
20.28
20.37
20.52
20.63
20.68
20.72
20.83
20.88
20.92
21.0
21.13
21.2
21.29
21.46
21.61
21.69
21.77
21.85
21.94
21.99
22.18
22.24
22.49
22.58
22.74
22.8
22.85
22.89
22.97
23.15
23.23
23.33
23.4
23.45
23.56
23.63
23.71
23.8
23.93
24.05
24.14
24.18
24.3
24.38
24.53
24.64
24.79
24.86
24.93
25.01
25.16
25.23
25.31
25.41
25.53
25.68
25.89
26.03
26.26
26.34
26.39
26.52
26.56
26.63
26.71
26.78
26.87
26.96
27.03
27.13
27.37
27.5
27.61
27.74
27.86
27.94
27.99
28.11
28.23
28.31
28.35
28.44
28.48
28.54
28.59
28.68
28.75
28.84
28.95
29.02
29.1
29.16
29.29
29.34
29.57
29.68
29.79
29.829999999999995
29.9
29.95
30.02
30.07
30.21
30.31
30.42
30.68
30.8
30.95
31.04
31.16
31.29
31.41
31.45
31.54
31.68
31.73
31.77
31.9
31.99
32.03
32.16
32.23
32.34
32.4
32.47
32.51
32.58
32.62
32.74
32.91
33.09
33.16
33.25
33.5
33.55
33.73
33.85
33.9
33.94
33.99
34.4
34.58
34.77
34.97
35.09
35.18
35.24
35.33
35.45
35.58
35.69
35.78
35.85
35.94
36.02
36.08
36.19
36.31
36.42
36.58
36.69
36.73
36.92
37.13
37.2
37.26
37.43
37.65
37.9
38.14
38.58
38.8
38.89
39.12
39.38
39.6
39.67
39.78
39.86
40.09
40.37
40.43
40.47
40.59
40.72
40.79
40.85
41.09
41.35
41.56
41.61
41.73
41.81
41.93
42.06
42.17
42.38
42.55
42.68
42.76
42.87
42.95
43.03
43.29
43.42
43.53
43.64
43.78
43.87
43.91
44.01
44.16
44.28
44.38
44.51
44.55
44.66
44.73
44.93
44.99
45.25
45.36
45.49
45.75
45.98
46.17
46.46
46.58
46.72
46.84
46.95
47.21
47.33
47.45
47.57
47.7
47.76
47.83
47.95
48.08
48.19
48.27
48.57
48.72
48.86
48.92
49.05
49.17
49.28
49.41
49.56
49.91
50.15
50.28
50.4
50.56
50.66
51.0
51.25
51.37
51.49
51.64
51.74
51.86
51.93
52.0
52.06
52.1
52.22
52.32
52.6
52.84
52.98
53.14
53.18
53.33
53.48
53.57
53.61
53.68
53.79
54.29
54.56
54.69
54.79
54.9
55.06
55.18
55.3
55.43
55.6
55.71
55.97
56.15
56.24
56.31
56.4
56.52
56.62
56.7
56.77
56.87
57.21
57.28
57.38
57.46
57.54
57.74
57.86
57.95
57.99
58.03
58.09
58.23
58.34
58.40999999999999
58.55
58.65
58.73
58.95
59.0
59.09
59.21
59.33
59.40999999999999
59.46
59.56
59.69
59.86
60.06
60.11
60.2
60.32
60.4
60.45
60.53
60.62
60.68
60.78
60.88
60.94
61.17
61.39
61.43
61.67
61.75
61.83
61.90999999999999
61.99
62.08
62.15
62.32
62.58
62.65
62.9
63.01
63.09
63.13
63.25
63.37
63.47
63.61
63.65999999999999
63.74
63.85
64.06
64.12
64.21
64.37
64.44
64.6
64.86
65.05
65.21
65.37
65.47
65.56
65.78
65.85
66.07
66.24
66.32
66.56
66.66
66.76
66.81
66.92
67.06
67.17
67.3
67.4
67.54
67.62
67.7
67.74
67.92
67.99
68.03
68.2
68.29
68.48
68.64
68.69
68.79
68.86
68.97
69.2
69.26
69.45
69.5
69.61
69.81
69.86
69.99
70.11
70.16
70.24
70.43
70.47
70.57
70.66
70.73
70.83
71.07
71.16
71.21
71.33
71.56
71.72
71.82
71.9
72.05
72.31
72.37
72.44
72.56
72.64
72.8
72.88
73.04
73.13
73.36
73.45
73.59
73.65
73.91
74.0
74.1
74.15
74.31
74.43
74.51
74.89
75.0
75.13
75.24
75.32
75.38
75.5
75.62
75.9
75.99
76.13
76.22
76.32
76.71
76.8
76.84
76.96
77.05
77.32
77.45
77.53
77.58
77.69
77.85
78.0
78.07
78.32
78.39
78.51
78.75
78.8
78.88
79.01
79.05
79.23
79.4
79.48
79.52
79.66
79.79
79.87
80.02
80.21
80.48
80.52
80.68
80.85
81.0
81.26
81.47
81.93
81.99
82.24
82.36
82.43
82.56
82.67
82.77
82.96
83.06
83.37
83.63
83.7
83.92
84.2
84.55
84.71
84.87
85.04
85.17
85.43
85.52
85.85
85.9
86.15
86.19
86.32
86.41
86.83
86.89
87.06
87.14
87.22
87.64
87.74
87.79
88.12
88.34
88.48
88.57
88.61
88.84
89.09
89.2
89.33
89.44
89.58
89.82
90.07
90.31
90.57
90.68
90.81
90.91
91.05
91.17
91.29
91.41
91.54
91.67
91.78
92.02
92.15
92.27
92.39
92.51
92.76
93.01
93.12
93.25
93.32
93.36
93.49
93.74
93.98
94.11
94.24
94.48
94.72
94.84
94.96
95.08
95.21
95.33
95.45
95.52
95.57
95.71
95.87
96.1
96.36
96.45
96.58
96.67
96.74
96.93
96.98
97.06
97.17
97.31
97.43
97.58
97.67
97.93
98.04
98.34
98.51
98.8
98.91
99.01
99.13
99.31
99.38
99.51
99.63
99.82
99.94
100.11
100.36
100.52
100.61
100.65
100.85
101.18
101.34
101.5
101.58
101.94
102.07
102.39
102.47
102.57
102.67
102.72
102.79
102.83
102.88
102.96
103.22
103.34
103.46
103.78
103.93
104.29
104.4
104.52
104.75
105.02
105.92
106.0
106.14
106.34
106.41
106.49
106.81
106.87
107.05
107.61
108.6
