1.68
1.8
2.11
2.43
2.75
3.18
3.38
3.48
4.22
4.44
4.65
4.86
5.07
5.28
5.5
5.7
5.92
6.13
6.34
6.55
6.77
6.97
7.19
7.269999999999999
7.4
7.61
7.82
8.03
8.14
8.24
8.34
8.45
8.66
8.77
8.88
9.09
9.51
9.94
10.4
10.98
11.08
11.2
11.51
11.62
11.73
11.83
12.04
12.26
12.47
12.68
12.89
13.0
13.1
13.21
13.31
13.53
13.74
13.95
14.16
14.37
14.58
14.789999999999997
14.9
15.0
15.09
15.22
15.64
15.85
16.01
16.05
16.27
16.47
16.59
16.7
16.89
17.11
17.21
17.32
17.53
17.74
17.82
17.96
18.5
18.59
18.8
19.02
19.22
19.44
19.65
19.86
19.97
20.08
20.28
20.49
20.71
20.91
21.09
21.14
21.34
21.55
21.65
21.77
21.87
22.18
22.39
22.61
22.82
23.03
23.23
23.66
24.08
24.72
24.82
24.94
25.02
25.14
25.23
25.35
25.57
25.78
25.99
26.21
26.41
26.62
26.84
27.05
27.25
27.47
27.68
27.89
27.98
28.1
28.31
28.42
28.52
28.74
28.829999999999995
28.94
29.16
29.37
29.79
30.01
30.21
30.42
30.75
30.84
31.27
31.48
31.69
31.91
32.01
32.11
32.33
32.54
32.75
32.96
33.18
33.29
33.39
33.59
33.8
34.02
34.11
34.23
34.44
34.65
34.86
35.08
35.29
35.39
35.5
35.71
35.92
36.13
36.34
36.42
36.55
36.77
36.97
37.19
37.4
37.61
37.82
38.02
38.24
38.45
38.66
38.88
39.09
39.3
39.51
39.72
39.94
40.04
40.14
40.24
40.35
40.57
40.78
40.91
40.99
41.2
41.41
41.49
41.62
41.84
41.94
41.98
42.05
42.25
42.47
42.68
42.89
43.11
43.32
43.42
43.52
43.73
44.15
44.37
44.79
45.0
45.14
45.21
45.42
45.64
45.77
45.84
46.06
46.27
46.48
46.65
46.69
46.91
47.11
47.33
47.53
47.74
47.98
48.08
48.17
48.39
48.59
48.81
49.02
49.23
49.44
49.65
49.87
50.07
50.29
50.39
50.71
50.92
51.14
51.34
51.55
51.76
51.97
52.19
52.29
52.4
52.61
52.82
53.03
53.25
53.46
53.67
53.77
53.89
54.09
54.3
54.51
54.72
54.93
55.14
55.35
55.77
55.99
56.09
56.40999999999999
56.62
56.84
57.04
57.25
57.88
58.3
58.52
58.74
58.95
59.04
59.15999999999999
59.37
59.58
59.78
60.0
60.22
60.32
60.43
60.64
60.86
61.05
61.27
61.69
61.8
61.90999999999999
62.11
62.32
62.40999999999999
62.54
62.76
62.85
62.96
63.17
63.3
63.37
63.59
64.02
64.23
64.44
64.65
64.86
65.06
65.29
65.82
65.92
66.13
66.34
66.46
66.54
66.77
66.91
66.98
67.18
67.3
67.41
67.61
67.77
67.83
68.03
68.24
68.45
68.68
68.77
68.88
69.09
69.3
69.51
69.72
69.93
70.14
70.35
70.57
70.68
70.78
70.98
71.2
71.31
71.41
71.63
71.79
72.05
72.25
72.37
72.47
72.57
72.69
72.78
72.89
73.0
73.1
73.31
73.52
73.74
74.16
74.27
74.38
74.47
74.59
74.69
74.79
75.11
75.42
75.49
75.63
75.74
75.85
76.06
76.27
76.38
76.49
76.9
77.12
77.33
77.43
77.54
77.75
77.96
78.18
78.38
78.59
78.81
79.02
79.23
79.44
79.65
79.76
79.87
80.08
80.29
80.49
80.81
80.92
81.03
81.13
81.34
81.55
81.76
81.88
82.07
82.19
82.32
82.41
82.61
83.03
83.24
83.67
83.88
84.3
84.51
84.73
84.94
85.15
85.37
85.57
85.77
85.89
85.98
86.21
86.41
86.53
86.63
86.84
87.06
87.26
87.37
87.69
87.78
87.89
87.99
88.11
88.21
88.32
88.52
88.74
89.16
89.27
90.0
93.56
