0.13
2.72
3.2
4.63
4.72
5.1
5.55
5.74
6.21
6.35
6.55
6.66
7.0
7.21
7.65
7.83
8.29
8.77
8.98
9.41
9.53
9.63
10.21
10.53
10.69
10.84
11.48
11.63
11.78
11.95
12.12
12.45
12.59
12.75
12.99
13.08
13.22
13.4
13.61
13.91
14.039999999999997
14.36
14.51
14.61
14.67
15.01
15.21
15.31
15.63
15.76
15.95
16.41
16.59
16.86
16.9
17.06
17.23
17.46
17.54
17.62
17.71
18.1
18.17
18.35
18.51
18.89
19.14
19.46
19.78
20.1
20.27
20.42
20.64
20.73
21.05
21.69
22.17
22.26
22.48
22.65
22.76
22.8
22.96
23.29
23.46
23.61
24.18
24.58
24.78
24.88
25.05
25.17
25.52
25.83
26.15
26.64
26.81
26.94
27.22
27.28
27.38
27.61
27.76
27.84
27.94
28.07
28.38
28.5
28.71
29.13
29.77
30.42
32.2
32.54
32.73
33.19
33.5
33.66
33.82
34.14
34.29
34.55
34.61
34.78
34.93
35.08
35.26
35.35
35.42
35.57
35.73
36.05
36.2
36.37
36.68
36.84
37.16
37.33
37.49
37.62
37.79
37.91
37.97
38.13
38.28
38.57
38.76
38.93
39.08
39.4
39.53
39.72
39.83
39.89
40.05
40.2
40.52
40.84
40.93
41.16
41.31
41.48
41.64
41.79
41.95
42.12
42.28
42.44
42.6
42.75
42.89
43.08
43.24
43.38
43.51
43.71
43.87
44.19
44.36
44.51
44.63
44.83
44.99
45.3
45.47
45.63
45.8
45.95
46.27
46.59
46.91
47.05
47.73
47.86
48.03
48.34
48.49
48.77
48.81
49.14
49.27
49.47
49.61
49.75
49.93
50.25
50.4
50.66
50.74
50.9
51.05
51.24
51.37
51.53
51.7
51.84
52.01
52.16
52.32
52.49
52.65
52.81
52.96
53.29
53.45
53.61
53.9
54.06
54.24
54.53
54.72
55.02
55.21
55.36
55.51
55.79
55.83
55.95
56.01
56.3
56.48
56.61
56.72
56.79
57.12
57.58
57.72
58.34
58.39
58.55
58.65
58.71
58.99
59.03
59.34
59.5
59.67
59.82
59.93
59.98
60.15
60.3
60.46
60.62
60.82
60.88
60.94
61.1
61.26
61.39
61.44
61.58
61.74
61.9
62.06
62.22
62.38
62.52
62.69
62.87
63.01
63.18
63.37
63.51
63.65999999999999
63.81
64.07
64.12
64.45
64.61
64.69
64.93
65.18
65.24
65.4
65.57
65.71
65.86
65.9
66.0
66.06
66.18
66.22
66.38
66.53
66.69
66.82
66.99
67.33
67.49
67.78
67.97
68.58
68.77
68.87
68.92
69.13
69.2
69.24
69.56
69.88
70.04
70.13
70.17
70.36
70.51
70.68
70.82
71.01
71.09
71.16
71.32
71.96
72.12
72.43
72.74
72.91
73.39
74.03
74.28
74.75
75.34
75.4
76.65
77.28
77.87
77.92
79.2
80.76
81.15
83.92
84.22
84.89
85.08
85.36
85.84
86.15
86.47
86.75
86.8
87.11
87.57
87.64
88.07
88.39
88.71
88.88
89.03
89.32
89.81
90.15
90.45
90.6
92.03
92.48
92.69
92.84
93.16
93.68
93.95
94.29
94.43
94.78
95.05
95.1
95.25
95.41
95.57
95.89
96.06
96.21
96.35
96.69
96.86
97.01
97.33
97.65
97.97
98.12
98.46
98.79
98.92
99.09
99.4
99.56
99.82
99.88
100.05
100.2
100.36
100.67
100.81
100.99
101.31
101.47
101.8
101.97
102.11
102.31
102.44
102.59
102.76
102.91
103.07
103.23
103.38
103.51
103.55
103.71
103.87
104.02
104.3
104.36
104.51
104.68
105.31
105.59
105.79
105.96
106.09
106.27
106.43
106.55
106.71
106.9
107.03
107.07
107.22
107.37
107.54
107.67
107.78
107.84
108.17
108.64
108.78
108.94
109.09
109.39
109.46
109.61
109.7
110.09
110.56999999999998
110.73
110.89
111.21
111.37
111.52
111.68
111.9
111.98
112.17
112.31999999999998
112.65
112.8
112.96
113.12
113.29
113.44
113.56
113.76
113.93
114.08
114.23
114.4
114.56
114.73
114.88
115.19
115.52
116.0
116.31
116.47
116.64
116.77
116.96
117.11
117.28
117.43
117.59
117.75
118.05
118.39
118.55
118.7
118.85
119.03
119.64
119.93
119.97
120.31
120.46
120.62
120.77
120.95
121.1
121.22
121.73
122.1
122.22
123.02
123.18
123.35
123.5
123.98
124.47
124.69
124.81999999999998
130.29
