4.72
4.77
5.02
5.63
5.83
6.12
6.23
6.43
6.53
6.67
6.73
7.04
7.12
7.24
7.66
7.86
7.95
8.05
8.17
8.24
8.39
8.53
8.66
8.8
8.93
9.06
9.15
9.33
9.46
9.56
9.67
9.78
9.87
10.15
10.68
10.98
11.28
11.39
11.49
11.93
12.3
12.48
12.65
12.7
13.1
13.48
13.68
13.91
14.11
14.21
14.33
14.42
14.63
14.71
14.86
15.0
15.13
15.26
15.4
15.53
15.63
15.73
15.84
16.15
16.22
16.29
16.35
16.54
16.62
16.89
16.99
17.09
17.45
17.76
17.85
17.96
18.17
18.47
18.58
18.77
18.96
19.17
19.58
19.76
20.12
20.25
20.39
20.59
20.69
20.79
20.91
21.0
21.18
21.33
21.47
21.6
21.74
21.87
22.01
22.1
22.27
22.37
22.5
22.61
22.82
23.16
23.49
23.62
23.93
24.23
24.34
24.43
25.05
25.18
25.24
25.64
25.69
26.05
26.36
26.56
26.64
26.76
27.16
27.39
27.47
27.67
27.84
27.94
28.07
28.21
28.35
28.48
28.74
29.29
29.41
29.56
30.1
30.4
30.52
30.7
30.8
30.9
31.329999999999995
31.72
32.12
32.48
32.52
33.11
33.19
33.34
33.64
33.84
34.04
34.15
34.44
34.72
34.95
35.15
35.35
35.55
35.76
35.81
36.31
36.37
36.56
36.87
37.37
37.58
37.88
37.97
38.18
38.59
38.72
38.79
38.89
38.99
39.11
39.18
39.28
39.5
39.58
39.63
39.82
40.11
40.3
40.41
40.61
40.82
40.91
41.42
41.51
41.69
41.83
41.91
41.97
42.23
42.43
42.84
43.04
43.2
43.34
43.65
43.74
43.85
44.05
44.54
44.66
45.06
45.16
45.26
45.38
45.42
45.98
46.22
46.27
46.58
46.78
46.98
47.09
47.29
47.59
47.69
47.9
47.98
48.03
48.2
48.3
48.44
48.6
48.69
49.11
49.2
49.37
49.51
49.81
49.92
50.07
50.32
50.52
50.61
50.83
51.13
51.35
51.54
51.68
51.72
51.83
51.94
52.15
52.34
52.75
52.97
53.17
53.26
53.36
53.47
53.57
53.65
53.77
54.12
54.18
54.58
54.79
54.9
54.98
55.1
55.19
55.39
56.0
56.32
56.42
56.61
56.8
57.01
57.14
57.22
57.40999999999999
57.51
57.82
58.04
58.13
58.22
58.42
58.62
58.83
59.24
59.38
59.43
59.63
59.73
60.04
60.12
60.24
60.55
60.64
60.74
60.89
61.05
61.36
61.45
61.55
61.65
61.84
61.96
62.26
62.65999999999999
62.88
63.06
63.26
63.71
63.87
63.92
64.0
64.09
64.3
64.89
65.2
65.29
65.58
66.13
66.41
66.5
66.74
67.09
67.15
67.31
67.52
67.65
67.71
68.12
68.34
68.54
68.73
68.93
69.35
69.43
69.55
69.74
70.38
70.54
70.77
70.85
71.11
71.15
71.35
71.55
72.16
72.53
72.59
72.97
73.41
73.45
73.6
73.78
74.03
74.19
74.43
74.59
74.8
74.84
75.02
75.41
75.76
75.83
76.03
76.21
76.64
76.83
77.02
77.22
77.32
77.46
77.53
77.63
77.73
77.82
78.06
78.24
78.41
78.45
78.51
78.59
78.63
79.44
79.69
79.86
80.04
80.26
80.41
80.5
80.66
80.87
81.06
81.25
81.37
81.67
81.87
82.27
82.35
82.39
82.45
82.68
83.11
83.3
83.39
83.49
83.7
84.09
84.3
84.51
84.68
84.96
85.11
85.53
85.91
86.35
86.53
86.73
86.94
87.13
87.34
87.38
87.53
87.76
88.35
88.65
88.75
89.15
89.59
89.75
89.91
89.96
90.47
90.57
90.67
90.77
91.04
91.18
91.58
92.0
92.39
93.04
93.19
93.6
93.82
94.01
94.23
94.31
94.45
94.54
94.62
94.82
94.91
94.98
95.24
95.63
96.05
96.25
96.44
97.04
97.24
97.39
97.52
97.65
97.91
98.05
98.47
98.86
99.09
99.24
99.35
99.48
99.68
99.87
99.91
100.07
100.3
100.48
100.71
101.11
101.7
102.1
102.32
102.54
102.73
102.91
103.13
103.22
103.52
103.62
103.72
103.95
104.09
104.39
104.53
104.75
104.94
105.33
105.74
105.88
105.99
106.14
106.78
106.87
106.95
107.18
107.26
107.32
107.56
107.7
107.77
108.19
108.57
108.8
108.88
109.19
109.38
109.62
109.92
109.99
110.19
110.61
110.7
110.89
111.0
111.21
111.42
111.53
111.79
112.05
112.16
112.21
112.26
112.31999999999998
112.39
112.49
112.56
112.62
112.72
112.79
112.84
113.04
113.14
113.23
113.42
113.65
114.05
114.23
114.65
114.91
115.04
115.22
115.31999999999998
115.68
115.72
115.86
116.02
116.11
116.55
116.66
117.22
118.28
118.9
119.09
119.31999999999998
119.5
119.9
120.5
120.66
121.16
121.52
122.15
122.33
122.54
122.63
122.94
123.14
123.7
123.8
123.94
124.06
124.18
124.41
124.64
124.75
125.08
125.26
125.37
125.41
125.48
125.56
125.79
125.87
125.96
126.06999999999998
126.15
126.21
126.28
126.37
126.62
126.81
126.86
126.92
127.0
127.09
127.18
127.64
127.94
127.99
128.33
128.45
128.73
129.03
129.1
129.4
129.51
129.61
130.04
130.12
130.26
130.43
130.48
130.75
131.02
131.86
135.01
