0.67
0.93
1.45
2.39
3.08
4.12
4.52
5.2
6.66
7.019999999999999
7.45
7.61
7.99
8.27
8.5
8.6
8.66
8.79
9.33
9.59
9.85
9.98
10.66
10.92
11.05
11.14
11.28
11.45
11.73
11.85
11.99
12.11
12.39
12.52
12.79
12.91
13.05
13.19
13.33
13.58
13.86
13.98
14.12
14.25
14.52
14.65
14.93
15.19
15.32
15.72
15.99
16.26
16.65
16.79
17.05
17.18
17.33
17.4
17.46
17.6
17.83
17.93
18.07
18.12
18.39
18.5
18.79
18.92
19.4
19.46
19.58
19.98
20.25
20.39
20.52
20.91
21.0
21.06
21.32
21.42
21.53
21.58
21.72
21.86
22.2
22.27
22.39
22.65
22.79
23.05
23.19
23.46
23.71
23.93
24.26
24.53
24.62
24.79
25.19
25.59
25.71
25.85
26.05
26.33
26.54
26.65
26.79
26.92
27.1
27.2
27.31
27.45
27.61
27.72
27.86
27.98
28.12
28.21
28.4
28.52
28.78
28.92
29.05
29.19
29.329999999999995
29.45
29.59
29.72
29.85
29.98
30.06
30.13
30.25
30.38
30.51
30.66
30.829999999999995
30.92
31.19
31.32
31.47
31.59
31.73
31.99
32.12
32.25
32.39
32.52
32.78
32.92
33.01
33.05
33.19
33.33
33.41
33.57
33.71
33.98
34.11
34.65
34.75
34.86
35.06
35.19
35.32
35.45
35.59
35.73
35.85
35.98
36.14
36.26
36.39
36.52
36.65
36.8
36.9
37.05
37.21
37.32
37.46
37.59
37.72
37.86
37.98
38.13
38.38
38.52
38.66
38.78
38.91
39.03
39.18
39.45
39.58
39.72
40.0
40.12
40.26
40.52
40.66
40.79
40.91
41.05
41.14
41.32
41.45
41.72
41.85
42.12
42.25
42.52
42.63
42.92
43.18
43.46
43.55
43.71
43.84
43.96
44.13
44.38
44.52
44.62
44.67
44.79
44.92
45.0
45.05
45.16
45.27
45.34
45.42
45.58
45.66
45.79
45.86
45.95
45.99
46.13
46.21
46.33
46.52
46.66
46.92
47.02
47.11
47.19
47.39
47.46
47.72
47.82
47.99
48.09
48.19
48.26
48.38
48.65
48.88
49.06
49.24
49.32
49.45
49.61
49.67
49.84
50.12
50.21
50.34
50.39
50.8
50.92
51.05
51.19
51.32
51.46
51.59
51.78
51.84
52.0
52.39
52.52
52.66
52.8
52.92
53.05
53.31
53.4
53.45
53.59
53.72
53.86
54.0
54.12
54.38
54.52
54.65
54.78
54.9
55.04
55.19
55.42
55.46
55.59
55.72
55.86
55.99
56.15999999999999
56.25
56.39
56.61
56.65
56.79
57.05
57.14
57.18
57.32
57.59
57.72
57.86
57.99
58.12
58.39
58.52
58.65
58.72
58.78
58.92
59.0
59.05
59.19
59.31
59.56
59.65999999999999
59.72
59.99
60.11
60.25
60.33
60.37
60.49
60.54
60.79
60.92
61.05
61.19
61.33
61.45
61.59
61.72
61.86
61.98
62.12
62.26
62.39
62.52
62.65
62.79
62.87
62.92
63.05
63.14
63.19
63.32
63.47
63.58
63.72
63.86
63.99
64.12
64.26
64.39
64.52
64.62
64.78
64.92
65.18
65.33
65.45
65.72
65.86
65.99
66.13
66.25
66.4
66.52
66.61
67.01
67.45
67.54
67.72
67.85
68.12
68.25
68.52
68.78
68.87
69.04
69.18
69.39
69.58
69.73
69.84
69.98
70.13
70.38
70.65
70.92
71.27
71.46
71.7
71.99
72.12
72.39
72.52
72.79
72.89
73.01
73.06
73.31
73.45
73.51
73.58
73.65
73.74
74.12
74.25
74.39
74.51
74.65
74.93
75.01
75.06
75.16
75.45
75.59
75.86
75.94
75.98
76.25
76.38
76.47
76.53
76.79
76.91
77.01
77.05
77.18
77.26
77.31
77.39
77.85
77.97
78.12
78.32
78.4
78.52
78.65
78.78
78.91
79.19
79.32
79.45
79.72
79.85
79.95
79.99
80.11
80.26
80.37
80.53
80.64
80.79
80.93
81.05
81.19
81.32
81.45
81.66
81.72
81.85
81.98
82.12
82.25
82.39
82.51
82.93
83.04
83.17
83.31
83.45
83.99
84.1
84.25
84.52
84.79
84.88
85.0
85.45
85.59
85.73
85.8
85.85
86.11
86.25
86.37
86.49
86.8
87.05
87.18
87.53
87.59
87.67
88.25
88.79
89.31
89.44
89.72
89.86
90.38
90.53
91.16
91.28
91.82
91.99
92.12
92.26
92.52
92.67
92.77
93.05
93.57
93.72
93.85
94.46
94.51
94.64
94.79
95.18
95.43
95.58
95.71
95.85
96.11
96.37
96.52
96.67
96.92
97.42
97.68
97.8
97.85
97.95
98.06
98.21
98.39
98.79
98.92
99.06
99.45
99.72
99.79
99.94
100.52
101.06
101.33
101.59
101.7
101.8
101.84
102.06
102.25
102.39
102.65
102.76
102.91
103.02
103.45
103.58
103.72
103.85
103.92
103.99
104.19
104.25
104.51
104.79
105.05
105.15
105.31
105.59
105.72
105.85
105.97
106.12
106.39
106.66
106.79
106.92
107.06
107.18
107.45
107.58
107.84
107.98
108.23
108.65
108.78
109.05
109.26
109.31
109.59
109.71
109.83
109.99
110.11
110.38
110.47
110.56
110.65
110.78
110.92
111.05
111.14
111.25
111.31999999999998
111.45
111.54
111.72
111.84
112.12
112.24
112.39
112.5
112.92
113.06
113.23
121.53
