2.8
2.92
3.19
3.33
3.45
3.58
3.85
3.98
4.07
4.37
4.51
4.89
5.01
5.16
5.27
5.43
5.66
6.07
6.46
6.6
6.7
6.97
7.1
7.37
7.51
7.63
7.75
8.02
8.28
8.68
8.78
9.06
9.58
10.35
10.88
11.92
12.18
12.44
12.96
13.49
14.01
14.27
15.05
15.58
15.83
16.09
16.61
17.13
17.66
18.18
18.71
18.96
19.42
19.49
19.62
20.01
20.14
20.27
20.68
20.79
20.9
21.06
21.19
21.58
21.71
21.96
22.1
22.23
22.36
22.63
22.88
23.13
23.28
23.39
23.66
24.19
24.32
24.44
24.97
25.23
25.36
25.75
26.14
26.36
26.79
27.06
27.31
27.57
27.84
27.97
28.36
28.62
29.14
29.4
29.54
29.62
29.82
29.92
30.05
30.31
30.45
30.7
30.97
31.11
31.23
31.329999999999995
31.63
32.01
32.14
32.54
32.67
32.8
33.31
33.4
33.58
33.7
34.0
34.1
34.36
34.48
34.64
34.75
35.14
35.4
35.92
36.18
36.58
36.71
37.22
38.17
38.27
39.31
39.44
39.5
39.67
39.91
39.97
40.03
40.23
40.28
40.36
40.46
40.69
40.74
40.88
41.0
41.13
41.4
41.49
41.55
41.66
41.78
41.87
41.93
42.45
42.83
42.97
43.23
43.39
43.49
43.58
43.74
43.83
44.02
44.22
44.53
45.05
45.57
45.83
46.62
46.73
46.97
47.67
47.92
48.01
48.18
48.45
48.71
48.97
49.23
49.49
49.68
49.74
50.0
50.08
50.53
51.05
51.44
51.57
51.65
51.72
51.76
52.62
53.14
53.22
53.41
54.44
54.7
54.98
56.79
58.3
58.35
58.62
58.77
59.15
59.23
59.40999999999999
59.79
60.96
61.49
62.01
62.46
62.54
62.92
62.98
63.05
63.84
64.1
64.36
64.62
65.78
66.15
66.7
67.0
67.1
67.14
67.22
67.59
67.63
67.67
67.74
68.28
68.79
69.31
69.58
69.7
70.1
70.36
71.4
72.44
72.7
73.49
74.53
75.57
76.22
76.37
76.62
76.88
77.65
78.7
79.23
79.47
79.75
80.79
81.05
81.31
81.83
82.88
83.93
84.48
84.57
84.97
85.07
85.23
85.85
86.01
87.05
87.57
88.1
88.74
89.14
89.4
89.95
90.18
91.22
91.49
92.02
92.27
92.79
95.68
