0.42
0.81
1.25
2.99
3.47
4.04
4.31
4.51
4.63
5.07
5.47
5.82
6.06
6.33
6.41
6.93
7.03
7.12
7.22
7.69
8.04
8.15
8.31
8.45
8.58
8.65
8.7
8.83
8.94
9.33
9.61
9.8
9.99
10.28
10.37
10.58
10.77
11.05
11.14
11.35
11.53
11.73
11.91
12.12
12.21
12.3
12.51
12.59
12.68
12.88
13.07
13.28
13.36
13.45
13.66
13.84
14.13
14.22
14.42
14.61
14.9
15.0
15.19
15.38
15.67
15.76
15.96
16.04
16.15
16.44
16.73
16.92
17.3
17.51
17.68
17.89
18.07
18.36
18.45
18.74
18.84
19.04
19.22
19.52
19.61
19.81
19.99
20.28
20.37
20.57
20.66
20.76
21.05
21.15
21.34
21.5
21.72
21.87
21.91
22.19
22.3
22.39
22.58
22.69
22.75
23.06
23.18
23.45
23.64
23.74
23.8
24.0
24.11
24.18
24.22
24.42
24.61
24.99
25.2
25.37
25.59
25.76
25.97
26.15
26.53
26.74
26.91
27.2
27.49
27.69
27.89
28.07
28.45
28.55
28.66
28.71
28.829999999999995
29.0
29.16
29.329999999999995
29.39
29.6
29.99
30.28
30.38
30.45
30.56
30.66
30.76
31.14
31.52
31.74
31.91
32.12
32.29
32.52
32.68
32.89
33.06
33.17
33.46
34.08
34.13
34.41
34.48
34.57
34.89
35.18
35.38
35.59
35.66
35.96
36.09
36.14
36.33
36.53
36.62
36.72
36.91
37.2
37.49
37.59
37.66
37.78
37.97
38.26
38.45
38.66
38.74
38.83
38.97
39.03
39.14
39.22
39.41
39.61
39.71
39.99
40.21
40.28
40.37
40.57
40.73
41.06
41.14
41.33
41.53
41.76
41.82
41.9
42.11
42.2
42.49
42.69
42.9
43.07
43.17
43.29
43.35
43.45
43.66
43.81
43.92
44.05
44.13
44.22
44.42
44.55
44.6
44.8
44.9
45.08
45.19
45.27
45.36
45.56
45.76
45.86
46.05
46.14
46.34
46.46
46.52
46.69
46.79
46.92
47.09
47.29
47.46
47.68
48.06
48.15
48.36
48.45
48.72
48.83
49.02
49.12
49.22
49.61
49.81
49.99
50.2
50.37
50.59
50.76
50.97
51.14
51.35
51.53
51.73
51.82
52.09
52.3
52.56
52.69
52.87
52.96
53.06
53.36
53.45
53.57
53.64
53.73
53.83
54.14
54.19
54.4
54.46
54.55
54.61
54.7
54.99
55.19
55.27
55.37
55.76
55.97
56.14
56.36
56.53
56.72
56.90999999999999
57.11
57.3
57.58
57.81
57.87
58.06
58.23
58.35
58.65
58.75
59.03
59.22
59.42
59.53
59.6
59.79
59.99
60.19
60.28
60.57
60.69
60.76
60.96
61.14
61.35
61.44
61.52
61.72
61.90999999999999
62.11
62.29
62.58
62.68
62.87
63.06
63.27
63.45
63.63
63.83
63.94
64.12
64.21
64.4
64.6
64.8
64.98
65.14
65.37
65.59
65.76
65.95
66.14
66.35
66.53
66.72
66.82
67.11
67.3
67.5
67.67
68.06
68.25
68.45
69.0
69.22
69.4
69.61
69.79
70.18
70.37
70.77
70.87
70.95
71.05
71.14
71.24
71.33
71.43
71.48
71.53
71.64
71.82
71.92
72.0
72.11
72.19
72.3
72.54
72.74
72.79
72.83
73.06
73.16
73.29
73.59
73.73
73.83
73.95
74.09
74.21
74.35
74.47
74.6
74.72
74.85
74.99
75.35
75.5
75.62
75.75
75.88
76.01
76.14
76.26
76.39
76.53
76.62
76.91
77.04
77.16
77.29
77.44
77.55
77.68
77.81
77.94
78.07
78.2
78.32
78.46
78.58
78.7
78.84
78.97
79.09
79.18
79.23
79.36
79.56
79.6
79.98
80.11
80.36
80.75
80.88
80.96
81.13
81.39
81.52
81.85
81.9
82.11
82.15
82.25
82.43
82.68
83.06
83.31
83.45
83.82
83.97
84.22
84.3
84.47
84.6
84.74
84.87
84.99
85.11
85.24
85.37
85.6
85.76
85.98
86.14
86.27
86.38
86.53
86.82
86.91
87.04
87.12
87.17
87.25
87.31
87.42
87.48
87.68
87.93
88.06
88.16
88.27
88.45
88.69
88.75
88.83
89.21
89.31
89.6
89.8
89.99
90.28
90.37
90.57
90.76
91.05
91.14
91.34
91.52
91.91
92.3
92.68
92.88
93.07
93.16
93.36
93.45
93.65
93.83
94.13
94.21
94.42
94.6
94.79
94.89
94.99
95.18
95.37
95.6
95.75
95.96
96.14
96.43
96.52
96.73
96.91
97.2
97.29
97.49
97.68
98.06
98.42
98.55
98.74
98.83
99.02
99.11
99.18
99.22
99.51
99.6
99.77
99.81
99.94
100.07
100.2
100.27
100.36
100.56
100.65
100.75
100.94
101.14
103.8
