0.01
0.05
0.09
0.13
0.17
0.31
0.52
0.65
0.69
0.95
1.11
1.29
1.37
2.06
2.76
3.44
4.84
5.35
6.47
6.89
7.07
7.24
7.59
7.93
8.28
8.63
9.66
9.93
10.33
11.02
11.38
23.6
23.78
24.65
24.83
25.09
26.0
26.11
26.39
28.8
29.32
30.19
30.69
31.5
31.9
32.67
33.11
34.15
34.31
35.09
35.53
35.69
35.86
36.21
36.39
36.72
36.99
37.07
37.24
38.44
38.96
39.23
39.32
39.83
40.0
40.35
40.45
40.7
41.21
41.38
41.73
42.42
42.59
42.76
43.11
43.21
43.44
43.78
43.94
44.26
45.28
48.09
48.17
50.89
51.03
51.56
52.76
53.79
55.0
55.34
59.31
59.85
61.82
61.9
62.38
65.37
66.9
67.16
67.23
67.41
67.59
67.92
68.28
68.62
68.8
68.96
69.65
69.77
69.99
70.34
70.69
71.05
71.37
71.75
75.01
76.82
83.72
84.66
88.54
91.72
92.42
93.02
93.12
93.28
94.15
115.35
116.16
117.64
117.69
117.73
117.77
117.81
117.85
117.89
117.93
117.97
118.01
118.05
118.09
118.13
118.17
118.21
118.25
118.29
118.33
118.37
118.41
118.45
118.49
118.53
118.56999999999998
118.6
