1.59
1.67
2.25
2.33
2.92
3.0
3.58
3.67
4.84
6.33
6.49
6.66
6.84
7.17
7.72
7.81
8.35
8.49
9.02
9.16
9.34
9.49
9.82
9.92
10.49
10.61
11.1
11.16
11.37
11.48
11.68
12.37
12.49
12.94
13.03
13.15
13.38
13.49
13.68
13.83
14.4
14.49
14.62
14.75
14.83
15.02
15.16
15.38
15.84
16.49
16.73
17.17
17.43
17.82
18.06
18.16
18.27
18.49
18.82
18.92
19.15
19.49
19.81
19.99
20.5
21.17
21.49
21.73
22.48
22.58
23.16
23.28
23.81
24.0
24.16
24.5
24.62
24.82
25.16
25.49
25.83
26.05
26.48
27.16
27.579999999999995
27.82
28.49
28.71
29.15
29.51
29.84
30.16
30.24
30.49
30.71
30.89
30.93
31.15
32.16
32.99
33.07
33.15
33.5
33.59
33.67
33.73
33.81
34.16
34.49
35.16
35.27
35.82
36.43
36.5
36.78
36.84
37.17
37.33
37.76
37.84
37.98
38.33
39.37
39.82
39.93
40.18
40.49
40.58
40.65
40.71
40.75
40.82
40.99
41.15
41.25
41.33
41.94
41.98
42.02
42.07
42.32
42.49
42.71
42.82
43.16
43.49
43.66
43.85
43.91
43.99
44.49
44.73
45.15
45.44
45.49
45.82
46.65
46.83
46.93
46.98
47.03
47.15
47.65
47.85
47.98
48.08
48.16
48.25
48.33
48.66
49.49
49.68
49.83
50.16
50.37
50.48
51.16
51.33
51.83
52.08
52.32
52.5
52.69
52.83
53.15
54.08
54.28
54.48
54.89
54.98
55.11
55.24
55.65
55.72
55.83
56.0
56.24
56.49
56.6
56.67
57.15999999999999
57.27
57.63
57.71
57.83
58.12
58.19
58.5
59.15999999999999
59.28
59.49
59.61
59.67
59.8
59.84
59.94
60.15
60.37
60.5
60.67
60.82
61.0
61.07
61.84
62.15999999999999
62.25
62.48
62.67
63.05
63.17
63.34
63.71
63.82
63.94
64.17
64.74
65.15
65.28
65.5
65.67
65.82
66.2
66.5
66.84
67.15
67.66
67.83
67.99
68.29
68.49
68.67
68.81
68.9
69.16
69.33
69.82
69.99
70.16
70.33
70.44
70.51
70.59
70.66
71.16
71.31
71.42
71.62
71.83
72.19
72.5
72.81
72.91
73.08
73.59
73.67
73.83
73.92
74.09
74.42
74.5
74.67
74.83
74.99
75.07
75.23
75.67
75.84
76.27
76.5
76.6
77.15
77.83
78.33
78.49
78.77
78.85
79.16
79.83
80.15
80.26
80.35
80.42
80.5
81.0
81.15
81.49
81.68
81.82
82.49
82.61
82.69
82.82
83.0
83.08
83.16
83.82
84.33
84.41
84.82
85.17
86.16
86.49
86.59
87.02
87.11
91.86
