1.8
2.27
2.94
3.17
3.39
3.79
3.96
4.08
4.31
5.45
5.52
5.65
5.73
5.91
6.01
6.26
6.43
6.58
6.78
7.019999999999999
7.95
9.03
9.24
9.31
9.38
9.55
9.88
10.21
10.44
10.67
10.9
11.34
11.53
11.58
12.26
12.49
12.68
13.16
13.84
14.039999999999997
15.45
15.89
16.03
16.11
16.23
16.66
16.8
17.26
17.71
17.94
18.16
18.41
18.52
18.62
18.85
18.96
19.07
19.31
19.53
19.76
19.88
19.99
20.21
20.44
20.67
20.79
20.89
21.12
21.35
21.7
21.81
22.02
22.48
22.6
22.7
22.82
22.94
23.16
23.28
23.51
23.74
23.85
24.08
24.2
24.3
24.53
24.76
24.98
25.33
25.44
25.66
25.89
26.12
26.35
26.59
26.81
27.03
27.15
27.25
27.71
28.16
28.39
28.84
28.98
29.3
29.53
29.76
30.05
30.17
30.4
30.62
30.68
30.9
31.35
31.44
31.49
31.53
31.57
31.7
31.8
32.17
32.25
32.49
32.71
32.95
33.17
33.4
33.62
33.85
34.08
34.17
34.24
34.31
34.53
34.76
34.98
35.44
35.69
35.89
36.12
36.34
36.79
37.03
37.26
37.5
37.71
37.94
38.17
38.4
38.61
38.85
39.43
39.53
39.76
39.88
39.98
40.15
40.22
40.33
40.43
40.67
40.87
41.13
41.34
41.67
41.79
41.94
42.0
42.04
42.25
42.32
42.41
42.49
42.71
42.94
43.16
43.39
43.61
44.07
44.31
44.53
44.76
44.98
45.21
45.33
45.68
45.79
45.89
46.02
46.11
46.47
46.57
46.8
47.04
47.25
47.49
47.71
47.94
48.17
48.4
48.62
49.07
49.3
49.43
49.52
49.76
49.99
50.44
50.66
50.89
51.12
51.35
51.58
51.8
52.04
52.25
52.49
53.16
53.4
53.61
53.85
54.07
54.31
54.42
54.76
54.98
55.22
55.42
55.54
55.65999999999999
55.9
56.05
56.13
56.34
56.58
56.7
56.8
57.03
57.26
57.43
57.49
57.7
57.94
58.15999999999999
58.39
58.62
58.85
59.07
59.21
59.3
59.53
59.75
59.9
60.22
60.43
60.86
60.9
61.02
61.07
61.12
61.34
61.58
62.04
62.25
62.49
62.71
62.89
62.93
63.15999999999999
63.40999999999999
63.53
63.61
63.8
63.85
64.07
64.31
64.43
64.52
64.76
64.89
64.98
65.21
65.63
65.67
65.8
66.12
66.31
66.35
66.54
66.58
66.8
67.46
67.7
67.93
68.4
68.5
68.84
69.06
69.43
69.53
69.75
69.99
70.21
70.43
70.66
71.58
72.58
72.93
73.08
74.31
74.53
74.97
75.22
75.43
75.89
76.11
76.35
76.53
77.03
77.48
77.7
77.9
78.05
78.16
78.6
79.42
79.5
79.76
80.21
80.3
80.44
80.57
80.67
80.76
81.02
81.13
81.35
81.55
81.79
82.03
82.25
82.48
82.61
82.94
83.16
83.38
83.52
83.62
83.85
84.06
84.29
84.52
84.76
84.84
84.97
85.21
85.67
85.78
85.87
86.12
86.55
86.8
87.02
87.48
87.94
88.05
88.39
88.61
89.07
89.29
89.52
89.75
89.98
90.2
90.43
90.66
90.88
91.11
91.35
91.58
92.02
92.25
92.48
92.7
93.86
94.06
94.29
94.53
94.77
94.98
95.21
95.44
95.68
95.89
96.11
96.34
96.8
97.02
97.26
97.45
97.49
97.7
97.94
98.16
98.4
98.6
98.84
99.07
99.31
99.4
99.63
99.69
99.75
100.21
100.43
100.52
100.67
101.12
101.33
101.56
101.76
102.04
102.15
102.2
102.24
102.47
102.55
102.81
102.93
103.16
103.25
103.37
103.49
103.77
104.06
104.97
105.79
106.12
106.56
106.68
106.79
107.03
107.15
107.24
107.47
107.7
107.93
108.05
108.15
108.38
108.61
108.84
108.96
109.07
109.3
109.42
109.75
109.87
110.09
110.2
110.43
110.53
110.77
111.25
111.33
111.46
111.56
111.69
111.79
112.01
112.47
112.6
112.7
112.93
113.16
113.38
113.6
113.84
114.06999999999998
114.3
114.41
114.52
114.74
114.97
115.19
115.31999999999998
115.43
115.66
115.78
116.11
116.56
116.79
117.02
117.17
117.25
117.49
118.05
123.27
