0.04
1.55
1.59
1.64
1.74
1.85
1.89
2.15
2.31
2.51
2.57
2.71
2.75
2.83
3.0
3.37
3.47
3.68
3.9
4.12
4.44
4.55
4.67
4.76
4.88
4.98
5.1
5.19
5.31
5.41
5.73
5.84
5.96
6.05
6.16
6.27
6.39
6.48
6.6
6.7
6.81
6.91
7.03
7.12
7.24
7.44
7.55
7.87
7.98
8.1
8.19
8.31
8.41
8.53
8.62
8.74
8.84
8.96
9.05
9.16
9.27
9.38
9.48
9.59
9.69
9.81
10.02
10.13
10.24
10.34
10.46
10.55
10.67
10.87
10.98
11.3
11.41
11.53
11.62
11.74
11.84
11.96
12.05
12.17
12.27
12.38
12.48
12.59
12.69
13.02
13.12
13.25
13.45
13.55
13.67
13.76
13.89
13.98
14.19
14.3
14.41
14.53
14.73
14.84
14.95
15.17
15.27
15.38
15.48
15.6
15.69
15.81
15.91
16.02
16.12
16.24
16.45
16.55
16.67
16.76
16.88
16.98
17.1
17.19
17.31
17.41
17.62
18.59
19.44
19.55
20.3
20.4
21.16
21.25
22.02
22.97
23.73
24.69
25.45
25.55
26.4
27.16
28.12
28.87
28.98
29.829999999999995
30.59
31.55
32.31
32.42
33.17
33.26
33.68
34.03
34.89
34.97
35.85
36.59
36.7
37.46
38.4
39.26
39.7
40.03
40.12
40.56
40.88
40.99
41.83
42.6
42.69
43.14
43.46
43.54
44.31
44.42
46.03
46.88
47.42
47.74
48.69
49.45
50.19
50.31
51.26
52.12
55.15
55.44
56.01
58.04
58.98
59.42
59.52
59.75
59.84
60.05
60.6
60.9
61.14
61.56
62.40999999999999
62.94
63.17
63.27
63.48
63.81
64.04
64.12
64.56
64.88
65.09
65.41
65.74
65.84
66.05
66.26
66.39
66.6
66.7
66.91
67.45
67.55
67.99
68.42
68.84
69.27
69.38
69.7
70.03
70.12
70.34
70.55
70.88
70.98
71.42
71.74
71.85
72.05
72.26
72.6
72.69
73.14
73.24
73.46
73.56
73.77
74.29
74.41
74.61
74.85
75.28
75.48
76.03
76.13
76.33
76.55
76.67
76.89
77.0
77.19
77.84
78.28
78.6
78.8
79.45
79.56
79.98
80.31
80.42
80.63
80.84
80.97
81.17
81.27
81.47
82.03
82.13
82.88
83.41
83.53
83.74
83.85
84.05
85.13
87.17
87.48
88.11
88.98
89.83
90.69
91.54
92.41
93.26
94.12
94.33
94.97
95.84
96.68
97.55
97.76
98.4
100.13
100.45
100.55
100.77
100.87
100.98
101.19
101.31
101.41
101.73
101.84
102.16
102.27
102.48
102.59
102.7
102.91
103.02
103.13
103.45
103.55
103.87
103.98
104.19
104.31
104.41
104.74
104.84
105.16
105.27
105.47
105.59
105.7
105.91
106.02
106.13
106.25
106.34
106.45
106.55
107.3
109.02
110.74
113.72
