2.35
2.62
2.74
3.02
3.14
3.53
3.92
4.44
4.69
4.83
5.22
5.61
6.01
6.26
6.53
6.78
6.92
7.31
7.7
8.1
8.62
8.88
9.01
9.4
9.79
10.18
10.44
10.7
10.97
11.09
11.49
11.88
12.26
12.53
12.78
13.04
13.18
13.57
13.96
14.08
14.35
14.61
14.87
15.14
15.27
15.66
16.05
16.17
16.44
16.7
16.84
16.96
17.22
17.36
17.75
18.01
18.09
18.78
19.05
19.31
19.44
19.83
19.96
20.1
20.22
20.61
20.88
21.14
21.39
21.92
22.18
22.31
22.7
22.96
23.22
23.48
23.88
24.0
24.27
24.4
24.53
24.79
24.91
25.05
25.31
25.57
25.71
25.96
26.09
26.21
26.48
26.87
27.13
27.4
27.66
28.18
28.44
28.57
28.96
29.22
29.48
29.74
30.27
30.53
30.66
31.05
31.31
31.57
31.829999999999995
31.97
32.1
32.35
32.62
32.74
32.87
33.13
33.4
33.66
33.92
34.44
34.56
34.7
34.83
34.96
35.48
35.7
35.75
36.0
36.27
36.41
36.52
36.66
36.79
37.05
37.23
37.31
37.57
37.74
37.83
38.09
38.34
38.61
38.74
38.88
39.14
39.35
39.4
39.55
39.6
39.66
39.74
39.8
39.92
40.07
40.17
40.33
40.44
40.6
40.7
40.75
40.82
40.96
41.22
41.44
41.49
41.74
41.9
42.01
42.26
42.53
42.79
43.05
43.18
43.32
43.53
43.57
43.71
43.8
43.93
44.01
44.05
44.09
44.23
44.35
44.43
44.5
44.56
44.62
44.87
44.96
45.0
45.14
45.27
45.4
45.44
45.57
45.92
46.18
46.44
46.69
46.96
47.1
47.23
47.48
47.74
48.0
48.27
48.45
48.53
48.79
48.95
49.05
49.19
49.31
49.57
49.81
50.09
50.23
50.36
50.61
50.88
51.14
51.23
51.27
51.4
51.53
51.65
51.91
52.18
52.4
52.44
52.7
52.85
52.96
53.22
53.36
53.49
53.75
53.9
54.15
54.26
54.53
54.79
55.05
55.31
55.57
55.83
56.1
56.26
56.35
56.52
56.62
56.88
57.14
57.27
57.4
57.53
57.65999999999999
57.92
58.14
58.43
58.57
58.7
58.96
59.18
59.23
59.48
59.64
59.73
59.87
60.0
60.26
60.53
60.79
61.05
61.56
61.84
62.09
62.3
62.36
62.61
62.76
62.88
63.13
63.28
63.38
63.65999999999999
63.92
64.17
64.32
64.44
64.7
64.97
65.11
65.22
65.3
65.43
65.48
65.64
65.73
65.88
66.01
66.26
66.41
66.51
66.79
67.0
67.05
67.31
67.39
67.46
67.53
67.57
67.83
67.96
68.09
68.32
68.49
68.61
68.74
68.87
69.01
69.14
69.26
69.39
69.65
69.79
69.91
70.05
70.18
70.44
70.7
70.96
71.23
71.35
71.48
71.74
72.0
72.13
72.25
72.52
72.74
72.79
73.05
73.31
73.57
73.71
73.82
73.96
74.09
74.36
74.62
74.83
75.12
75.4
75.52
75.65
75.8
75.92
76.02
76.17
76.31
76.44
76.57
76.7
76.96
77.22
77.49
78.01
78.26
78.4
78.54
78.79
78.93
79.31
79.44
79.57
79.69
79.83
80.09
80.35
80.57
80.76
80.87
80.98
81.09
81.14
81.29
81.4
81.56
81.67
81.79
81.92
82.05
82.18
82.31
82.43
82.53
82.57
82.7
82.83
82.96
83.21
83.47
83.62
83.76
83.88
84.26
84.65
85.04
85.31
85.44
85.56
85.83
86.23
86.36
86.61
86.88
87.4
87.66
87.92
88.03
88.18
88.31
88.7
88.96
89.09
89.22
89.49
89.75
89.99
90.26
90.41
90.53
90.65
90.79
91.05
91.18
91.57
91.84
91.99
92.07
92.35
92.74
92.87
93.27
93.39
93.53
93.66
93.91
94.18
94.44
94.58
94.83
94.95
95.19
95.23
95.36
95.45
95.75
95.92
96.09
96.2
96.27
96.49
96.57
97.05
97.27
97.31
97.44
97.57
97.83
97.98
98.09
98.35
98.46
98.86
99.1
99.4
99.52
99.65
99.93
100.18
100.44
100.7
100.97
101.22
101.39
101.49
101.68
102.01
102.27
102.4
102.66
102.8
103.05
103.19
103.44
103.57
103.83
104.02
104.09
104.35
104.51
104.61
104.87
105.02
105.26
105.39
105.66
105.79
106.18
106.44
106.7
106.96
107.48
107.75
107.87
108.27
108.53
108.79
109.05
109.56999999999998
109.83
109.96
110.08
110.35
110.61
110.87
111.14
111.28
111.52
111.66
111.78
111.92
112.05
112.18
112.7
113.1
114.81
115.93
