0.01
0.08
0.22
0.37
0.45
0.61
0.68
0.82
0.9
1.2
1.66
1.8
1.95
2.1
2.25
2.32
2.39
2.48
2.55
2.7
2.85
3.15
3.45
3.74
3.89
4.33
4.51
4.65
4.75
4.96
5.04
5.1
5.25
5.4
5.55
5.71
5.85
5.99
6.29
6.54
6.6
6.82
6.9
7.05
7.2
7.29
7.36
7.5
7.66
7.81
7.88
7.94
8.1
8.18
8.4
8.7
8.84
9.15
9.23
9.45
9.59
9.9
10.05
10.2
10.5
11.1
11.26
11.39
11.55
11.88
12.3
12.6
12.74
12.91
13.04
13.5
13.8
13.95
14.1
14.25
14.4
14.56
14.69
14.86
14.99
15.3
15.6
15.89
16.05
16.35
16.5
16.94
17.19
17.26
17.39
17.7
17.84
18.0
18.29
18.39
18.46
18.61
18.75
18.84
18.9
19.05
19.36
19.8
19.88
20.01
20.69
21.0
21.14
21.37
21.44
21.82
21.9
22.2
22.43
22.49
22.65
22.72
22.97
23.1
23.18
23.4
23.58
23.7
23.84
23.98
24.16
24.3
24.44
24.6
24.74
25.19
25.37
25.48
25.63
25.8
26.03
26.09
26.39
26.55
26.6
27.0
27.29
27.44
27.59
27.76
27.91
28.21
28.37
28.5
28.65
28.79
28.94
29.09
29.24
29.7
29.99
30.17
30.29
30.46
30.59
30.9
31.07
31.13
31.19
31.31
31.57
31.73
31.95
32.02
32.09
32.18
32.24
32.39
32.54
32.88
32.99
33.14
33.29
33.45
33.74
33.89
34.05
34.19
34.8
34.87
34.93
35.22
35.54
35.7
35.84
35.95
36.14
36.44
36.6
36.9
37.04
37.5
37.65
37.8
37.94
38.09
38.25
38.55
38.84
38.99
39.14
39.29
39.4
39.44
39.58
39.81
39.9
40.05
40.34
40.49
40.64
40.94
41.02
41.1
41.24
41.39
41.69
41.85
42.0
42.26
42.3
42.44
42.61
42.74
43.04
43.5
43.66
43.79
44.09
44.39
44.54
44.7
44.85
45.0
45.15
45.45
45.6
45.89
46.05
46.2
46.36
46.49
46.58
46.81
46.96
47.1
47.24
47.55
47.85
48.1
48.3
48.89
49.18
49.5
49.65
49.96
50.04
50.1
50.26
50.4
50.55
50.99
51.44
51.59
51.82
51.9
52.35
52.5
52.81
52.95
53.1
53.4
54.0
54.3
54.46
54.61
54.75
54.89
55.26
55.34
55.44
55.5
55.65
55.8
55.94
56.1
56.25
56.85
56.99
57.08
57.3
57.44
57.6
57.77
58.06
58.2
58.49
58.65999999999999
58.72
58.81
59.1
59.25
59.55
59.7
60.0
60.15
60.31
60.46
60.6
60.75
61.05
61.33
61.5
61.8
62.04
62.1
62.24
62.4
62.54
62.69
62.85
63.0
63.08
63.14
63.3
63.37
63.59
63.9
64.06
64.19
64.35
64.5
64.79
64.94
65.09
65.26
65.39
65.7
65.84
66.0
66.15
66.3
66.45
66.59
66.75
66.89
67.04
67.19
67.3
67.5
67.64
67.8
67.95
68.1
68.4
68.69
68.85
69.15
69.44
69.89
70.05
70.19
70.42
70.49
70.63
70.72
71.24
71.54
71.65
71.83
72.29
72.42
72.51
72.59
72.88
73.26
73.49
73.64
73.94
74.09
74.24
74.35
74.53
74.69
75.0
75.15
75.29
75.4
75.55
75.59
75.9
76.04
76.34
77.09
77.39
77.69
78.12
78.44
78.89
79.2
79.79
79.99
80.25
80.34
80.39
80.69
80.84
81.14
81.3
81.36
81.74
82.13
82.19
82.65
82.77
82.93
83.1
83.24
83.56
83.7
83.85
83.99
84.45
84.6
84.89
85.26
85.34
85.65
85.8
85.87
86.09
86.24
86.32
86.38
86.55
86.99
87.15
87.44
87.51
87.6
87.82
87.91
87.98
88.05
88.19
88.34
88.43
88.49
88.59
88.78
88.94
89.02
89.09
89.24
89.53
89.7
89.84
89.99
90.4
91.04
91.5
91.66
91.79
91.94
92.09
92.39
92.54
92.7
92.88
92.95
93.13
93.31
93.44
93.54
93.74
93.89
94.05
94.19
94.45
94.64
94.8
95.09
96.0
96.29
96.59
96.9
97.22
97.5
97.65
97.8
97.96
98.05
98.09
98.4
98.55
98.99
99.15
99.3
99.61
99.72
99.9
100.04
100.34
100.5
100.79
101.1
101.25
101.39
102.0
102.3
102.44
102.74
102.89
103.06
103.15
103.21
103.33
103.5
103.65
103.8
104.1
104.25
104.85
105.0
105.09
105.29
105.37
105.44
105.75
106.2
106.49
106.59
106.65
106.84
107.1
107.26
107.55
107.7
108.0
108.15
108.31
108.44
108.6
109.05
109.12
109.49
109.79
109.94
110.1
110.24
110.4
110.48
110.69
110.84
110.99
111.09
111.15
111.29
111.59
112.34
112.5
112.63
112.94
113.39
113.69
113.85
114.0
114.14
114.44
114.59
114.74
114.9
115.04
115.19
115.5
115.79
116.1
116.24
117.0
117.22
117.29
117.6
117.81999999999998
117.89
120.3
