0.01
0.05
0.09
0.13
0.17
0.21
0.25
0.29
0.33
0.37
0.41
0.45
0.49
0.53
0.57
0.61
0.65
0.69
0.73
0.77
0.81
0.85
0.89
0.93
0.97
1.01
1.14
1.37
1.63
1.68
4.27
5.57
5.81
6.28
6.44
6.62
8.52
9.82
9.91
11.55
11.66
17.55
23.13
23.25
34.43
48.48
64.96
65.05
70.77
73.02
74.77
74.94
75.12
75.29
75.46
75.64
75.72
75.81
75.91
76.51
76.68
76.86
77.02
77.2
77.72
77.88
78.77
78.92
80.48
80.66
81.18
81.8
82.92
84.3
97.12
102.07
107.62
115.73
115.87
119.7
119.75
119.79
119.83
119.87
119.91
119.95
119.99
120.03
120.06999999999998
120.11
120.12
