2.21
3.65
6.8
10.23
12.22
12.38
12.72
12.79
13.36
13.64
13.93
14.24
14.289999999999997
14.43
14.51
16.56
16.77
16.82
17.08
17.93
18.22
18.92
19.65
20.36
20.51
20.8
21.08
21.38
21.51
21.66
21.75
21.8
21.94
22.22
22.65
22.94
23.08
23.37
23.65
23.79
23.94
24.08
24.22
24.37
24.5
24.65
24.94
25.06
25.22
25.36
25.65
25.95
26.03
26.08
26.17
26.23
26.37
26.51
26.66
26.79
26.95
27.04
27.23
27.37
27.51
27.65
27.8
27.93
28.09
28.37
28.66
28.8
29.079999999999995
29.23
29.51
29.64
29.8
29.94
30.09
30.22
30.37
30.44
30.65
30.79
30.93
31.079999999999995
31.23
31.329999999999995
31.53
31.8
31.93
32.08
32.23
33.08
33.23
33.37
33.52
33.65
34.08
34.23
34.37
34.51
34.65
34.8
34.94
35.08
35.22
35.47
35.56
35.69
35.97
37.38
37.5
37.8
37.94
38.16
38.44
38.52
38.65
38.79
38.94
39.08
39.3
39.67
39.8
39.87
39.95
40.03
40.08
40.23
40.44
40.51
40.79
40.94
41.09
41.37
41.66
41.95
42.08
42.23
42.37
42.51
42.65
42.72
42.8
43.09
43.23
43.51
43.65
43.87
44.16
44.23
44.37
44.44
44.6
44.65
44.8
44.93
45.02
45.09
45.51
45.78
45.94
46.65
46.73
46.94
47.08
47.29
47.37
47.65
47.79
47.95
48.08
48.22
48.37
48.44
48.51
48.94
49.22
49.36
49.51
49.59
49.94
50.08
50.36
50.65
51.08
51.22
51.51
51.65
51.88
52.22
52.37
52.65
52.8
52.94
53.08
53.3
53.36
53.5
53.83
53.93
54.08
54.35
54.5
54.64
55.52
55.65
56.08
56.23
56.37
56.65
56.94
57.01
57.07
57.15999999999999
57.35
57.8
57.93
58.08
58.21
58.37
58.51
58.94
59.07
59.51
59.61
59.65
60.09
60.21
60.37
60.65999999999999
60.79
60.94
61.08
61.23
61.36
61.51
61.59
61.81
61.93
62.22
62.36
62.5
62.65
62.93
63.22
63.51
63.79
64.21
64.5
64.66
64.79
64.94
65.36
65.94
66.21
66.3
66.37
66.5
66.78
66.93
67.08
67.24
67.51
67.64
67.8
67.93
68.08
68.22
68.37
68.51
68.65
68.79
68.93
69.17
69.23
69.36
69.5
69.79
70.08
70.23
70.5
70.64
70.8
71.65
71.8
71.93
72.21
72.65
72.79
72.95
73.08
74.44
75.09
75.14
75.22
75.32
75.48
75.78
76.14
76.19
77.55
78.58
78.8
79.07
79.11
79.5
81.27
84.23
84.73
87.12
87.19
87.26
87.34
87.39
87.46
87.56
87.6
87.68
87.78
87.84
87.88
87.94
89.36
89.64
90.22
90.7
90.79
91.09
91.37
91.93
92.51
93.07
94.22
94.79
95.22
95.8
95.94
96.23
96.5
96.61
97.36
97.65
97.93
98.06
98.5
99.07
99.36
99.58
99.65
100.22
100.38
101.18
101.36
101.45
101.65
102.07
102.51
103.94
104.51
104.81
105.66
106.65
107.1
108.37
108.65
108.94
109.5
109.61
109.68
109.8
110.37
110.65
111.24
111.79
112.67
112.72
112.84
113.85
114.71
115.56
119.0
