3.21
3.53
3.62
3.72
3.7599999999999993
3.82
3.92
4.01
4.26
4.41
4.81
4.92
5.01
5.06
5.13
5.22
5.32
5.36
5.43
5.51
5.61
6.01
6.41
6.51
6.61
6.66
6.73
6.82
6.92
6.96
7.03
7.11
7.21
7.46
7.61
8.01
8.11
8.22
8.27
8.33
8.42
8.52
8.63
8.81
8.93
9.02
9.13
9.42
9.53
9.62
9.82
9.93
10.01
10.21
10.32
10.41
10.52
10.62
10.72
10.82
10.93
11.06
11.11
11.22
11.41
11.52
11.62
11.81
11.92
12.12
12.21
12.32
12.41
12.71
12.81
13.02
13.13
13.22
13.41
13.52
13.61
13.72
13.92
14.01
14.13
14.27
14.31
14.41
14.62
14.72
14.82
15.01
15.12
15.21
15.32
15.52
15.61
15.73
15.81
15.92
16.02
16.22
16.32
16.42
16.61
16.72
16.81
16.92
17.12
17.21
17.33
17.51
17.61
17.81
17.92
18.02
18.21
18.32
18.41
18.52
18.72
18.81
18.93
19.11
19.21
19.42
19.52
19.62
19.81
19.91
20.12
20.21
20.32
20.41
20.53
20.67
20.71
20.81
20.97
21.02
21.12
21.22
21.41
21.52
21.62
21.72
21.92
22.02
22.11
22.41
22.62
22.72
22.82
23.02
23.21
23.32
23.52
23.63
23.81
24.02
24.22
24.32
24.42
24.62
25.12
25.22
25.33
25.41
25.51
25.62
25.82
26.03
26.22
26.42
26.52
26.72
26.82
27.02
27.22
27.42
27.53
27.62
27.82
28.32
28.42
28.53
28.62
28.73
29.02
29.22
29.42
29.62
29.72
29.92
30.03
30.13
30.32
30.42
30.62
30.82
31.02
31.22
31.52
31.62
31.73
31.82
31.91
32.02
32.22
32.42
32.62
32.82
32.92
33.12
33.22
33.33
33.41
33.53
33.62
33.82
34.02
34.22
34.42
34.52
34.72
34.82
35.02
35.22
35.43
35.52
35.82
35.92
36.12
36.22
36.32
36.43
36.53
36.72
36.82
37.02
37.12
37.21
37.33
37.41
37.72
37.92
38.03
38.13
38.32
38.42
38.62
38.72
38.82
39.02
39.12
39.22
39.33
39.52
39.64
39.73
39.92
40.02
40.22
40.42
40.62
40.73
40.92
41.12
41.23
41.33
41.42
41.52
41.63
41.82
41.93
42.03
42.22
42.32
42.41
42.49
42.72
42.83
42.93
43.12
43.23
43.33
43.42
43.53
43.61
43.82
44.13
44.32
44.42
44.53
44.71
44.82
45.02
45.13
45.22
45.42
45.52
45.72
45.82
45.92
46.02
46.32
46.42
46.62
46.72
46.82
47.02
47.19
47.28
47.35
47.42
47.54
47.62
47.82
47.92
48.21
48.32
48.42
48.62
48.82
48.91
49.12
49.42
49.52
49.62
49.82
50.02
50.22
50.32
50.41
50.72
50.82
50.92
51.02
51.11
51.22
51.42
51.62
51.82
52.02
52.11
52.32
52.42
52.62
52.72
53.02
53.22
53.42
53.61
53.92
54.02
54.13
54.22
54.42
54.62
54.82
55.02
55.22
55.32
55.52
55.62
55.72
55.81
55.92
56.02
56.22
56.42
56.62
56.81
57.12
57.22
57.33
57.42
57.51
57.61
57.82
58.02
58.22
58.42
58.53
58.72
58.82
59.02
59.12
59.22
59.42
59.62
59.82
60.01
60.32
60.42
60.53
60.62
60.82
61.02
61.12
61.22
61.42
61.52
61.61
61.72
61.81
61.93
62.03
62.12
62.32
62.43
62.62
62.72
62.81
63.02
63.33
63.52
63.62
63.72
63.90999999999999
64.02
64.22
64.32
64.42
64.63
64.72
64.92
65.13
65.23
65.33
65.52
65.63
65.82
65.92
66.01
66.13
66.21
66.52
66.72
66.82
67.02
67.13
67.22
67.42
67.52
67.62
67.83
68.11
68.32
68.43
68.53
68.82
69.02
69.12
69.23
69.42
69.52
69.62
69.73
69.92
70.01
70.32
70.42
70.62
70.72
70.83
71.01
71.12
71.31
71.52
71.73
72.0
72.22
72.32
72.62
72.74
72.82
73.02
73.12
73.27
73.34
73.42
73.56
73.61
73.82
73.92
74.01
74.22
74.52
74.62
74.73
74.82
74.92
75.12
75.22
75.42
75.52
75.63
75.82
76.13
76.22
76.32
76.42
76.53
76.73
76.82
76.93
77.02
77.12
77.21
77.43
77.52
77.73
77.92
78.01
78.33
78.42
78.63
78.72
78.82
79.02
79.12
79.33
79.52
79.62
79.93
80.01
80.22
80.33
80.42
80.62
80.72
80.92
81.02
81.13
81.21
81.52
81.62
81.82
81.93
82.02
82.23
82.33
82.52
82.73
82.82
83.43
83.83
83.92
84.12
84.2
84.33
84.42
84.62
84.72
84.82
85.02
85.22
85.42
85.52
85.61
85.71
85.92
86.03
86.13
86.22
86.32
86.42
86.62
86.72
86.82
87.02
87.22
87.32
87.42
87.52
87.73
87.92
88.02
88.22
88.32
88.42
88.62
88.73
88.93
89.02
89.12
89.22
89.52
89.62
89.82
90.02
90.22
90.33
90.53
90.73
90.82
90.92
91.12
91.22
91.43
91.53
91.62
91.82
91.93
92.01
92.12
92.32
92.42
92.61
92.72
92.82
93.02
93.12
93.22
93.42
93.53
93.72
93.92
94.02
94.13
94.32
94.42
94.62
94.73
94.82
95.02
95.13
95.33
95.52
95.62
95.72
95.92
96.02
96.22
96.32
96.62
96.93
97.12
97.52
97.62
97.82
97.92
98.02
98.23
98.53
98.72
99.02
99.13
99.82
100.23
100.42
100.56
105.1
