0.01
0.05
0.17
0.64
0.95
2.32
2.9
3.33
3.48
4.4
5.44
5.48
5.6
5.77
6.35
6.65
7.12
7.42
9.06
9.2
11.59
12.78
13.99
16.39
17.59
19.08
21.04
21.2
22.26
22.7
23.6
24.79
25.86
25.99
26.45
27.05
27.19
27.5
27.65
27.78
28.39
29.46
29.6
29.9
30.05
30.34
30.51
30.79
31.99
33.05
33.2
33.8
35.0
35.6
36.65
36.8
37.1
38.05
38.16
38.5
47.59
58.67
59.59
60.8
62.3
62.40999999999999
62.49
64.39
68.6
68.67
68.71
68.89
69.2
72.63
75.79
76.38
77.59
78.04
78.21
79.9
79.96
80.03
80.53
80.6
80.74
80.92
81.0
81.05
81.12
81.2
81.76
82.4
83.59
84.19
84.8
85.09
85.39
85.7
86.0
87.09
87.21
87.8
88.1
88.24
88.99
89.28
89.47
90.2
90.33
101.1
104.6
109.8
111.14
113.6
113.91
114.8
114.95
115.25
115.85
116.0
116.3
116.44
116.9
117.05
117.2
117.65
118.73
119.0
119.45
120.19
120.23
120.36
121.85
129.55
129.6
129.64
129.68
129.72
129.76
129.8
129.84
129.88
129.92
129.96
130.0
130.04
130.08
130.12
130.16
130.2
130.24
130.28
130.32
130.36
130.4
130.41
