0.02
0.35
0.52
0.69
0.85
1.01
1.17
2.33
2.58
2.81
3.32
3.65
3.97
4.3
4.95
7.25
7.58
7.9
8.06
8.56
8.89
9.04
10.85
11.42
11.5
11.58
11.67
12.67
12.98
13.47
13.63
14.13
14.61
14.789999999999997
14.94
15.43
15.6
16.27
16.75
16.91
17.25
17.4
17.92
18.06
18.71
18.88
19.05
19.21
19.47
19.54
19.86
20.19
20.37
20.85
23.8
23.97
24.3
25.29
25.94
27.41
27.59
27.91
28.56
30.27
30.51
31.579999999999995
31.829999999999995
32.0
33.14
33.46
33.79
36.93
37.25
37.4
37.57
37.89
41.68
43.31
46.25
46.59
46.91
47.23
47.56
47.89
48.19
52.41
57.25
59.12
59.22
59.5
59.96
60.11
60.38
61.17
62.5
62.62
62.83
63.05
64.11
64.37
64.49
64.59
64.65
64.8
64.84
64.92
64.96
65.68
65.91
66.27
67.58
67.74
69.21
69.37
69.86
70.34
73.99
77.74
77.89
81.52
81.83
82.17
82.48
86.42
86.6
87.16
88.47
91.18
91.5
91.83
92.15
92.26
92.4
92.81
96.76
97.66
99.21
99.7
100.7
104.78
106.91
107.9
108.16
108.56
109.21
109.7
111.18
112.49
112.65
114.21
114.45
115.11
116.38
116.38
