0.56
0.72
0.96
1.0
1.09
1.18
1.24
1.3
1.44
1.8799999999999997
2.01
2.18
2.25
2.45
2.57
2.69
2.78
2.82
2.88
2.94
2.99
3.07
3.3
3.39
3.47
3.68
3.9
4.11
4.97
5.15
5.27
5.4
5.76
5.9
6.04
6.18
6.32
6.61
6.9
7.04
7.19
7.33
7.47
7.61
7.75
7.83
7.9
8.18
8.33
8.47
8.61
8.76
8.89
9.04
9.18
9.33
9.47
9.61
9.76
9.9
10.03
10.19
10.32
10.47
10.61
10.76
10.9
11.04
11.18
11.47
11.61
11.76
11.9
12.04
12.19
12.47
12.61
12.76
12.9
13.04
13.18
13.33
13.47
13.61
13.75
14.05
14.18
14.33
14.62
14.9
15.039999999999997
15.18
15.33
15.47
15.61
15.75
15.9
16.03
16.18
16.33
16.47
16.61
16.76
16.88
17.04
17.18
17.33
17.47
17.61
17.76
17.9
18.04
18.18
18.47
18.61
18.76
18.9
19.04
19.26
19.33
19.47
19.61
19.75
19.9
20.04
20.18
20.33
20.47
20.61
20.76
20.9
21.04
21.18
21.33
21.47
21.62
21.75
21.9
22.04
22.18
22.33
22.47
22.61
22.76
22.9
23.04
23.19
23.32
23.47
23.89
24.04
24.62
25.19
26.33
26.9
27.329999999999995
27.47
28.04
28.13
28.32
28.47
28.61
29.18
29.76
30.91
31.28
31.47
31.71
31.9
32.05
32.56
32.61
33.0
33.19
33.76
34.33
34.91
35.47
36.04
36.47
36.61
37.18
37.28
37.42
37.47
37.62
37.76
38.18
38.91
39.48
40.05
40.28
40.42
40.61
40.9
41.12
41.19
41.48
41.75
42.04
42.47
42.61
42.76
42.9
43.04
43.18
43.33
43.46
43.61
43.76
43.9
44.04
44.18
44.32
44.4
44.47
44.61
44.76
44.9
45.04
45.18
45.33
45.47
45.61
45.76
45.9
46.04
46.18
46.33
46.47
46.61
46.76
46.89
47.04
47.18
47.33
47.47
47.61
47.75
47.9
48.04
48.18
48.33
48.47
48.61
48.76
48.89
48.97
49.05
49.18
49.33
49.47
49.61
49.75
49.9
50.04
50.19
50.33
50.62
50.76
50.89
51.04
51.19
51.32
51.61
51.76
51.9
52.04
52.19
52.32
52.76
52.9
53.04
53.18
53.33
53.46
53.62
53.9
54.04
54.18
54.33
54.47
54.61
54.90999999999999
55.04
55.18
55.33
55.47
55.61
55.83
55.9
56.04
56.18
56.33
56.47
56.61
56.76
56.9
57.04
57.18
57.33
57.47
57.61
57.76
57.9
58.04
58.19
58.32
58.47
58.61
58.76
58.9
59.04
59.18
59.33
59.47
59.76
59.88
60.04
60.46
60.61
60.76
60.89
61.19
61.34
61.42
61.48
61.76
61.90999999999999
62.04
62.33
62.47
62.63
62.77
62.90999999999999
63.19
63.48
63.63
63.76
63.92
64.05
64.19
64.33
64.49
64.62
64.91
65.06
65.19
65.33
65.47
65.76
66.05
66.2
66.33
66.48
66.61
66.77
66.91
67.19
67.34
67.48
67.62
67.76
68.05
68.32
68.62
68.77
68.9
69.19
69.47
69.76
69.9
70.33
70.48
70.62
70.9
71.19
71.48
71.62
71.76
71.91
72.05
72.19
72.27
72.33
72.62
72.77
72.91
73.06
73.19
73.33
73.47
73.63
73.76
73.91
74.05
74.19
74.33
74.61
74.9
75.06
75.19
75.48
75.62
75.76
76.05
76.2
76.33
76.48
76.62
76.76
76.89
77.05
77.19
77.34
77.47
77.76
77.91
78.05
78.19
78.33
78.47
79.04
79.18
79.33
79.47
79.61
79.75
79.91
80.05
80.19
80.33
80.47
80.61
80.76
80.9
81.05
81.18
81.33
81.47
81.61
81.75
81.9
82.04
82.18
82.32
82.47
82.61
82.76
82.9
83.04
83.18
83.26
83.33
83.46
83.61
83.75
83.9
84.04
84.19
84.33
84.47
84.61
84.76
84.9
85.04
85.18
85.33
85.47
85.55
85.62
85.75
85.9
86.04
86.19
86.33
86.47
86.61
86.9
87.19
87.31
87.47
87.89
88.04
88.18
88.33
88.47
88.61
88.76
88.9
89.33
89.47
89.61
89.75
89.9
90.04
90.12
90.18
90.33
90.47
90.61
90.76
90.9
91.04
91.18
91.33
91.47
91.61
91.76
91.9
92.04
92.19
92.4
92.48
92.61
92.76
92.9
93.04
93.18
93.33
93.47
93.76
93.9
94.04
94.19
94.32
94.47
94.61
94.76
94.89
95.04
95.18
95.33
95.47
95.61
95.75
95.9
96.04
96.33
96.61
97.04
97.19
97.48
98.04
98.22
98.26
98.31
98.39
98.43
98.82
98.97
99.29
99.34
99.42
99.46
99.52
99.58
99.62
99.73
100.58
100.8
100.9
101.08
101.34
101.4
101.44
101.54
101.9
105.16
