0.02
2.97
3.34
3.9
4.27
4.45
4.65
4.82
5.02
5.19
5.38
5.56
5.75
5.93
6.11
6.29
6.46
6.67
7.24
7.41
8.89
9.08
9.26
9.63
9.82
10.0
10.56
10.75
11.12
11.3
11.48
11.67
11.86
12.22
12.59
14.45
14.98
15.94
29.079999999999995
30.0
30.37
30.56
30.74
30.95
31.12
31.48
32.05
32.22
32.41
32.78
32.97
33.26
34.08
34.19
34.26
34.82
35.0
35.19
35.74
35.93
36.49
36.67
37.03
37.22
38.52
38.7
39.63
40.94
41.1
41.48
41.67
42.29
42.41
43.16
43.7
44.45
44.63
46.86
48.79
49.64
49.82
50.2
51.37
53.31
62.42
66.59
66.66
66.85
69.62
69.74
70.75
73.42
73.7
74.18
74.82
75.95
76.3
76.47
76.58
78.74
79.39
79.47
80.0
81.48
82.41
82.59
82.78
82.97
83.89
84.07
84.63
84.82
85.18
85.37
85.56
85.93
86.11
86.3
86.67
86.85
87.04
87.22
87.6
87.78
87.96
88.15
89.36
90.37
91.3
91.67
91.85
92.04
92.41
94.08
94.26
95.0
97.22
97.59
98.89
99.08
99.45
100.19
100.37
100.56
103.33
103.6
106.67
111.48
112.97
113.44
116.86
117.03
118.13
122.01
122.42
123.74
123.79
123.83
124.08
124.55
125.19
126.31999999999998
126.67
126.81999999999998
127.03
127.2
127.41
127.86
128.15
128.24
128.33
128.52
128.89
129.25
129.29
129.39
129.62
129.8
130.38
130.49
131.48
131.73
145.54
146.03
148.19
148.24
148.28
148.32
148.36
148.4
148.44
148.48
148.52
148.56
148.6
148.64
148.68
148.72
148.76
148.8
148.84
148.88
148.92
148.96
149.0
149.04
149.08
149.12
149.14000000000001
