0.25
1.42
2.12
2.35
3.29
4.22
4.69
5.16
5.62
6.09
6.56
7.03
7.5
7.96
8.43
8.9
9.37
9.84
10.31
10.78
11.25
11.71
12.18
12.64
13.12
13.59
14.289999999999997
14.41
14.99
15.46
15.93
16.39
16.87
17.34
17.69
17.81
18.04
18.16
18.27
18.74
19.21
19.68
20.04
20.14
20.62
20.86
21.08
21.33
21.45
21.56
21.79
21.91
22.02
22.26
22.49
22.74
22.96
23.32
23.43
23.79
23.89
24.37
24.84
25.2
25.31
25.54
25.66
25.78
26.24
26.71
27.07
27.19
27.65
27.89
28.12
28.59
28.95
29.06
29.31
29.41
29.53
29.76
29.97
46.29
46.51
46.65
47.1
47.48
48.0
48.17
48.39
48.74
49.83
50.04
50.27
50.51
50.57
52.03
53.11
53.79
54.05
54.13
54.6
54.99
55.32
55.54
56.25
56.85
58.58
59.06
59.99
60.95
61.40999999999999
62.11
62.35
62.58
62.81
63.05
63.15999999999999
63.28
63.75
63.98
64.22
64.69
65.15
65.63
66.09
66.56
67.03
67.5
67.73
68.2
68.44
68.67
69.6
70.08
70.31
70.55
70.79
70.96
71.25
71.49
71.72
71.84
71.96
72.19
72.32
72.43
72.66
72.87
73.13
73.43
73.56
73.74
73.82
73.89
73.95
74.01
74.08
74.13
74.17
74.24
74.29
74.36
74.41
74.48
74.67
74.75
74.84
74.9
74.95
74.99
75.23
75.29
75.46
75.81
75.93
76.08
76.17
76.29
76.41
76.64
76.72
76.83
76.87
77.11
77.18
77.28
77.34
77.62
77.8
77.92
78.05
78.29
78.51
78.55
78.75
78.98
79.22
79.58
79.64
79.69
79.91
80.15
80.41
80.45
80.54
80.62
80.87
81.08
81.33
81.56
81.79
81.84
82.02
82.3
82.76
82.98
83.43
83.66
83.79
83.91
84.15
84.26
84.37
84.62
84.84
85.31
85.42
85.49
85.55
85.78
85.97
86.03
86.24
86.49
86.72
86.96
87.07
87.18
87.3
87.42
87.47
87.6
87.65
87.89
87.95
88.37
88.6
88.85
89.06
89.3
89.42
89.64
89.76
89.99
90.09
90.17
90.23
90.46
90.81
90.93
91.05
91.11
91.17
91.29
91.4
91.64
91.75
91.83
92.11
92.35
92.58
93.05
93.28
93.42
93.52
93.7
93.74
93.99
94.22
94.46
94.58
94.68
94.92
95.04
95.1
95.16
95.39
95.51
95.55
95.86
96.03
96.09
96.33
96.8
97.27
97.44
97.73
97.97
98.2
98.43
98.67
98.79
98.9
99.14
99.24
99.33
99.61
99.79
99.85
100.08
100.3
100.55
100.78
101.02
101.49
101.72
101.95
102.07
102.18
102.41
102.53
102.65
102.85
102.89
103.01
103.37
103.6
103.82
104.06
104.25
104.29
104.39
104.54
104.76
105.0
105.11
105.16
105.2
105.36
105.47
105.7
105.82
105.93
106.17
106.29
106.4
106.65
106.98
107.11
107.23
107.34
107.58
107.7
107.81
108.05
108.15
108.27
108.4
108.52
108.7
108.74
108.86
108.98
109.22
109.46
109.56999999999998
109.68
109.78
109.93
110.01
110.15
110.27
110.39
110.5
110.62
110.74
110.86
111.08
111.25
111.34
111.67
111.75
111.8
112.0
112.04
112.27
112.37
112.61
112.97
113.2
113.43
113.68
113.79
113.91
114.02
114.14
114.36
114.48
114.61
114.76
114.84
115.09
115.31
115.55
115.79
116.02
116.24
116.36
116.48
116.73
116.95
117.06999999999998
117.18
117.3
117.43
117.65
117.78
117.9
117.97
118.02
118.12
118.36
118.6
118.68
118.83
118.94
119.18
119.3
119.38
119.54
119.77
120.0
120.24
120.34
120.47
120.7
120.93
121.18
121.29
121.4
121.65
121.87
122.12
122.34
122.81
123.04
123.27
123.54
123.75
124.21
124.68
125.15
125.62
126.09
126.45
126.56
126.8
127.02
127.27
127.5
127.96
128.44
128.9
129.37
129.84
130.78
131.72
138.51
