1.3
1.42
1.54
1.79
2.29
2.55
2.79
2.96
3.05
3.3
3.54
3.67
3.8
3.92
4.05
4.18
4.3
4.42
4.55
4.8
4.97
5.05
5.3
5.42
5.55
5.68
5.79
6.3
6.55
6.8
6.96
7.05
7.19
7.3
7.41
7.55
7.8
8.04
8.3
8.42
8.46
8.8
8.97
9.05
9.29
9.42
9.47
9.54
9.79
10.04
10.3
10.4
10.47
10.66
10.8
10.88
10.96
11.05
11.3
11.55
11.8
11.92
12.04
12.3
12.44
12.52
12.64
12.75
12.8
12.96
13.05
13.29
13.42
13.54
13.68
13.789999999999997
14.22
14.3
14.5
14.73
14.8
14.96
15.039999999999997
15.289999999999997
15.49
15.55
15.8
16.04
16.29
16.54
16.8
16.97
17.05
17.29
17.55
17.68
17.74
17.81
17.93
18.05
18.18
18.29
18.42
18.54
18.68
18.79
18.92
19.04
19.29
19.54
19.79
19.93
20.42
20.55
20.67
20.79
20.92
21.29
21.54
21.79
21.93
22.29
22.43
22.54
22.79
22.92
23.11
23.19
23.29
23.42
23.54
23.79
23.92
24.42
24.55
24.8
24.92
24.96
25.07
25.29
25.54
25.8
25.93
26.04
26.18
26.22
26.3
26.42
26.55
26.67
26.79
26.92
27.04
27.29
27.54
27.67
27.79
27.93
28.04
28.11
28.17
28.3
28.42
28.55
28.67
28.8
28.92
29.04
29.29
29.54
29.79
29.92
30.04
30.17
30.29
30.42
30.54
30.71
30.8
30.97
31.04
31.11
31.17
31.29
31.42
31.54
31.8
31.92
32.04
32.18
32.29
32.42
32.54
32.68
32.79
32.92
33.07
33.29
33.54
33.79
33.92
34.04
34.67
34.8
35.3
35.55
35.8
36.04
36.18
36.3
36.55
36.81
37.04
37.3
37.55
37.79
38.18
38.3
39.3
39.8
40.04
40.18
40.3
40.55
41.04
41.3
41.55
41.79
42.0
42.54
42.68
42.8
42.97
43.05
43.18
43.3
43.41
43.55
43.67
43.8
44.05
44.55
44.67
44.8
45.05
45.19
45.29
45.43
45.55
45.8
45.92
45.98
46.04
46.55
46.68
46.8
46.97
47.04
47.3
47.55
47.67
47.8
48.05
48.54
48.8
49.04
49.12
49.18
49.3
49.67
49.75
49.92
50.05
50.17
50.29
50.43
50.54
50.79
50.92
51.04
51.17
51.29
51.42
51.55
51.67
51.79
51.93
52.29
52.43
52.54
52.79
52.92
53.04
53.17
53.29
53.42
53.55
53.68
53.79
53.92
54.17
54.29
54.43
54.54
54.67
54.79
54.92
55.04
55.29
55.40999999999999
55.54
55.67
55.79
55.93
56.29
56.42
56.79
56.92
57.04
57.17
57.29
57.68
57.79
58.17
58.29
58.43
58.54
58.67
58.79
58.92
59.04
59.17
59.29
59.40999999999999
59.54
59.67
59.79
59.93
60.17
60.29
60.43
60.54
60.79
60.92
61.04
61.17
61.29
61.42
61.55
61.67
61.79
61.92
62.17
62.29
62.42
62.54
62.67
62.79
62.92
63.04
63.17
63.29
63.40999999999999
63.54
63.67
63.79
63.93
64.29
64.42
64.54
64.79
64.92
65.8
66.05
66.55
66.8
66.97
67.05
67.29
67.55
67.8
67.92
68.05
68.3
68.55
68.8
69.05
69.3
69.42
69.55
69.67
69.79
70.19
70.29
70.37
70.55
70.8
71.05
71.16
71.3
71.56
72.04
72.31
72.8
72.97
73.04
73.29
73.43
74.3
74.4
74.45
74.66
74.8
74.96
75.05
75.17
75.3
75.54
75.8
75.93
76.04
76.3
76.52
76.8
76.96
77.05
77.29
77.42
77.54
77.67
77.79
78.25
78.3
78.41
78.47
78.54
78.76
78.8
78.89
78.96
79.04
79.29
79.55
79.8
80.04
80.45
80.8
80.97
81.05
81.45
81.8
82.05
82.31
82.48
82.55
82.8
83.05
83.16
83.3
83.55
83.8
83.92
84.04
84.3
84.47
84.68
84.8
84.96
85.05
85.3
85.42
85.54
85.68
85.79
86.28
86.44
86.48
86.54
86.73
86.8
86.92
86.96
87.04
87.18
87.29
87.43
87.48
87.55
88.04
88.55
88.8
88.97
89.04
89.29
89.42
89.54
90.04
90.17
90.31
90.41
90.55
90.67
90.92
91.04
91.18
91.29
91.42
91.54
91.68
91.79
91.92
92.43
92.54
92.68
92.79
92.92
93.29
93.54
93.8
93.93
94.17
94.29
94.43
94.54
94.67
94.79
94.92
95.12
95.18
95.29
95.44
95.54
95.67
95.79
95.93
96.3
96.55
96.68
96.8
96.96
97.07
97.29
97.54
97.8
97.93
98.04
98.18
98.22
98.3
98.42
98.55
98.67
98.72
98.79
98.92
98.96
99.05
99.29
99.54
99.67
99.79
99.93
100.04
100.11
100.17
100.3
100.42
100.55
100.67
100.8
100.92
101.04
101.29
101.54
101.8
101.92
102.04
102.17
102.29
102.42
102.55
102.71
102.8
102.96
103.04
103.11
103.17
103.29
103.42
103.55
103.72
103.8
103.92
104.04
104.18
104.42
104.54
104.68
104.79
104.92
105.06
105.29
105.54
105.79
105.92
106.04
106.18
106.42
106.68
106.8
106.92
107.29
107.54
107.67
107.79
107.93
108.43
108.55
108.68
108.8
108.93
109.29
109.54
109.79
109.93
110.19
110.29
110.43
110.55
110.93
111.11
111.18
111.29
111.43
111.54
111.67
111.79
111.92
112.55
112.68
112.8
112.93
113.29
113.54
113.8
113.93
114.04
114.18
114.22
114.3
114.42
114.54
114.67
114.8
114.92
115.29
115.42
115.54
115.67
115.79
115.93
116.04
116.16
116.3
116.42
116.54
116.67
116.8
116.92
117.04
117.29
117.54
117.79
117.92
118.04
118.17
118.29
118.42
118.54
118.79
119.04
119.11
119.17
119.29
119.42
119.54
119.68
119.8
119.93
120.04
121.8
121.93
122.03
122.35
126.05
