0.86
1.84
2.02
2.45
2.76
7.19
7.269999999999999
7.35
7.81
7.96
8.02
8.06
8.57
8.73
8.87
9.49
9.74
9.85
9.91
10.05
11.64
11.94
12.56
13.01
13.75
13.8
14.23
14.4
14.85
15.46
15.62
15.91
16.01
16.38
16.68
16.84
16.99
17.45
17.9
18.06
18.36
18.68
18.83
19.13
19.29
19.6
19.75
20.05
20.82
21.73
22.04
22.2
22.35
22.66
22.81
22.96
23.43
23.57
24.03
24.18
24.65
25.11
25.26
25.71
25.88
26.02
26.33
26.49
26.63
27.1
27.25
27.7
27.86
28.32
28.46
28.93
29.079999999999995
29.39
29.54
29.69
31.53
31.99
32.14
32.6
33.22
33.37
33.83
33.98
34.44
34.91
35.67
35.82
36.28
36.89
37.04
38.27
38.58
39.34
39.62
39.79
40.71
41.94
44.25
44.38
46.08
46.84
48.07
48.22
48.98
49.13
50.51
51.73
52.35
54.04
54.18
57.86
58.01
58.31
60.62
60.71
62.61
62.76
63.98
65.2
66.29
67.51
67.66
68.73
70.1
70.43
72.55
73.02
73.64
73.78
75.0
76.09
76.22
77.6
78.52
79.75
81.12
88.47
91.07
91.38
91.68
93.37
93.83
94.14
94.44
94.6
95.06
95.36
95.97
96.27
96.58
97.5
98.27
98.72
99.04
99.34
99.49
99.95
100.26
100.71
103.5
