0.88
1.24
1.58
1.96
2.46
2.65
3.0
3.79
4.06
4.43
4.76
4.93
5.13
5.28
5.81
6.0
6.18
6.53
6.81
6.87
7.07
7.42
7.94
8.3
8.64
8.82
8.91
9.0
9.16
9.35
9.52
9.7
10.24
10.41
10.58
10.76
10.94
11.47
11.61
11.82
12.0
12.17
12.27
12.52
13.06
13.24
13.58
13.76
13.94
14.289999999999997
14.46
14.65
15.0
15.35
15.64
15.71
15.88
16.06
16.41
16.58
16.76
17.11
17.29
17.47
18.17
18.52
18.7
18.88
19.23
19.41
19.59
19.94
20.29
20.64
21.0
21.35
22.5
22.81
22.93
23.11
23.47
23.65
23.81
24.0
24.18
24.35
24.71
24.88
24.97
25.05
25.15
25.23
25.58
25.72
25.76
25.85
25.94
26.29
26.64
27.0
27.35
27.53
27.71
27.88
28.05
28.41
28.579999999999995
28.76
29.12
29.3
29.47
29.65
29.829999999999995
29.99
30.17
30.35
30.64
31.15
31.41
31.59
31.95
32.12
32.3
32.65
32.74
32.82
33.0
33.17
33.35
33.53
33.7
34.06
34.17
34.23
34.41
34.58
34.94
35.12
35.47
35.56
35.64
35.82
36.0
36.18
36.52
36.7
36.88
37.06
37.23
37.41
37.94
38.11
38.29
38.46
38.64
38.82
39.0
39.08
39.18
39.35
39.53
39.71
39.88
40.05
40.23
40.58
40.76
41.29
41.4
41.47
41.64
42.0
42.18
42.34
42.61
42.7
42.88
43.05
43.13
43.25
43.41
43.52
43.59
43.67
43.76
43.94
44.11
44.29
44.48
44.65
44.73
45.0
45.17
45.44
46.17
46.93
47.28
47.57
47.64
48.08
48.17
48.44
48.52
48.71
48.88
48.96
49.23
49.4
49.49
49.58
49.68
49.76
50.11
50.29
50.64
50.83
50.9
50.99
51.18
51.26
51.34
51.7
51.87
52.32
52.4
52.58
52.76
52.93
53.38
53.47
53.55
53.63
53.76
54.0
54.17
54.35
54.52
54.78
54.88
55.06
55.40999999999999
55.59
56.12
56.2
56.46
56.55
56.64
56.81
56.99
57.17
57.34
57.52
57.7
57.78
57.86
58.23
58.58
58.93
59.03
59.12
59.22
59.29
59.38
59.46
59.56
59.65
59.82
59.99
60.34
60.53
60.7
61.05
61.23
61.4
61.59
61.76
61.94
62.12
62.46
62.64
62.82
63.0
63.17
63.35
63.52
63.7
63.88
64.06
64.23
64.41
64.58
64.67
64.76
64.84
64.93
65.11
65.29
65.47
65.64
65.73
65.81
65.99
66.17
66.34
66.43
66.55
66.7
66.89
67.05
67.4
67.85
68.45
68.61
68.81
69.16
69.44
69.51
69.87
69.95
70.06
70.22
70.31
70.41
70.58
70.76
70.92
71.01
71.1
71.19
71.28
71.46
71.55
71.63
71.72
71.76
71.81
71.9
72.03
72.17
72.25
72.34
72.52
72.6
72.7
72.87
72.97
73.15
73.23
73.4
73.59
73.67
73.93
74.11
74.28
74.38
74.46
74.55
74.64
74.82
75.0
75.16
75.34
75.52
75.7
75.79
75.87
75.96
76.05
76.14
76.23
76.4
76.5
76.76
76.86
76.94
77.11
77.29
77.46
77.64
77.82
77.99
78.17
78.35
78.52
78.61
78.79
79.05
79.23
79.32
79.4
79.58
79.76
79.94
80.04
80.11
80.29
80.46
80.64
80.81
80.99
81.17
81.35
81.44
81.52
81.62
81.7
81.88
82.05
82.41
82.5
82.58
82.76
82.86
82.93
83.11
83.28
83.47
83.64
83.81
83.99
84.17
84.26
84.35
84.44
84.52
84.7
84.88
84.97
85.23
85.41
85.58
85.67
85.76
85.85
85.94
86.12
86.29
86.46
86.64
86.74
86.82
86.99
87.08
87.16
87.26
87.35
87.45
87.52
87.71
87.78
87.87
88.05
88.15
88.23
88.5
88.58
88.76
88.93
89.12
89.47
89.56
89.64
89.81
89.91
89.99
90.08
90.26
90.34
90.53
90.61
90.69
90.88
91.05
91.23
91.4
91.58
91.76
91.93
92.11
92.29
92.46
92.64
92.81
92.99
93.17
93.34
93.44
93.52
93.7
93.88
94.05
94.23
94.34
94.4
94.58
95.11
95.2
95.29
95.36
95.43
95.56
95.64
95.81
95.99
96.18
96.35
96.53
96.7
96.98
97.05
97.23
97.41
97.77
98.11
98.64
98.81
99.01
99.08
99.17
99.36
99.42
99.46
99.52
99.87
99.96
100.05
100.14
100.23
100.41
100.58
100.7
100.77
100.93
101.13
101.38
101.46
101.64
101.9
102.01
102.18
102.27
102.34
102.71
102.78
102.88
103.05
103.14
103.19
103.32
103.41
103.59
103.69
103.77
103.82
103.94
104.03
104.11
104.2
104.29
104.38
104.47
104.59
104.73
104.81
105.0
105.17
105.35
105.52
105.72
105.87
105.99
106.39
106.5
106.58
106.74
106.85
106.93
107.11
107.29
107.48
107.56
107.64
108.0
108.35
108.7
109.05
109.24
109.4
109.94
110.11
110.46
110.65
110.81999999999998
111.35
111.53
111.88
112.22
112.56999999999998
112.76
112.94
113.2
113.47
113.64
114.18
114.35
114.7
114.87
115.05
115.76
116.11
116.3
116.47
117.17
117.52
117.72
118.22
118.41
118.77
119.81999999999998
120.35
120.53
121.05
121.41
121.6
121.76
121.94
122.11
122.29
122.46
122.81999999999998
123.16
123.36
123.53
123.7
124.06
124.23
124.77
125.47
126.0
126.09
126.17
126.7
127.06999999999998
131.88
