0.04
0.53
0.79
1.01
1.84
2.06
2.25
2.5
2.72
3.96
4.1
4.22
4.43
5.05
5.3
5.49
5.63
6.77
6.88
7.2
7.45
7.63
7.84
8.49
8.71
8.92
9.14
9.33
9.58
9.91
10.2
10.63
10.84
11.06
11.68
11.91
12.05
12.14
12.33
12.58
12.76
13.2
13.34
13.63
14.05
14.49
14.7
15.34
15.56
15.77
15.98
16.2
16.42
16.63
16.77
16.85
17.06
17.28
17.49
17.91
18.34
18.77
18.99
19.62
19.85
20.05
20.2
20.3
20.39
20.92
21.34
21.57
21.67
21.99
22.2
22.42
22.75
22.85
23.06
23.28
23.48
23.71
23.91
24.35
24.77
25.2
25.41
25.63
26.28
26.49
26.71
27.05
27.14
27.34
27.56
27.99
28.2
28.42
28.53
28.59
28.84
28.97
29.06
29.27
29.69
30.14
30.35
30.78
30.99
31.19
31.42
31.62
32.07
32.28
32.49
32.7
33.13
33.34
33.55
33.77
34.01
34.53
34.63
35.69
35.92
36.14
36.34
36.46
36.57
37.28
37.33
37.63
38.06
39.13
39.34
39.56
39.99
40.42
40.76
40.82
41.06
41.49
41.71
41.91
42.57
42.77
43.0
43.2
43.28
43.41
43.63
43.82
44.06
44.49
45.13
45.34
45.53
45.7
45.77
46.19
46.43
46.75
46.85
49.85
50.28
50.49
50.72
50.84
51.05
51.34
51.77
52.2
52.63
53.06
53.28
53.71
54.76
54.98
55.2
55.63
55.86
56.72
57.13
58.2
58.63
59.06
59.28
60.34
60.56
60.77
60.99
63.57
63.7
63.89
63.99
64.2
64.63
65.92
67.0
67.42
67.62
67.84
67.93
68.06
70.2
70.42
70.84
72.76
73.42
75.89
75.99
76.1
76.2
76.41
76.64
76.75
76.84
77.06
77.28
77.49
77.7
77.91
78.13
78.25
78.35
78.46
78.56
78.77
78.99
79.2
79.41
79.63
79.84
80.06
80.27
80.48
80.71
80.91
81.13
81.34
82.42
82.63
83.28
83.7
84.13
84.34
84.56
84.77
84.99
85.19
85.41
85.84
86.06
86.27
86.48
86.7
86.91
87.02
87.13
87.56
87.77
87.99
88.2
88.85
94.85
94.95
95.04
95.27
95.36
95.46
95.78
95.89
98.91
99.05
99.78
103.42
103.85
106.43
