0.01
0.05
0.09
0.13
0.17
0.21
0.25
0.29
0.33
0.37
0.41
0.45
0.49
0.53
0.57
0.61
0.65
0.69
0.73
0.77
0.81
0.85
0.89
0.93
1.05
8.96
11.24
20.77
21.56
22.19
26.57
43.13
43.21
43.29
43.61
43.77
43.92
44.08
44.38
44.43
44.54
44.58
44.85
45.01
45.09
45.48
45.63
45.8
45.87
45.95
46.26
46.42
46.57
46.73
46.88
47.04
47.2
47.67
48.14
48.29
48.61
48.77
48.92
49.08
49.39
49.55
50.02
50.09
50.33
50.5
50.64
50.95
51.11
51.26
51.74
52.04
52.2
52.58
52.67
53.14
53.22
53.61
53.93
54.39
54.55
54.59
54.87
55.02
55.1
55.49
55.64
55.81
55.88
56.26
56.43
56.65
56.74
56.88
57.05
57.23
57.67
58.14
58.22
58.3
58.62
58.78
58.93
59.07
59.4
59.56
60.19
60.5
60.65
61.12
62.21
63.15
64.33
64.41
65.97
67.61
67.69
68.16
68.31
69.41
70.19
72.69
73.25
73.32
75.98
77.55
77.62
77.7
78.17
78.32
79.33
80.2
80.67
82.39
83.17
83.33
84.28
84.43
85.21
85.68
87.71
88.18
88.33
89.43
90.21
90.69
92.49
92.71
93.18
93.34
95.12
95.21
95.68
97.71
98.18
98.34
99.44
100.22
100.69
103.19
103.65
103.82
104.44
105.22
105.69
106.15
106.94
107.64
107.72
108.05
108.19
108.66
109.37
109.44
110.06999999999998
110.23
110.69
112.51
112.97
113.2
114.53
114.85
115.08
115.7
116.4
116.95
117.34
117.74
118.2
118.67
118.76
118.83
119.45
120.01
120.24
120.71
121.95
144.62
