1.4
5.02
5.08
5.35
5.42
8.27
9.12
10.49
12.38
13.75
14.44
14.789999999999997
15.12
15.47
15.81
16.49
17.19
17.86
19.24
19.93
20.61
21.29
21.98
23.34
23.6
24.03
24.29
24.54
24.71
25.4
26.78
27.8
27.98
28.15
28.32
28.4
28.84
29.0
29.1
29.26
29.35
29.53
29.61
29.78
29.86
30.03
30.13
30.21
30.37
30.55
30.72
30.89
31.31
31.75
32.26
32.52
32.78
32.95
33.12
33.29
33.63
33.81
34.06
34.15
34.32
34.58
34.84
35.01
35.09
35.35
35.58
35.68
35.86
36.21
36.38
36.64
36.8
36.89
37.07
37.75
38.01
38.1
38.27
38.34
38.44
38.61
38.7
38.78
38.87
38.91
38.95
39.06
39.12
39.3
39.39
39.5
39.65
39.81
40.49
41.18
41.86
42.22
42.55
42.9
43.23
43.93
44.26
44.61
44.78
45.29
46.32
46.65
47.0
47.15
47.34
47.51
47.86
48.03
48.71
48.88
49.06
49.39
50.08
50.6
50.77
51.8
52.14
52.48
52.66
52.83
53.35
53.51
54.2
54.54
54.71
54.88
55.56
56.26
56.61
56.95
57.28
57.63
57.97
58.32
58.65999999999999
59.0
59.18
59.35
59.69
60.03
60.37
60.72
60.9
61.06
61.4
61.57
61.74
61.92
62.09
62.26
62.44
62.61
62.77
62.95
63.12
63.29
63.46
63.63
63.8
63.98
64.15
64.32
64.49
64.58
64.65
64.83
64.99
65.17
65.34
65.42
65.51
65.69
65.75
65.83
66.02
66.21
66.38
66.72
66.8
66.95
67.05
67.23
67.41
67.57
67.75
67.91
68.09
68.25
68.43
68.59
68.78
68.94
69.11
69.28
69.46
69.62
69.81
69.97
70.15
70.31
70.5
70.65
70.83
71.0
71.18
71.34
71.52
71.68
71.87
72.03
72.21
72.37
72.55
72.71
72.89
73.06
73.24
73.4
73.58
73.74
73.92
74.08
74.26
74.43
74.6
74.77
74.94
75.11
75.29
75.45
75.63
75.8
76.14
76.22
76.48
76.66
76.83
77.0
77.17
77.35
77.51
77.69
77.85
77.95
78.03
78.2
78.38
78.54
78.72
78.88
79.14
79.23
79.41
79.57
79.75
79.91
80.09
80.26
80.43
80.59
80.78
80.94
81.12
81.28
81.46
81.63
81.97
82.15
82.31
82.49
82.66
83.0
83.18
83.26
83.34
83.52
83.69
83.86
83.94
84.03
84.21
84.37
84.55
84.71
84.89
85.05
85.23
85.4
85.57
85.74
85.92
86.08
86.26
86.43
86.6
86.77
86.95
87.11
87.29
87.45
87.63
87.8
87.98
88.15
88.32
88.58
88.66
88.82
89.0
89.52
89.86
90.35
90.54
90.88
91.23
92.6
92.86
92.94
93.45
93.63
93.81
93.97
94.15
94.49
94.67
94.84
95.17
95.44
95.69
96.04
96.2
96.37
96.55
96.72
96.89
96.98
97.23
97.4
97.57
98.09
98.18
98.35
98.44
98.78
99.11
99.46
99.64
99.72
99.89
100.15
100.41
100.66
100.83
100.92
101.18
101.51
101.69
101.86
102.2
102.37
102.89
103.06
103.16
103.57
103.66
104.09
104.25
104.6
104.78
104.94
105.12
105.38
105.63
106.15
106.32
106.41
106.66
106.92
107.0
107.18
107.34
107.48
107.52
107.69
107.95
109.07
109.31999999999998
109.75
109.91
110.02
110.09
110.26
110.37
110.43
110.61
110.7
110.87
111.11
112.84
113.18
114.13
114.29
114.38
114.55
114.64
115.05
115.22
115.41
115.51
115.58
115.75
115.85
115.93
116.11
116.35
116.6
116.87
117.04
117.13
117.3
117.39
117.64
117.8
118.33
118.68
119.1
119.61
119.79
119.87
120.06
120.31
120.38
120.9
121.06
121.24
129.97
