0.06
0.33
0.37
0.45
0.54
0.82
1.35
1.76
1.87
2.1
2.23
2.37
2.46
2.5
2.67
2.72
2.89
2.96
3.03
3.09
3.16
3.21
3.37
3.42
3.46
3.5
4.03
4.53
6.12
6.28
7.08
7.23
9.77
12.12
12.31
12.4
12.46
12.63
12.83
12.93
13.16
13.24
13.35
13.39
13.5
13.59
13.789999999999997
13.89
13.93
13.97
14.07
14.23
14.48
14.62
14.67
14.77
15.86
16.06
16.2
16.66
16.74
16.81
16.85
17.34
17.54
17.86
18.07
18.18
18.25
18.34
18.62
19.87
22.05
22.3
22.72
23.86
23.94
24.04
24.11
24.2
24.28
24.58
24.62
24.72
25.28
25.64
25.8
25.97
26.08
26.79
26.94
27.49
28.43
29.829999999999995
31.38
31.8
32.38
32.7
32.98
33.02
33.14
44.16
44.32
44.5
55.27
57.97
60.34
60.77
61.01
61.27
62.01
62.19
63.03
63.37
63.71
63.96
64.38
64.72
65.39
65.66
65.74
66.06
67.59
72.23
109.39
125.06
130.35
130.46
135.9
135.95
135.99
136.03
136.07
136.11
136.15
136.19
136.23
136.27
136.31
136.35
136.39
136.43
136.47
136.51
136.55
136.59
136.63
136.67
136.71
136.75
136.79
136.83
136.85
