0.34
1.02
1.08
1.29
1.43
1.57
1.71
1.84
1.97
2.1
2.25
2.38
2.51
2.58
2.66
2.79
3.07
3.2
3.34
3.61
4.43
4.71
5.38
5.46
5.66
5.8
5.93
6.07
6.2
6.34
6.46
6.61
6.74
6.88
6.95
7.019999999999999
7.15
7.43
7.57
7.7
7.98
8.79
9.2
9.48
9.61
9.75
10.02
10.16
10.29
10.43
10.57
10.71
10.84
10.98
11.11
11.25
11.38
11.52
11.66
11.79
11.93
12.07
12.21
12.33
12.48
12.61
12.75
12.89
13.02
13.16
13.3
13.43
13.57
13.71
13.84
13.98
14.11
14.38
14.52
14.66
14.789999999999997
14.93
15.07
15.2
15.34
15.47
15.62
15.75
15.88
16.02
16.16
16.29
16.43
16.57
16.7
16.84
17.52
17.66
17.73
17.79
17.88
17.94
18.05
18.2
18.34
18.47
18.57
18.75
18.88
19.02
19.09
19.29
19.56
19.7
19.84
20.08
20.25
20.39
20.52
20.66
20.82
20.93
21.07
21.34
21.49
21.61
21.74
21.89
22.01
22.24
22.3
22.43
22.57
22.7
22.84
22.92
23.05
23.11
23.27
23.38
23.65
23.79
23.93
24.06
24.16
24.2
24.44
24.6
24.73
24.88
25.29
26.07
26.24
26.34
26.46
26.54
26.6
26.67
26.93
27.07
27.2
27.29
27.89
28.25
28.29
28.56
28.84
28.97
29.06
29.11
29.24
29.38
29.59
29.66
29.79
30.04
30.21
30.34
30.47
30.55
30.63
30.76
30.82
30.93
31.14
31.37
31.42
31.56
31.65
31.97
34.71
34.97
35.19
35.32
35.64
35.73
35.79
35.85
35.94
36.01
36.14
36.43
36.55
36.75
36.97
37.15
37.22
37.29
37.42
37.56
37.63
37.7
37.83
37.96
38.11
38.24
38.38
38.47
38.6
38.78
38.93
39.06
39.14
39.2
39.34
39.42
39.47
39.6
39.7
39.74
39.95
40.02
40.09
40.15
40.23
40.29
40.36
40.42
40.51
40.56
40.64
40.7
40.78
40.97
41.1
41.23
41.32
41.38
41.51
41.63
41.8
41.91
42.02
42.13
42.23
42.33
42.44
42.56
42.67
42.74
42.88
43.02
43.09
43.22
43.29
43.44
43.7
43.78
43.84
43.91
43.97
44.1
44.23
44.32
44.38
44.51
44.6
44.66
44.72
44.91
45.04
45.19
45.34
45.45
45.53
45.68
45.75
45.83
45.88
46.02
46.1
46.22
46.28
46.5
46.55
46.69
46.77
46.84
46.92
46.97
47.18
47.26
47.44
47.51
47.58
47.66
47.91
48.05
48.14
48.41
48.47
48.74
48.83
48.88
48.99
49.09
49.29
49.36
49.5
49.56
49.63
49.7
49.78
49.83
49.93
49.98
50.24
50.39
50.45
50.58
50.77
50.85
50.92
51.0
51.07
51.27
51.34
51.46
51.66
51.75
51.87
52.2
52.29
52.36
52.42
52.52
52.67
52.82
52.97
53.04
53.11
53.24
53.78
53.86
54.2
54.33
54.59
54.68
54.81
54.88
55.01
55.14
55.23
55.29
55.36
55.43
55.55
55.69
55.77
55.97
56.05
56.1
56.18
56.24
56.51
56.59
56.65
56.78
56.92
57.05
57.14
57.21
57.32
57.40999999999999
57.47
57.6
58.01
58.09
58.15
58.28
58.56
58.68
58.83
58.9
58.97
59.04
59.17
59.24
59.37
59.5
59.65
59.74
59.78
59.93
60.06
60.19
60.33
60.46
60.54
60.59
60.68
60.86
61.01
61.24
61.28
61.40999999999999
61.55
61.69
61.82
61.96
62.1
62.37
62.5
62.64
62.92
63.05
63.19
63.33
63.6
63.73
63.96
64.0
64.07
64.15
64.3
64.49
64.56
64.69
64.92
65.09
65.24
65.37
65.5
65.63
65.78
66.05
66.19
66.32
66.46
66.59
66.74
66.87
67.0
67.28
67.42
67.55
67.64
67.68
67.89
67.96
68.37
68.5
68.64
68.78
68.87
68.98
69.05
69.18
69.29
69.86
70.0
70.29
70.42
70.49
70.56
70.82
71.11
71.19
71.32
71.37
71.63
71.71
71.98
72.11
72.19
72.33
72.4
72.48
72.59
72.68
72.74
72.86
73.14
73.28
73.37
73.55
73.63
73.76
73.95
74.04
74.25
74.37
74.51
74.64
74.78
74.85
74.92
75.14
75.19
75.26
75.46
75.53
75.59
75.72
75.81
75.87
76.11
76.23
76.41
76.49
76.62
76.69
76.83
76.91
76.98
77.23
77.36
77.45
77.77
77.85
77.92
77.99
78.04
78.14
78.18
78.32
78.55
78.88
78.94
79.01
79.28
79.36
79.42
79.53
79.63
79.82
79.9
79.96
80.03
80.1
80.17
80.32
80.37
80.51
80.77
80.85
80.98
81.05
81.18
81.31
81.46
81.59
81.8
81.87
81.96
82.14
82.28
82.67
82.96
83.03
83.36
83.44
83.5
83.7
83.78
83.91
84.12
84.18
84.59
84.73
84.85
84.97
85.09
85.13
85.55
85.63
85.82
85.9
86.09
86.17
86.36
86.48
86.57
86.64
86.77
87.07
87.12
87.32
87.53
87.6
87.72
87.82
88.14
88.24
88.36
88.48
88.54
88.62
88.69
88.83
88.89
89.02
89.1
89.24
89.36
89.43
89.5
89.85
90.05
90.12
90.26
90.33
90.45
90.53
90.73
90.93
91.02
91.12
91.63
91.68
91.75
91.82
91.95
92.09
92.16
92.23
92.36
92.45
92.58
92.64
92.77
92.85
92.91
92.99
93.12
93.19
93.32
93.4
93.46
93.53
93.59
93.67
93.74
93.86
94.22
94.27
94.55
94.64
94.68
94.83
94.89
94.97
95.23
95.31
95.5
95.65
95.77
95.89
96.01
96.18
96.26
96.37
96.48
96.59
96.86
97.01
97.08
97.15
97.22
97.38
97.43
97.95
98.03
98.09
98.22
98.3
98.37
98.62
98.77
98.91
99.05
99.25
99.59
99.73
99.85
100.25
100.48
100.54
100.81
100.95
101.19
101.34
101.49
101.64
101.71
101.78
101.91
101.99
102.06
102.17
102.3
102.38
102.45
102.59
102.79
102.86
102.93
103.0
103.12
103.42
103.68
103.88
103.96
104.22
104.35
104.49
104.63
104.77
104.9
105.05
105.13
105.18
105.45
105.59
105.8
105.87
106.09
106.27
106.35
106.41
106.84
106.9
106.95
107.09
107.36
107.5
107.57
107.76
107.92
107.98
108.12
108.6
108.66
108.71
109.28
109.67
109.77
109.88
109.98
110.06
110.16
110.49
110.62
110.71
110.78
110.85
110.98
111.05
111.19
111.24
111.31999999999998
111.52
111.6
111.65
111.73
111.86
112.13
112.4
112.48
112.68
112.8
112.95
113.08
113.36
113.61
113.76
113.84
113.91
114.03
114.17
114.31
114.53
114.6
114.67
115.0
115.12
115.4
115.5
115.54
115.69
115.94
116.08
116.22
116.35
116.49
116.56999999999998
116.64
116.7
116.9
117.04
117.11
117.19
117.24
117.31
117.39
117.44
117.52
117.58
117.71
118.12
118.48
118.67
118.81
119.02
119.14
119.22
119.41
119.49
119.56999999999998
119.65
119.76
119.9
120.17
120.31
120.85
121.06
121.12
121.4
122.23
