2.32
3.71
3.87
3.95
4.11
4.19
4.25
4.32
4.51
4.58
4.62
4.73
4.82
4.91
4.95
6.07
6.15
6.39
6.46
6.5
7.269999999999999
7.42
7.48
7.59
7.7
7.74
8.17
8.25
8.34
8.51
8.83
8.93
9.17
9.86
9.9
12.22
13.61
14.09
14.2
14.26
14.63
14.76
14.84
16.28
17.17
18.41
19.17
19.8
19.94
20.4
21.34
21.96
22.11
22.89
23.66
23.78
24.84
24.88
25.04
29.2
29.4
29.92
30.0
31.86
32.01
32.78
33.55
34.73
34.78
34.85
34.92
35.18
35.25
38.05
38.99
39.1
39.38
39.59
39.9
40.67
41.45
43.52
43.77
43.92
44.15
44.38
45.3
46.24
46.85
47.95
48.25
50.57
51.34
83.74
89.18
138.63
141.48
143.5
143.6
143.79
144.01
148.46
