0.01
0.05
0.09
0.13
0.17
0.21
0.25
0.29
0.33
0.37
0.41
0.45
0.49
0.53
0.57
0.61
0.65
0.69
0.73
0.77
0.81
0.85
0.89
0.93
1.05
1.22
1.39
1.47
1.71
1.78
2.03
2.19
2.49
4.44
4.92
5.09
5.26
5.41
5.57
6.22
6.7
7.34
7.54
7.98
8.8
9.27
9.6
9.92
10.08
10.25
10.75
11.38
14.76
16.54
17.02
17.19
17.67
17.8
17.84
18.64
18.81
18.98
19.44
19.6
19.77
19.93
20.42
20.96
21.07
21.7
22.02
22.35
23.08
23.14
23.29
24.12
24.29
24.43
24.62
24.77
24.92
25.09
25.41
25.89
26.06
26.22
26.38
26.7
26.86
27.02
27.19
27.35
27.51
27.99
28.16
28.31
28.46
28.68
28.8
28.96
29.27
29.45
29.6
29.92
30.09
30.25
30.57
31.05
31.38
31.86
32.52
33.95
34.11
34.94
35.23
35.42
35.92
36.55
36.66
37.21
37.53
37.57
37.99
38.32
38.64
39.12
39.29
39.63
39.92
40.11
40.26
40.4
40.58
40.9
41.07
41.53
41.71
41.86
42.18
42.67
42.83
43.01
43.16
43.66
43.8
44.13
44.29
44.43
44.64
44.77
45.01
45.09
45.28
45.55
45.74
46.87
47.02
47.21
47.36
47.51
47.67
47.85
48.16
48.31
48.64
49.29
49.45
49.61
49.93
50.1
50.42
50.79
50.83
50.9
51.09
51.22
51.4
52.03
52.18
52.51
53.0
53.15
53.33
53.49
53.64
54.61
55.22
55.36
56.37
56.68
57.33
57.39
57.57
58.19
58.31
58.52
58.64
58.97
59.26
60.53
61.05
61.14
61.22
61.53
61.90999999999999
62.19
62.32
62.49
62.83
62.94
63.13
63.79
63.88
64.58
66.67
66.86
67.02
67.22
67.38
67.52
68.16
68.48
68.62
70.09
70.75
71.07
71.23
71.53
72.02
72.19
72.44
72.68
75.81
75.91
77.18
77.25
77.34
77.81
78.95
79.13
79.59
81.05
81.39
81.86
82.35
82.44
82.84
83.64
83.96
84.27
87.51
87.67
88.78
90.09
91.2
91.38
91.71
91.87
92.05
92.83
94.29
97.66
97.83
99.1
99.45
101.9
102.02
102.5
103.33
103.49
103.56
103.63
104.28
104.61
104.93
105.9
106.86
107.35
108.48
108.63
108.8
109.29
109.45
109.93
110.09
110.24
110.56999999999998
110.74
110.9
111.38
111.54
111.86
112.02
112.35
112.51
112.68
112.83
113.16
113.31999999999998
113.48
113.56
113.8
113.96
114.44
114.61
114.78
114.93
115.41
116.37
117.02
117.18
117.51
117.66
117.84
117.99
118.31
118.47
118.64
118.81
118.96
119.76
120.09
120.25
120.41
120.74
120.9
121.23
121.69
121.86
122.04
122.2
122.35
122.55
122.67
122.83
123.0
123.15
123.49
123.63
123.8
124.13
124.61
124.93
125.25
126.86
127.51
128.31
132.87
