0.05
0.49
0.64
0.81
0.97
1.42
2.0
2.98
3.31
4.52
5.17
5.31
5.51
5.65
6.1
6.67
7.66
7.99
9.2
9.41
9.85
9.99
10.32
10.43
10.73
11.46
12.33
12.66
12.77
13.64
13.94
14.08
14.52
14.67
15.0
15.11
15.4
15.85
16.14
16.42
17.01
17.34
17.44
18.17
18.32
18.47
18.62
18.76
18.91
19.05
19.2
19.34
19.63
19.78
20.22
20.51
20.8
20.95
21.24
21.39
21.53
21.68
21.83
21.97
22.11
22.26
22.4
22.56
22.7
22.85
23.0
23.14
23.29
23.58
23.73
23.87
24.02
24.31
24.45
24.89
25.19
25.48
25.63
25.91
26.06
26.21
26.35
26.5
26.65
26.79
26.93
27.08
27.23
27.38
27.53
27.68
27.82
27.96
28.25
28.4
28.55
28.69
28.99
29.13
29.57
29.86
30.15
30.3
30.59
30.74
30.88
31.03
31.18
31.32
31.46
31.61
31.76
31.91
32.05
32.2
32.36
32.49
32.64
32.93
33.08
33.22
33.37
33.66
33.81
34.25
34.54
34.83
34.98
35.26
35.42
35.56
35.7
35.85
36.0
36.14
36.29
36.43
36.59
36.73
36.88
37.03
37.17
37.31
37.61
37.75
38.05
38.49
38.77
39.21
39.36
39.51
39.95
40.25
40.38
40.69
40.82
42.28
42.43
42.73
43.16
43.45
43.89
44.04
44.18
44.62
44.78
44.91
45.06
45.21
45.36
45.5
46.96
47.1
47.69
47.98
48.12
49.3
49.45
49.57
49.73
50.03
50.33
50.76
51.63
51.78
52.65
52.8
53.53
53.97
54.25
54.4
54.71
54.84
55.13
55.44
56.31
56.46
56.75
57.19
57.35
57.47
57.63
57.92
58.07
58.21
58.36
58.5
58.65
58.79
58.94
59.08
59.4
59.52
60.11
60.99
61.13
61.28
61.42
61.86
62.02
62.15
62.3
62.45
62.59
62.74
62.88
63.03
63.18
63.32
63.47
63.62
63.75
64.07
64.2
64.78
65.21
65.66
65.81
65.96
66.1
66.54
66.7
66.98
67.27
67.42
67.56
67.71
67.85
68.0
68.15
68.29
68.43
68.75
68.87
69.46
70.34
70.49
70.63
70.77
71.21
71.37
71.5
71.65
71.8
71.95
72.1
72.24
72.39
72.53
72.67
73.11
73.29
73.4
73.55
73.84
73.97
74.14
74.31
74.42
74.73
74.87
75.02
75.16
75.31
75.45
75.6
75.89
76.18
76.33
76.48
76.62
76.77
76.91
77.79
77.95
78.08
78.23
78.52
78.67
78.82
78.95
79.25
79.69
79.84
79.98
80.13
80.28
80.57
80.86
81.0
81.15
81.3
81.45
81.59
82.17
82.47
82.62
82.76
82.9
83.19
83.34
83.49
83.63
83.93
84.07
84.22
84.37
84.52
84.66
84.8
85.54
85.68
85.83
85.98
87.14
87.3
87.43
87.58
87.87
88.02
88.17
88.3
88.6
88.75
88.89
89.04
89.19
89.33
89.48
90.21
90.35
90.5
90.65
91.82
92.11
92.23
93.57
94.88
96.34
96.8
99.56
101.48
103.07
104.23
105.7
106.15
107.74
108.91
110.08
110.23
110.38
110.52
110.67
110.81999999999998
110.96
111.25
111.4
116.66
116.85
116.9
116.94
116.96
