0.01
0.05
0.09
0.13
0.17
0.23
0.29
0.57
1.14
1.34
1.67
1.87
1.95
2.02
2.51
2.58
2.68
2.99
4.6
5.1
5.33
5.55
5.7
5.93
6.04
6.15
6.3
9.68
12.9
15.47
15.76
16.5
18.3
19.21
20.1
20.7
21.3
21.6
23.1
24.0
25.94
26.18
26.31
26.59
26.7
28.01
29.22
31.62
32.81
34.02
34.61
36.42
38.54
39.14
39.75
40.01
43.62
45.15
45.3
47.82
48.42
49.62
50.77
50.81
51.14
51.42
52.01
52.61
53.22
54.41
55.61
57.75
59.22
59.84
60.15
60.40999999999999
61.35
62.55
63.15
64.33
64.49
64.72
64.96
65.09
70.56
70.84
72.34
72.63
73.13
82.35
83.54
92.18
102.04
119.21
120.41
121.28
121.87
133.03
133.36
133.42
133.5
133.55
133.71
133.89
133.93
138.22
138.27
138.31
138.35
138.39
138.43
138.47
138.51
138.55
138.59
138.63
138.67
138.71
138.75
138.79
138.83
138.87
138.91
138.95
138.99
139.03
139.07
139.11
139.15
139.19
139.23
139.27
139.3
