0.01
0.05
0.09
0.13
0.17
0.21
0.33
5.2
13.32
14.73
18.67
19.61
19.87
19.94
20.02
20.79
21.09
21.49
21.89
22.29
22.69
23.08
23.4
23.48
23.68
23.88
24.07
24.48
24.67
25.07
25.46
25.76
25.87
26.26
26.86
28.64
29.04
29.25
29.44
29.65
29.829999999999995
30.23
31.82
33.19
34.6
35.38
35.79
36.19
38.59
38.97
44.14
44.34
44.53
45.05
45.32
47.32
48.9
49.7
50.01
50.1
51.3
52.09
52.59
52.68
53.27
54.0
54.06
55.87
56.3
56.46
57.25
58.84
59.49
62.81
63.21
63.64
63.79
70.77
76.68
79.21
79.39
104.47
106.93
109.12
109.45
109.71
109.81
109.89
110.3
110.41
110.5
110.73
110.89
111.02
111.11
112.69
113.08
113.28
113.9
118.66
118.76
119.06
119.43
119.81999999999998
121.92
122.22
123.02
123.62
123.81999999999998
124.2
124.72
124.8
125.2
125.39
126.39
129.1
129.17
133.34
133.64
133.73
143.27
143.32
143.36
143.4
143.44
143.48
143.52
143.56
143.6
143.64
143.68
143.72
143.76
143.8
143.84
143.88
143.92
143.96
144.0
144.01
