7.98
8.4
8.67
8.95
9.22
9.37
9.65
9.79
9.94
10.06
10.2
10.33
10.47
10.76
10.89
11.04
11.18
11.31
11.45
11.6
11.73
11.87
12.01
12.15
12.43
12.7
12.85
12.98
13.12
13.26
13.4
13.53
13.68
13.82
13.95
14.09
14.24
14.37
14.65
14.78
14.92
15.09
15.2
15.48
15.62
15.76
15.9
16.04
16.18
16.31
16.45
16.59
16.87
17.15
17.42
17.98
18.12
18.27
18.39
18.54
18.68
18.81
19.09
19.23
19.52
19.64
19.92
20.06
20.2
20.34
20.48
20.62
20.76
21.04
21.31
21.59
21.74
21.87
22.15
22.29
22.42
22.57
22.71
22.84
22.98
23.13
23.26
23.54
23.67
23.81
23.97
24.09
24.37
24.51
24.64
24.79
24.93
25.06
25.2
25.48
25.75
26.04
26.31
26.59
26.73
26.87
27.01
27.15
27.29
27.43
27.7
27.97
28.39
28.53
28.68
28.96
29.23
29.37
29.46
29.65
29.93
30.2
30.35
30.48
30.75
30.9
31.04
31.17
31.31
31.41
31.46
31.59
31.88
32.14
32.42
32.7
32.84
32.99
33.12
33.25
33.4
33.67
33.81
33.95
34.1
34.53
34.65
34.8
34.92
35.07
35.2
35.64
35.76
35.91
36.04
36.32
36.59
36.87
37.14
37.39
37.57
37.72
37.81
38.26
38.43
38.54
39.09
39.25
39.37
39.64
39.79
40.07
40.2
40.35
40.48
40.77
41.31
41.59
41.74
41.87
42.02
42.28
42.57
42.7
42.79
42.84
42.99
43.25
43.41
43.54
44.09
44.23
44.61
44.79
44.92
45.07
45.21
45.35
45.74
45.99
46.04
46.31
46.47
46.59
46.73
46.87
47.01
47.14
47.28
47.43
47.71
47.98
48.13
48.25
48.35
48.4
48.54
48.69
48.95
49.24
49.37
49.51
49.65
49.89
49.93
50.03
50.21
50.48
50.63
50.76
51.03
51.13
51.17
51.31
51.46
51.59
51.73
51.87
52.15
52.29
52.42
52.7
52.84
52.98
53.26
53.54
53.68
53.82
53.96
54.09
54.37
54.51
54.6
54.64
54.93
55.06
55.2
55.62
55.76
55.9
56.03
56.17
56.31
56.6
56.86
57.02
57.13
57.3
57.42
57.57
57.71
57.85
57.98
58.08
58.26
58.40999999999999
58.5
58.54
58.68
58.82
58.97
59.09
59.32
59.38
59.65
59.81
59.86
59.94
60.07
60.17
60.21
60.35
60.49
60.62
60.76
61.03
61.19
61.31
61.47
61.6
61.73
61.87
62.15
62.3
62.38
62.43
62.7
63.12
63.26
63.54
63.81
63.96
64.03
64.09
64.36
64.51
64.65
64.79
64.93
65.06
65.21
65.35
65.48
65.61
65.76
65.89
66.04
66.15
66.31
66.59
66.73
66.87
67.01
67.28
67.41
67.58
67.7
67.81
67.98
68.13
68.26
68.4
68.54
68.82
68.96
69.09
69.23
69.37
69.51
69.65
69.93
70.1
70.2
70.32
70.48
70.65
70.76
71.03
71.17
71.31
71.46
71.54
71.59
71.73
71.88
72.01
72.15
72.4
72.69
72.98
73.12
73.26
73.4
73.53
73.68
73.83
73.95
74.1
74.23
74.37
74.66
74.78
74.93
75.06
75.16
75.2
75.48
75.61
75.76
75.9
76.05
76.17
76.31
76.45
76.83
76.87
77.0
77.15
77.25
77.42
77.71
77.84
77.98
78.12
78.27
78.4
78.54
78.81
79.09
79.22
79.65
79.93
80.06
80.2
80.34
80.49
80.62
80.77
80.91
81.03
81.19
81.32
81.56
81.83
81.87
82.02
82.15
82.28
82.42
82.57
82.71
82.84
82.98
83.26
83.54
83.67
83.82
84.09
84.37
84.51
84.63
84.79
84.93
85.07
85.2
85.36
85.48
85.76
85.86
86.03
86.15
86.31
86.57
86.87
87.01
87.15
87.28
87.42
87.58
87.7
87.98
88.26
88.4
88.54
88.81
88.96
89.09
89.23
89.37
89.51
89.64
89.93
90.19
90.31
90.48
90.62
90.76
90.91
91.04
91.18
91.32
91.45
91.6
91.73
91.87
92.01
92.09
92.15
92.31
92.43
92.53
92.71
92.84
92.98
93.12
93.26
93.4
93.54
93.68
93.82
93.95
94.09
94.24
94.37
94.65
94.93
95.2
95.47
95.63
95.76
95.9
96.04
96.17
96.32
96.46
96.59
96.87
97.15
97.28
97.43
97.56
97.7
97.83
97.98
98.08
98.27
98.39
98.54
98.69
98.82
98.96
99.1
99.36
99.5
99.64
99.81
99.92
100.06
100.2
100.34
100.48
100.62
100.76
100.89
101.03
101.31
101.45
101.59
101.75
101.87
102.15
102.29
102.43
102.57
102.71
102.84
102.98
103.14
103.25
103.41
103.54
103.81
103.96
104.09
104.24
104.37
104.51
104.64
104.79
104.93
105.06
105.2
105.34
105.48
105.63
105.75
105.9
106.04
106.19
106.31
106.46
106.59
106.87
107.01
107.29
107.43
107.57
107.7
107.98
108.12
108.27
108.42
108.53
108.81
108.95
109.09
109.23
109.38
109.51
109.65
109.81
109.93
110.2
110.34
110.48
110.63
110.76
110.91
111.04
111.18
111.31
111.46
111.6
111.73
111.87
112.03
112.15
112.29
112.43
112.56
112.7
112.86
112.98
113.26
113.4
113.53
113.68
113.81999999999998
113.95
114.09
114.25
114.37
114.54
114.64
114.93
115.2
115.48
115.62
115.76
116.17
116.31999999999998
116.46
116.59
119.14
