0.01
0.05
0.09
0.13
0.17
0.3
0.39
0.4699999999999999
0.54
0.63
0.9399999999999998
1.02
1.1
1.18
1.26
1.57
1.65
1.73
1.81
1.89
1.97
2.05
2.12
2.2
2.28
2.44
2.53
2.68
2.76
2.84
2.99
3.07
3.15
3.31
3.39
3.47
3.63
3.79
3.94
4.1
6.49
6.63
10.73
11.36
11.54
11.68
12.17
12.62
13.09
13.57
14.19
15.47
15.78
16.02
16.41
16.73
16.91
16.96
17.68
17.99
18.23
18.31
18.62
19.19
19.23
19.56
19.88
20.2
20.52
20.84
21.47
21.65
21.78
22.28
22.73
23.68
23.99
24.3
24.63
30.8
37.74
45.33
45.47
47.21
47.86
48.17
48.49
49.13
49.44
49.74
50.39
50.7
55.43
56.04
56.14
59.93
65.57
65.78
66.0
66.8
67.45
68.05
68.38
68.51
68.71
69.32
69.64
69.78
69.97
70.58
70.91
71.04
71.36
71.58
71.7
72.31
72.63
73.48
73.57
73.76
73.88
74.12
74.43
74.84
75.15
75.69
76.1
76.34
77.03
77.35
77.61
78.29
79.25
79.56
79.88
80.82
81.14
81.38
81.69
82.42
82.74
83.07
83.22
83.58
83.67
86.84
87.0
87.15
87.47
88.11
90.79
91.27
91.43
91.59
91.74
91.9
92.05
92.22
92.54
92.69
92.85
93.0
93.17
93.32
93.48
93.61
93.8
93.95
94.27
94.43
94.5
94.59
94.75
94.88
95.03
95.07
95.13
95.22
95.53
95.69
95.76
95.85
96.01
96.15
96.32
96.8
98.69
99.64
101.68
102.07
102.94
103.27
104.26
104.45
104.75
105.96
106.1
107.37
107.55
113.68
114.17
114.94
117.02
117.33
117.95
121.11
121.43
121.75
122.37
123.78
133.89
136.91
137.23
137.54
138.16
141.01
141.32
141.96
142.58
143.99
146.46
146.92
147.08
147.16
147.47
147.55
147.63
147.71
147.79
148.1
148.26
148.34
148.41
148.5
148.57
148.65
148.74
148.82
148.97
149.05
149.21
149.29
149.37
149.52
149.68
149.84
149.92
150.0
150.15
150.31
150.47
150.63
154.48
154.53
154.57
154.61
154.65
154.69
154.73
154.77
154.81
154.85
154.89
154.93
154.97
155.01
155.05
155.09
155.13
155.17
155.21
155.25
155.29
155.33
155.37
155.41
155.42000000000002
