0.01
0.05
0.09
0.13
0.17
0.21
0.25
0.29
0.33
0.37
0.41
0.45
0.49
0.53
0.57
0.61
0.65
0.69
0.73
0.77
0.81
0.85
0.89
0.93
0.97
1.01
1.05
1.09
1.13
1.17
1.21
1.25
1.29
1.33
1.37
1.41
1.45
1.49
1.53
1.57
1.61
1.65
1.69
1.73
1.77
1.81
1.85
1.98
2.65
2.95
3.34
3.78
3.84
3.94
4.68
5.09
5.34
5.72
6.92
7.19
7.35
7.4
7.45
7.519999999999999
7.68
8.76
8.99
9.34
10.22
10.51
11.43
12.53
12.66
14.57
16.24
16.3
17.35
17.61
19.44
19.55
20.31
21.34
21.9
21.99
22.54
22.67
22.89
22.95
22.99
23.04
23.1
23.43
23.51
23.57
23.7
23.91
23.98
24.05
24.34
24.41
26.6
26.68
26.82
27.0
27.18
27.34
27.49
27.67
27.85
28.17
28.329999999999995
28.51
29.0
29.18
29.35
29.67
29.84
30.01
30.17
30.34
30.51
30.84
31.0
31.17
31.34
31.51
31.67
32.34
32.51
32.84
33.01
33.17
33.51
33.67
33.85
34.17
34.33
34.68
35.0
35.5
35.65
35.84
36.17
36.34
36.51
36.67
37.01
37.51
37.66
37.93
38.09
38.18
38.31
38.51
39.0
39.26
39.42
39.67
39.84
39.92
40.0
40.11
40.34
40.5
40.85
41.17
41.5
41.67
41.92
42.76
42.92
43.0
43.17
43.51
43.67
43.84
44.16
44.34
44.59
45.01
45.34
45.51
45.67
45.84
46.1
46.83
47.0
47.17
47.33
47.43
47.68
47.94
48.18
48.77
49.33
50.67
52.0
53.93
56.59
58.67
60.51
60.85
61.19
61.26
62.99
65.67
65.83
66.67
67.0
68.33
70.51
71.0
71.42
72.67
74.26
74.67
76.0
79.26
79.43
79.92
80.5
82.33
82.99
85.25
86.67
87.67
89.01
89.33
89.5
89.66
89.83
93.26
95.0
95.16
96.18
96.34
96.59
97.26
97.66
98.25
98.66
99.26
99.66
101.36
101.5
101.56
101.65
102.02
102.52
103.16
103.65
103.76
104.75
105.0
105.51
105.67
105.83
106.34
109.33
113.06999999999998
113.12
113.16
113.2
113.24
113.28
113.31999999999998
113.36
113.4
113.44
113.48
113.52
113.56
113.6
113.64
113.68
113.72
113.76
113.8
113.84
113.88
113.92
113.96
114.0
114.01
