1.11
1.85
2.04
2.23
2.78
2.95
3.3
3.5
3.67
3.86
4.4
4.76
4.88
4.96
5.13
5.31
5.5
5.77
5.85
6.02
6.12
6.22
6.33
6.45
6.93
7.11
7.28
8.02
8.22
9.23
9.49
9.85
10.13
10.4
10.76
10.94
10.99
11.13
11.67
11.85
12.22
12.56
12.76
13.14
13.7
13.86
14.21
14.41
14.57
15.14
15.31
15.87
16.04
16.23
16.58
16.77
16.94
17.48
17.67
17.84
18.02
18.2
18.38
18.91
19.66
19.97
20.03
20.36
21.25
21.66
21.7
23.12
24.1
24.4
27.32
28.56
28.65
29.35
30.21
30.43
30.56
30.94
31.29
31.68
31.96
32.04
32.2
32.31
32.38
32.73
33.11
33.22
33.28
33.36
33.41
33.47
33.73
33.77
33.85
33.95
34.04
34.15
34.22
34.59
34.69
34.94
35.28
35.42
35.66
36.03
36.75
36.85
36.93
36.97
37.13
37.33
37.67
37.84
38.21
38.57
38.93
39.29
39.47
39.66
39.89
39.98
40.04
40.13
40.24
40.3
40.38
40.76
41.13
41.51
41.81
41.93
42.05
44.04
44.22
44.4
44.58
44.75
45.42
45.49
45.76
45.87
46.19
46.58
46.85
46.94
47.31
47.44
47.5
47.66
47.88
48.05
48.14
48.38
48.76
49.03
49.1
49.32
49.49
49.85
50.21
50.57
50.98
51.33
51.69
51.81
52.03
52.39
52.54
52.75
53.12
53.48
53.67
54.11
54.2
54.57
54.63
54.81
54.94
55.5
56.4
56.77
56.96
57.04
57.48
57.6
57.84
58.2
58.37
58.65999999999999
58.74
58.95
59.29
59.67
60.11
60.2
60.38
60.59
60.75
61.12
61.44
61.65
61.85
62.28
62.57
62.81
63.26
63.31
63.78
64.03
64.36
64.4
64.7
64.74
64.83
65.09
65.47
65.93
66.04
66.22
66.58
67.33
67.49
67.87
68.02
68.09
68.4
68.77
69.12
69.47
69.85
70.06
70.21
70.3
70.4
70.59
70.63
70.69
70.82
70.93
71.09
71.26
71.3
71.5
72.03
72.74
72.88
73.29
73.49
74.25
74.3
74.4
74.5
74.61
75.13
75.3
76.05
77.5
78.04
78.23
78.32
78.77
78.95
79.01
79.06
79.11
79.32
79.5
79.58
80.03
81.15
81.32
81.86
82.05
82.22
82.59
83.0
83.13
83.67
84.03
84.21
84.26
84.38
84.57
84.7
84.93
85.11
85.33
85.49
86.85
93.51
