1.62
3.53
3.62
3.85
3.94
4.26
4.58
4.7
4.91
5.02
5.13
5.57
5.79
6.17
6.42
6.86
6.96
7.18
7.81
7.99
8.15
8.24
8.55
10.53
10.57
11.53
11.64
11.73
11.81
11.99
12.11
12.53
12.97
13.19
13.39
13.82
14.26
14.68
15.11
15.539999999999997
15.97
16.39
16.83
17.25
17.68
18.11
18.54
18.85
18.96
19.4
19.82
20.25
20.68
21.11
21.53
21.96
22.83
23.26
23.68
24.11
24.54
24.97
25.4
25.83
26.04
26.25
26.69
26.9
27.0
27.11
27.53
27.75
27.98
28.39
28.6
28.82
29.25
29.45
29.68
30.11
30.32
30.53
30.97
31.39
31.82
32.25
32.68
33.1
33.53
33.96
34.39
34.83
35.25
35.68
36.11
36.32
36.54
36.88
36.96
37.18
37.39
37.82
38.03
38.14
38.25
38.46
38.89
39.11
39.22
39.32
39.54
39.75
39.9
39.97
40.18
40.4
40.61
40.82
41.04
42.11
42.24
42.36
42.44
42.65
42.76
42.97
43.15
43.46
43.62
44.37
44.48
45.0
45.17
46.18
46.24
46.4
50.05
50.69
52.82
53.03
53.23
53.59
53.91
54.12
54.54
54.96
55.19
55.3
55.4
55.51
55.61
55.82
56.56
56.69
57.02
57.12
57.22
57.34
57.55
57.98
58.19
58.29
58.39
58.83
59.05
59.15
59.26
59.5
59.7
60.12
60.23
60.33
60.44
60.54
60.75
60.97
61.4
61.71
61.82
62.05
62.15
62.26
62.36
62.47
62.58
62.68
63.1
63.36
63.54
63.76
63.86
63.97
64.07
64.19
64.4
64.83
65.05
65.25
65.68
65.78
65.89
66.1
66.53
66.96
67.19
67.29
67.39
67.5
67.61
67.82
68.04
68.26
68.47
68.69
68.81
68.91
69.02
69.12
69.23
69.33
69.54
70.4
70.84
70.94
71.04
71.25
71.38
71.69
72.33
72.45
72.54
72.76
72.97
73.19
73.35
73.4
73.74
73.84
74.05
74.15
74.47
74.69
75.11
75.43
75.54
75.77
75.87
75.97
76.08
76.18
76.94
77.08
77.13
77.25
77.48
77.58
77.69
77.8
77.9
79.38
79.61
79.82
80.26
80.46
80.68
80.78
80.99
81.11
81.33
81.54
81.78
81.96
82.39
82.74
82.84
82.94
83.02
83.15
83.25
83.36
83.99
84.11
84.43
84.65
84.96
85.27
85.83
86.04
86.25
86.46
86.68
86.89
87.11
87.33
87.55
87.77
87.86
88.19
88.4
88.62
88.72
88.82
89.14
89.25
89.37
89.48
89.59
89.69
89.8
89.9
90.02
90.11
90.53
90.97
91.49
91.6
92.15
92.26
92.46
92.57
92.68
92.99
93.11
93.21
93.53
93.97
94.39
94.82
94.93
95.04
95.15
95.25
95.48
95.68
95.9
96.0
96.44
96.54
96.67
96.76
96.96
97.39
97.71
97.82
98.15
98.25
98.47
98.68
99.34
99.54
99.74
99.96
100.18
100.4
100.61
100.83
101.26
101.57
101.91
102.12
102.54
102.75
102.97
103.29
103.4
103.51
104.69
104.9
105.01
105.12
105.23
105.33
107.04
107.24
107.69
107.89
108.12
108.75
108.96
109.05
109.1
109.19
109.3
109.34
114.79
