5.36
6.67
8.71
9.28
9.37
9.45
9.6
9.93
10.1
10.59
10.75
11.08
11.4
11.9
12.71
14.67
15.14
15.22
16.44
17.27
17.75
18.41
18.49
18.58
18.73
18.9
19.06
19.23
19.39
19.72
19.8
19.88
20.21
20.36
20.53
20.69
21.18
21.51
21.85
21.99
22.16
22.32
23.62
23.8
24.36
24.45
25.1
25.68
25.76
26.23
26.41
26.56
26.74
27.05
27.21
27.38
27.71
28.37
28.51
28.85
29.01
29.17
29.579999999999995
29.66
30.15
30.32
30.8
30.97
31.64
31.78
31.96
32.11
32.27
32.43
32.61
33.57
33.91
34.06
34.23
34.56
34.81
34.88
35.21
35.45
35.54
35.87
36.02
36.18
36.52
36.83
36.99
37.65
38.15
38.71
38.79
38.94
39.12
39.27
39.37
39.45
39.6
39.7
39.77
40.1
40.25
40.67
40.75
40.91
41.4
41.73
41.89
42.05
42.21
42.62
42.7
42.86
43.04
43.36
43.52
43.84
44.01
44.17
44.33
44.67
44.82
45.47
45.8
46.7
46.95
47.1
47.93
48.49
48.9
49.39
49.71
49.89
50.04
50.12
50.21
50.54
50.7
50.86
51.18
51.84
52.49
52.82
53.14
53.3
53.79
54.13
54.28
54.6
54.92
55.1
55.25
55.42
55.75
55.90999999999999
57.06
57.71
58.36
58.51
59.02
59.59
59.67
59.81
60.32
60.65
60.8
60.97
61.12
61.29
61.54
61.62
61.78
61.95
62.19
62.28
62.43
62.6
62.85
62.92
63.08
63.25
63.5
63.58
63.73
63.90999999999999
64.72
64.88
65.04
65.54
65.69
65.86
66.02
66.19
66.34
66.51
66.84
67.0
67.08
67.25
67.33
67.49
67.65
67.73
67.81
67.97
70.66
70.74
70.98
71.4
71.72
72.05
72.21
72.3
72.39
72.62
72.71
72.86
73.02
73.19
73.28
73.36
73.53
73.69
73.85
74.01
75.31
75.47
75.89
76.12
76.28
76.61
77.27
77.43
77.6
77.92
78.41
78.59
78.73
78.82
78.91
80.53
81.02
81.17
81.32
81.51
81.67
81.84
82.07
82.17
82.49
82.81
82.98
83.14
83.63
83.79
83.95
84.12
84.29
84.37
84.44
84.61
84.77
85.11
85.33
85.76
85.89
86.24
86.32
86.4
86.73
87.06
87.21
87.36
87.62
87.86
88.36
88.52
88.69
88.84
90.89
91.63
91.78
92.11
92.27
92.43
92.93
93.49
93.58
93.91
94.07
94.14
94.23
94.39
94.56
94.88
95.03
95.21
95.37
95.53
96.01
96.18
96.35
96.51
96.66
96.84
97.16
97.48
97.65
97.82
97.97
98.06
98.14
98.3
98.47
98.63
98.79
99.28
100.26
100.43
100.66
100.74
101.23
101.4
101.56
102.06
102.38
102.71
102.87
103.03
103.19
103.36
103.69
103.84
104.02
104.16
104.26
104.33
104.5
104.59
104.66
104.82
105.15
105.31
105.47
105.65
105.8
105.97
106.62
106.78
107.11
107.27
107.43
107.6
107.92
108.25
108.49
108.73
108.91
109.23
109.38
109.56
110.21
110.4
110.54
111.51
111.86
112.5
112.65
112.81999999999998
112.97
113.15
113.31
113.45
113.63
113.75
113.79
113.96
114.12
114.27
114.46
114.61
114.77
114.94
115.1
115.26
115.42
115.59
115.76
116.06999999999998
116.4
116.45
116.56
116.72
116.89
117.06
117.1
117.21
117.39
117.71
117.87
118.04
118.2
118.36
118.52
118.68
119.02
119.17
119.35
119.5
119.67
119.83
120.0
126.87
