0.53
0.7
1.6
1.73
2.16
2.67
2.84
3.74
3.87
4.03
4.3
4.74
4.82
4.98
5.89
6.01
6.42
8.55
8.82
8.96
9.1
9.36
9.53
9.67
9.9
10.07
10.17
10.7
10.96
11.1
11.24
11.51
11.63
12.04
12.24
12.31
12.84
13.0
13.24
13.38
13.65
14.18
14.31
14.45
14.99
15.39
15.53
15.789999999999997
16.2
16.33
16.6
16.87
17.12
17.53
17.66
17.93
18.2
18.39
18.47
18.59
18.74
19.01
19.27
19.54
19.68
19.82
20.07
20.26
20.53
20.61
20.88
21.14
21.41
21.57
21.69
21.82
21.96
22.14
22.22
22.39
22.63
22.75
23.03
23.28
23.47
23.56
23.73
23.82
23.96
24.1
24.36
24.52
24.64
24.78
24.9
25.05
25.17
25.3
25.44
25.7
25.97
26.1
26.24
26.51
26.64
27.04
27.31
27.41
27.579999999999995
27.84
28.24
28.38
28.52
28.64
28.829999999999995
29.18
29.45
29.72
29.99
30.079999999999995
30.26
30.39
30.53
30.72
30.79
31.04
31.16
31.21
31.329999999999995
31.6
31.86
32.13
32.53
32.67
32.93
33.34
33.47
33.74
34.27
34.45
34.68
34.82
35.08
35.28
35.61
35.82
35.89
36.41
36.7
36.82
36.96
37.22
37.58
37.75
38.03
38.42
38.56
38.9
38.96
39.1
39.36
39.9
40.17
40.66
40.7
41.0
41.11
41.24
41.51
42.04
42.31
42.72
42.85
43.06
43.12
43.25
43.39
43.65
43.96
44.18
44.46
44.99
45.28
45.39
45.53
45.8
46.32
46.6
46.87
47.0
47.68
47.92
47.99
48.47
48.67
48.75
49.06
49.27
49.54
49.82
49.95
50.37
50.61
50.89
51.38
51.42
51.68
51.8
51.96
52.22
52.49
52.75
52.86
52.9
53.03
53.56
53.83
54.1
54.36
54.64
54.9
55.15999999999999
55.44
55.57
55.7
55.98
56.24
56.51
56.78
57.04
57.31
57.58
57.84
58.25
58.38
58.92
59.18
59.45
59.72
59.86
60.0
60.52
60.79
61.06
61.33
61.6
61.86
62.13
62.39
62.67
62.93
63.2
63.47
63.74
64.0
64.14
64.27
64.81
65.07
65.61
65.88
66.14
66.42
66.82
66.96
67.49
67.75
68.02
68.28
68.42
68.56
68.84
68.95
69.1
69.36
69.64
69.89
70.17
70.7
70.9
70.96
71.1
71.24
71.51
71.67
71.78
72.04
72.18
72.31
72.57
72.71
72.85
73.07
73.25
73.38
73.65
73.92
74.18
74.46
74.72
74.86
74.99
75.12
75.26
75.39
75.53
75.79
76.07
76.32
76.6
77.67
77.93
78.22
78.34
78.47
78.58
78.74
79.02
79.28
79.81
80.08
80.26
80.61
80.88
81.17
81.28
81.42
81.95
82.22
82.74
83.03
83.25
83.31
83.56
83.82
83.96
84.09
84.37
84.51
84.89
85.16
85.44
85.57
85.97
86.24
86.76
87.05
87.31
87.55
87.85
88.39
88.65
88.93
89.19
89.45
89.71
90.25
90.52
90.79
91.32
91.6
92.13
92.54
92.67
93.2
93.47
93.73
94.0
94.16
94.28
94.58
94.81
95.04
95.08
95.35
95.61
95.88
96.42
96.68
96.95
97.22
97.49
97.76
98.02
98.29
98.43
98.55
98.82
99.1
99.36
99.89
100.17
100.43
100.71
100.94
101.11
101.24
101.77
102.3
102.58
102.71
102.84
103.09
103.14
103.25
103.38
103.64
103.82
103.99
104.18
104.36
104.45
104.99
105.25
105.39
105.53
105.79
106.32
106.5
106.6
107.13
107.27
107.35
107.53
107.67
107.94
108.08
108.46
108.74
109.27
109.54
109.81999999999998
109.95
110.21
110.37
110.51
110.58
110.62
110.93
111.02
113.33
