0.01
0.33
0.51
0.67
0.8
0.84
1.0
1.18
1.33
1.5
1.67
1.85
2.0
2.17
2.33
2.51
2.67
2.84
3.0
3.18
3.34
3.5
3.67
3.84
4.0
4.17
4.33
4.52
4.67
4.84
5.0
5.17
5.34
5.51
5.58
5.67
5.85
5.91
6.0
6.17
6.33
6.51
6.67
6.84
6.91
7.0
7.18
7.34
7.5
7.67
7.85
8.0
8.17
8.25
8.33
8.51
8.67
8.84
9.0
9.18
9.24
10.0
10.16
10.25
10.33
10.58
10.67
10.84
11.0
11.17
11.34
11.46
11.5
11.67
11.84
12.01
12.18
12.34
12.51
12.67
12.84
13.0
13.34
13.51
13.67
13.84
14.0
14.17
14.34
14.51
14.67
14.85
15.0
15.18
15.34
15.51
15.67
15.84
16.01
16.18
16.34
16.51
16.67
16.84
17.01
17.18
17.34
17.51
17.67
17.84
17.94
18.01
18.17
18.34
18.67
18.84
19.0
19.17
19.34
19.51
19.67
19.85
20.0
20.34
20.5
20.67
20.83
21.0
21.09
21.17
21.34
21.51
21.67
22.0
22.14
22.34
22.51
22.67
22.84
23.0
23.18
23.33
23.51
23.67
23.85
23.9
24.0
24.17
24.33
24.51
24.67
24.83
25.0
25.18
25.33
25.5
25.67
25.84
26.0
26.17
26.33
26.5
26.67
26.84
27.0
27.18
27.329999999999995
27.51
27.67
27.84
28.0
28.17
28.329999999999995
28.51
28.67
28.84
28.88
29.0
29.17
29.22
29.34
29.51
29.67
29.85
30.0
30.17
30.329999999999995
30.67
30.84
31.0
31.18
31.329999999999995
31.5
31.67
31.84
32.0
32.17
32.34
32.51
32.67
33.0
33.34
33.51
33.67
34.0
34.19
34.34
34.67
34.79
34.85
35.0
35.34
35.5
35.67
36.0
36.18
36.34
36.67
36.84
37.0
37.18
37.34
37.51
37.67
38.0
38.33
38.67
38.85
39.0
39.34
39.67
40.0
40.18
40.29
40.34
40.51
40.67
40.8
40.84
41.0
41.17
41.34
42.0
42.08
42.17
42.25
42.41
42.5
42.68
42.84
43.0
43.18
43.34
43.5
43.67
43.84
44.0
44.18
44.34
44.51
44.67
44.84
45.01
45.34
45.51
45.67
45.84
46.01
46.17
46.34
46.51
46.67
46.85
47.0
47.18
47.34
47.5
47.67
48.01
48.18
48.34
48.51
48.67
48.84
49.0
49.17
49.34
49.51
49.67
49.85
50.01
50.17
50.34
50.67
50.85
51.0
51.18
51.34
51.51
51.67
51.85
52.01
52.34
52.5
52.67
52.83
53.0
53.08
53.17
53.34
53.51
53.67
53.84
54.0
54.13
54.17
54.34
54.51
54.67
54.84
55.0
55.17
55.34
55.5
55.67
55.84
55.89
56.0
56.17
56.33
56.51
56.67
56.83
57.0
57.18
57.34
57.51
57.67
57.85
58.0
58.17
58.33
58.51
58.67
58.84
59.0
59.18
59.33
59.51
59.67
59.84
60.0
60.17
60.33
60.51
60.67
60.85
61.0
61.13
61.17
61.34
61.5
61.67
61.85
62.0
62.17
62.33
62.51
62.67
62.84
63.0
63.18
63.33
63.5
63.67
63.84
63.90999999999999
64.0
64.34
64.51
64.67
65.0
65.33
65.51
65.67
65.84
66.0
66.17
66.33
66.67
66.84
67.0
67.34
67.48
67.66
68.0
68.17
68.34
68.67
68.84
69.0
69.17
69.34
69.67
70.0
70.34
70.67
70.84
71.0
71.18
71.34
71.51
71.67
72.01
72.17
72.29
72.34
72.51
72.62
72.67
72.84
73.0
73.34
74.0
74.17
74.25
74.5
74.57
74.67
74.84
75.0
75.17
75.34
75.51
75.67
75.85
76.0
76.18
76.34
76.51
76.67
76.84
77.0
77.17
77.34
77.52
77.67
77.84
78.01
78.12
78.18
78.34
78.51
78.67
79.01
79.17
79.34
79.45
79.51
79.67
79.84
80.01
80.18
80.34
80.51
80.67
80.79
80.84
81.0
81.18
81.34
81.51
81.67
81.85
82.0
82.17
82.34
82.51
82.67
82.85
83.0
83.18
83.27
83.34
83.46
83.51
83.67
83.84
84.0
84.18
84.34
84.51
84.67
84.84
85.01
85.17
85.34
85.67
85.84
86.0
86.17
86.28
86.34
86.51
86.67
86.85
86.93
87.01
87.17
87.27
87.34
87.51
87.67
88.0
88.18
88.34
88.51
88.67
88.78
88.84
89.0
89.17
89.34
89.52
89.67
89.85
90.01
90.12
90.17
90.34
90.51
90.67
90.85
91.0
91.17
91.34
91.46
91.51
91.67
91.84
92.0
92.18
92.34
92.51
92.67
92.79
92.84
93.0
93.18
93.34
93.44
93.52
93.68
93.84
94.0
94.18
94.34
94.51
94.8
95.34
95.41
95.5
95.67
95.82
96.01
96.18
96.34
96.51
96.67
96.84
97.0
97.19
97.34
97.51
97.67
97.84
98.0
98.18
98.34
98.67
98.85
99.0
99.17
99.34
99.5
99.67
99.85
100.01
100.18
100.34
100.51
100.67
100.84
101.0
101.17
101.34
101.51
101.67
101.84
102.01
102.18
102.34
102.52
102.67
102.85
103.0
103.18
103.34
103.51
103.67
104.0
104.18
104.34
104.51
104.67
104.84
105.01
105.18
105.34
105.67
105.83
106.0
106.34
106.42
106.5
106.67
109.38
110.06
