0.01
0.4699999999999999
1.1
1.42
1.57
1.73
1.8799999999999997
2.81
2.96
3.11
3.44
4.06
4.21
5.46
6.4
9.97
11.04
15.48
20.62
21.46
22.71
23.18
23.25
23.32
23.96
24.25
25.18
25.8
26.28
26.43
26.73
27.06
27.99
28.92
29.079999999999995
30.62
31.26
31.39
31.88
32.5
32.64
33.13
33.73
34.06
34.36
35.14
36.22
36.52
36.83
41.05
41.2
41.97
45.86
46.18
47.36
48.67
48.97
49.13
49.3
50.54
50.69
51.16
52.39
53.03
53.17
53.64
54.42
55.29
57.76
58.87
58.96
59.06
59.22
59.39
63.12
68.57
72.91
73.16
74.93
78.61
79.28
79.44
79.53
79.61
84.73
84.89
91.03
91.1
92.96
93.54
94.68
95.8
96.22
96.4
96.77
98.1
