0.01
0.08
1.13
1.42
1.57
1.71
1.86
1.99
2.28
2.57
2.7
2.85
3.0
3.14
3.36
3.42
3.57
3.71
3.85
3.93
3.99
4.14
4.28
4.42
4.56
4.71
4.85
4.99
5.13
5.29
5.42
5.7
5.99
6.28
6.41
6.55
6.7
6.78
6.84
6.98
7.13
7.269999999999999
7.35
7.42
7.51
7.57
7.7
7.85
7.99
8.13
8.27
8.42
8.56
8.71
8.84
9.07
9.13
9.27
9.42
9.56
9.7
9.84
9.99
10.12
10.27
10.4
10.55
10.7
10.84
10.99
11.12
11.41
11.55
11.69
11.84
11.91
11.98
12.13
12.27
12.41
12.49
12.55
12.69
12.83
12.98
13.12
13.27
13.41
13.55
13.62
13.69
13.98
14.12
14.2
14.27
14.42
14.55
14.83
15.11
15.26
15.41
15.55
15.69
15.84
15.97
16.12
16.26
16.41
16.55
16.63
16.69
16.83
17.12
17.26
17.4
17.54
17.69
17.84
17.97
18.26
18.41
18.54
18.69
18.82
18.97
19.12
19.4
19.54
19.68
19.83
19.97
20.12
20.26
20.4
20.54
20.69
20.83
20.97
21.11
21.26
21.39
21.55
21.68
21.82
21.97
22.12
22.26
22.4
22.54
22.68
22.83
22.97
23.11
23.26
23.39
23.55
23.68
23.96
24.11
24.25
24.4
24.54
24.69
24.82
24.97
25.11
25.39
25.53
25.61
25.68
25.83
25.96
26.11
26.25
26.39
26.53
26.68
26.75
26.82
26.97
27.1
27.25
27.39
27.53
27.67
27.82
27.96
28.1
28.24
28.52
28.67
28.81
28.96
29.1
29.24
29.38
29.53
29.67
29.81
29.95
30.1
30.24
30.39
30.53
30.67
30.81
30.96
31.09
31.24
31.38
31.53
31.67
31.81
31.95
32.1
32.24
32.38
32.52
32.67
32.81
32.96
33.09
33.23
33.38
33.52
33.66
33.75
33.81
33.94
34.09
34.23
34.38
34.52
34.66
34.81
34.96
35.09
35.24
35.38
35.52
35.66
35.81
36.09
36.23
36.38
36.52
36.66
36.81
36.95
37.23
37.37
37.52
37.66
37.81
37.94
38.09
38.23
38.38
38.51
38.66
38.8
38.95
39.09
39.23
39.37
39.51
39.65
39.8
39.94
40.08
40.22
40.37
40.66
40.8
40.94
41.08
41.23
41.37
41.51
41.65
41.8
41.94
42.09
42.22
42.36
42.5
42.65
42.8
42.94
43.08
43.22
43.36
43.51
43.65
43.79
43.94
44.08
44.22
44.36
44.51
44.65
44.79
44.93
45.07
45.22
45.36
45.51
45.65
45.79
45.93
46.08
46.21
46.36
46.79
46.93
47.07
47.22
47.36
47.44
47.5
47.64
47.79
47.93
48.07
48.21
48.36
48.51
48.64
48.78
48.93
49.07
49.22
49.35
49.5
49.64
49.79
49.92
50.07
50.22
50.36
50.49
50.64
50.78
50.93
51.07
51.21
51.35
51.5
51.64
51.78
51.93
52.07
52.21
52.35
52.49
52.64
52.78
52.92
53.07
53.15
53.21
53.35
53.49
53.63
53.78
53.92
54.06
54.21
54.36
54.49
54.63
54.78
54.92
55.06
55.2
55.34
55.5
55.78
55.90999999999999
56.35
56.63
56.77
56.99
57.06
57.2
57.34
57.63
57.77
57.90999999999999
58.2
58.34
58.49
58.62
58.77
58.92
59.06
59.34
59.49
59.63
59.76
59.90999999999999
60.05
60.2
60.48
60.63
60.76
60.9
61.2
61.34
61.48
61.62
61.9
62.2
62.48
62.76
62.90999999999999
63.05
63.2
63.34
63.48
63.62
63.76
63.90999999999999
64.05
64.19
64.47
64.62
64.76
65.05
65.19
65.33
65.61
65.76
65.9
66.04
66.18
66.47
66.76
66.9
67.04
67.33
67.47
67.61
67.75
67.9
68.04
68.18
68.33
68.46
68.61
68.75
68.9
69.04
69.18
69.33
69.47
69.6
69.75
69.89
70.03
70.32
70.46
70.61
70.75
70.89
71.03
71.17
71.33
71.46
71.61
71.75
71.88
72.03
72.18
72.32
72.47
72.61
72.75
72.89
73.04
73.46
73.75
73.88
74.03
74.46
74.6
74.89
75.03
75.31
75.46
75.6
75.74
76.03
76.18
76.32
76.45
76.6
76.74
76.89
77.03
77.17
77.32
77.46
77.6
77.74
77.88
78.03
78.17
78.32
78.46
78.6
78.74
78.89
79.03
79.17
79.46
79.6
79.74
79.89
80.03
80.17
80.31
80.45
80.54
80.6
80.74
80.88
81.02
81.16
81.31
81.45
81.59
81.74
81.88
82.03
82.17
82.3
82.45
82.59
82.74
82.88
83.02
83.17
83.31
83.45
83.59
83.73
83.96
84.03
84.16
84.31
84.44
84.6
84.74
84.88
85.02
85.16
85.3
85.45
85.59
85.73
85.87
86.02
86.16
86.3
86.45
86.59
86.73
86.87
87.02
87.16
87.3
87.45
87.59
87.73
87.88
88.01
88.15
88.3
88.53
88.59
88.72
88.87
89.01
89.16
89.3
89.44
89.73
89.87
90.01
90.15
90.29
90.44
90.58
90.73
90.87
91.01
91.15
91.29
91.44
91.58
91.72
91.88
91.94
92.02
92.16
92.3
92.58
92.72
92.87
93.16
93.73
93.86
94.01
94.3
94.43
94.58
94.86
94.98
95.14
95.44
95.58
95.73
96.01
96.15
96.29
96.39
96.58
96.7
96.87
97.15
97.29
97.43
97.72
97.84
98.01
98.14
98.29
98.42
98.57
98.71
98.86
98.99
99.15
99.22
99.43
99.71
100.0
100.15
100.29
100.42
100.57
100.7
100.85
100.94
100.99
101.15
101.27
101.43
101.72
101.86
102.0
102.13
102.28
102.42
102.59
102.85
103.0
103.14
103.28
103.43
103.56
103.71
103.99
104.14
104.28
104.56
104.85
105.13
105.27
105.42
105.56
105.71
105.84
105.99
106.27
106.42
106.56
106.64
106.85
107.14
107.41
107.56
107.71
107.99
108.12
108.28
108.56
108.7
108.84
108.98
109.13
109.27
109.42
109.55
109.7
109.84
109.99
110.27
110.41
110.56
110.68
110.84
110.98
111.12
111.41
111.55
111.7
111.84
111.98
112.12
112.26
112.55
112.69
112.84
112.97
113.12
113.26
113.54
113.69
113.83
113.98
114.11
114.25
114.4
114.54
114.68
114.83
114.97
115.12
115.26
115.4
115.55
115.69
115.98
116.12
116.26
116.4
116.54
116.69
116.83
116.97
117.12
117.26
117.4
117.54
117.68
117.83
117.97
118.11
118.25
118.39
118.68
118.81999999999998
118.96
119.12
119.25
119.4
119.54
119.69
119.81999999999998
119.97
120.11
120.25
120.39
120.54
120.68
120.81999999999998
120.95
121.11
121.25
121.39
121.68
121.81999999999998
121.97
122.1
122.25
122.39
122.67
122.81999999999998
122.96
123.11
123.24
123.38
123.53
123.67
123.81
123.96
124.1
124.25
124.39
124.53
124.68
124.81999999999998
124.95
125.1
125.25
125.39
125.53
125.67
125.81
125.96
126.1
126.25
126.39
126.53
126.67
126.81
126.96
127.1
127.24
127.38
127.52
127.67
127.81999999999998
127.95
128.11
128.24
128.46
128.53
128.67
128.81
129.1
129.18
129.25
129.34
129.39
129.68
130.24
130.38
130.52
130.67
130.81
130.95
131.09
131.23
131.38
131.52
131.66
131.81
131.95
132.09
132.23
132.38
132.52
132.66
132.81
133.1
133.23
133.38
133.52
133.67
133.81
133.95
134.09
134.24
134.37
134.52
134.66
134.8
134.95
135.09
135.23
135.38
135.52
135.66
135.8
135.94
136.09
136.23
136.37
136.52
136.66
136.8
136.95
137.09
137.23
137.37
137.51
137.6
137.66
137.8
137.94
138.09
138.23
138.37
138.51
138.65
138.8
138.94
139.08
139.23
139.37
139.51
139.65
139.8
139.94
140.08
140.23
140.37
140.51
140.66
140.8
140.94
141.09
141.22
141.37
141.51
141.65
141.79
141.94
142.17
142.23
142.36
142.51
142.65
142.8
142.94
143.08
143.22
143.37
143.51
143.65
143.93
144.08
144.22
144.37
144.45
144.51
144.65
144.79
145.08
145.22
145.36
145.5
145.59
145.65
145.79
145.93
146.07
146.22
146.38
146.5
146.65
146.73
146.79
147.07
147.36
147.49
147.66
147.94
149.72
