0.78
1.19
1.87
2.12
3.31
3.49
4.11
4.53
5.15
5.51
5.59
6.02
6.19
6.81
7.019999999999999
7.44
7.65
7.86
8.07
8.15
8.27
8.48
8.69
9.11
9.32
9.53
9.73
9.94
10.15
10.36
10.78
10.98
11.2
11.4
11.61
11.82
12.11
12.65
12.87
13.39
13.49
13.59
13.65
13.9
14.02
14.11
14.25
14.32
14.53
14.73
14.94
15.07
15.15
15.36
15.57
15.78
15.99
16.2
16.4
16.81
17.03
17.12
17.23
17.44
17.65
17.86
18.07
18.27
18.48
18.69
18.9
19.11
19.32
19.53
19.74
19.95
20.15
20.36
20.48
20.57
20.78
20.92
20.99
21.2
21.4
21.61
21.82
22.03
22.13
22.23
22.45
22.6
22.65
22.77
22.86
23.07
23.28
23.48
23.69
23.9
24.11
24.32
24.53
24.73
24.94
25.15
25.36
25.57
25.77
25.98
26.19
26.29
26.4
26.61
26.82
26.94
27.02
27.24
27.65
27.86
28.07
28.28
28.48
28.59
28.9
29.32
29.73
30.15
30.27
30.57
30.98
31.09
31.4
31.61
31.82
32.23
32.44
32.65
32.85
33.07
33.28
33.48
33.6
33.7
33.82
33.9
34.32
34.52
34.73
34.94
35.15
35.26
35.48
35.57
35.98
36.4
36.61
36.73
36.82
37.03
37.23
37.44
37.65
38.07
38.28
38.48
38.9
39.11
39.32
39.73
39.94
40.15
40.36
40.57
40.98
41.19
41.4
41.48
41.61
41.82
42.23
42.56
42.65
42.76
43.07
43.48
43.9
44.11
44.32
44.73
44.94
45.15
45.35
45.57
45.99
46.4
46.61
46.82
47.23
47.45
47.65
47.86
48.06
48.27
48.48
48.59
48.9
49.32
49.73
49.94
50.05
50.15
50.56
50.78
50.98
51.4
51.61
51.82
52.23
52.43
52.54
52.65
52.75
52.86
53.07
53.17
53.27
53.38
53.49
53.63
53.68
53.88
54.37
55.62
56.12
56.53
56.82
57.02
57.12
58.7
60.15
60.26
60.35
60.58
60.78
60.9
61.82
62.44
63.49
63.68
63.90999999999999
64.02
64.12
64.23
64.32
65.15
65.57
65.78
65.98
66.09
66.19
66.29
66.4
66.61
66.71
66.82
67.23
67.65
67.96
68.17
68.48
68.9
69.01
69.1
69.32
69.63
69.73
69.84
69.94
70.15
70.27
70.36
70.57
70.99
71.19
71.3
71.4
71.51
71.6
71.82
72.24
72.44
72.65
72.76
72.86
72.96
73.07
73.18
73.27
73.38
73.48
73.9
74.32
74.43
74.52
74.63
74.73
74.84
74.94
75.05
75.15
75.46
75.57
75.69
75.77
75.98
76.3
76.4
76.51
76.82
77.03
77.24
77.65
77.86
77.96
78.06
78.17
78.27
78.48
78.81
78.9
79.32
79.46
79.53
79.63
79.73
79.84
79.94
80.15
80.57
80.88
80.99
81.19
81.4
81.51
81.61
81.71
81.82
82.13
82.24
82.44
82.86
83.07
83.17
83.48
83.6
83.7
83.9
84.11
84.33
84.53
84.64
84.73
84.84
84.94
85.15
85.47
85.57
85.77
86.19
86.41
86.51
86.61
86.72
86.82
87.03
87.34
87.44
87.55
87.75
87.86
88.07
88.18
88.28
88.49
88.9
89.11
89.53
89.73
89.84
90.15
90.27
90.36
90.57
90.77
91.19
91.4
91.51
91.61
91.82
92.03
92.14
92.24
92.44
92.86
93.07
93.17
93.38
93.48
93.69
93.8
93.91
94.01
94.11
94.21
94.32
94.42
94.52
94.63
94.74
94.85
94.94
95.05
95.15
95.26
95.37
95.47
95.58
95.68
95.79
95.89
96.0
96.21
96.58
96.72
97.14
97.24
97.34
98.18
98.38
98.9
99.01
99.85
100.42
100.57
101.59
101.72
101.82
101.95
102.13
102.23
102.35
102.45
102.65
102.76
102.97
103.06
103.39
103.48
103.8
103.9
104.02
104.11
104.32
104.53
104.64
104.73
105.15
105.47
105.57
105.69
105.78
105.99
106.4
106.82
107.23
107.44
107.65
108.07
108.19
108.48
108.69
108.8
108.9
109.02
109.11
109.31999999999998
109.42
109.53
109.62
109.73
109.94
110.05
110.15
110.47
110.56999999999998
110.68
110.78
110.99
111.08
111.19
111.31
111.4
111.81999999999998
112.14
112.23
112.35
112.45
112.65
112.87
113.06999999999998
113.27
113.39
113.48
113.9
114.01
114.11
114.31999999999998
114.42
114.53
114.63
114.73
114.84
114.94
115.04
115.15
115.26
115.59
115.68
118.06999999999998
118.27
118.46
121.85
