2.04
2.09
2.33
2.38
2.6
3.05
3.23
3.28
3.4
3.52
3.6
3.68
3.7599999999999993
4.0
4.12
4.24
4.35
4.47
4.56
4.72
4.84
4.95
5.05
5.19
5.31
5.42
5.51
5.67
5.9
6.03
6.08
6.15
6.27
6.37
6.47
6.55
6.62
6.75
6.79
6.85
6.97
7.1
7.22
7.32
7.42
7.57
7.81
7.94
8.05
8.18
8.28
8.37
8.41
8.46
8.53
8.65
8.7
8.76
8.84
8.95
9.01
9.12
9.23
9.32
9.48
9.72
9.83
9.88
9.96
10.18
10.28
10.32
10.36
10.42
10.56
10.66
10.9
11.02
11.14
11.23
11.39
11.62
11.75
11.86
11.98
12.09
12.2
12.33
12.45
12.51
12.57
12.65
12.81
12.93
13.04
13.13
13.19
13.29
13.52
13.65
13.69
13.76
13.89
13.99
14.08
14.17
14.24
14.35
14.47
14.71
14.83
14.95
15.039999999999997
15.09
15.19
15.43
15.55
15.67
15.789999999999997
15.9
15.99
16.08
16.15
16.27
16.32
16.38
16.46
16.57
16.62
16.74
16.85
16.95
16.99
17.1
17.23
17.28
17.34
17.46
17.53
17.93
18.05
18.76
19.23
19.4
19.48
19.59
19.71
19.83
19.96
20.07
20.12
20.19
20.43
20.66
20.75
20.9
21.08
21.14
21.28
21.38
21.61
21.76
21.85
21.99
22.1
22.18
22.24
22.57
22.7
22.82
23.05
23.3
23.39
23.52
23.61
23.84
24.0
24.08
24.35
24.48
24.95
25.04
25.19
25.41
25.59
25.66
25.8
25.9
25.98
26.09
26.13
26.24
26.38
26.43
26.51
26.62
26.75
26.86
27.1
27.329999999999995
27.39
27.47
27.579999999999995
27.7
27.81
27.89
27.98
28.06
28.28
28.7
28.76
29.0
29.14
29.23
29.31
29.39
29.47
29.59
29.71
29.82
29.86
30.07
30.19
30.27
30.32
30.44
30.72
30.92
31.03
31.14
31.21
31.26
31.3
31.62
32.09
32.18
32.23
32.34
32.57
32.71
32.99
33.05
33.17
33.38
33.52
34.47
34.55
34.59
34.64
34.72
34.83
34.94
35.03
35.12
35.19
35.32
35.36
35.42
35.67
35.78
35.9
35.99
36.15
36.38
36.46
36.74
36.85
36.93
37.02
37.09
37.21
37.27
37.33
37.41
37.51
37.8
37.89
38.06
38.29
38.38
38.43
38.47
38.53
38.64
38.75
38.85
38.92
39.0
39.12
39.22
39.33
39.38
39.47
39.6
39.7
39.8
40.19
40.27
40.31
40.43
40.54
40.66
40.75
41.02
41.14
41.33
41.43
41.49
41.61
41.7
41.75
41.8
42.1
42.19
42.29
42.57
42.66
42.74
42.81
42.93
43.05
43.16
43.29
43.4
43.51
43.6
43.77
44.0
44.08
44.24
44.36
44.47
44.56
44.63
44.7
44.78
44.84
44.89
44.95
45.03
45.19
45.31
45.42
45.5
45.57
45.67
45.9
46.14
46.24
46.37
46.54
46.62
46.74
46.85
46.98
47.1
47.22
47.32
47.45
47.53
47.57
47.61
47.69
47.76
47.81
48.06
48.76
49.23
49.32
49.71
49.79
49.84
50.19
50.43
50.66
50.75
50.91
51.01
51.14
51.39
51.62
51.74
51.86
51.97
52.09
52.24
52.33
52.46
52.5
52.57
52.69
52.76
52.81
52.94
53.04
53.13
53.29
53.53
53.65
53.77
53.89
53.99
54.1
54.24
54.37
54.48
54.58
54.71
54.94
55.03
55.19
55.43
55.49
55.55
55.65999999999999
55.75
55.9
56.06
56.13
56.37
56.55
56.61
56.85
56.93
57.1
57.34
57.40999999999999
57.65999999999999
57.81
58.05
58.22
58.28
58.36
58.4
58.47
58.52
58.64
58.75
58.84
59.0
59.23
59.36
59.49
59.6
59.71
59.95
60.12
60.19
60.38
60.42
60.55
60.65999999999999
60.81
60.90999999999999
61.04
61.15
61.27
61.39
61.5
61.61
61.86
62.03
62.1
62.19
62.33
62.56
62.65999999999999
62.72
62.81
63.0
63.05
63.18
63.28
63.40999999999999
63.52
63.61
63.65999999999999
63.77
63.9
64.08
64.14
64.28
64.39
64.48
64.56
64.61
64.73
64.78
64.89
64.96
65.04
65.09
65.15
65.19
65.26
65.3
65.34
65.42
65.53
65.6
65.64
65.7
65.77
65.82
65.9
66.0
66.2
66.28
66.38
66.57
66.65
66.76
66.86
67.0
67.1
67.16
67.23
67.33
67.56
67.6
67.75
67.81
67.9
68.0
68.1
68.19
68.29
68.49
68.54
68.67
68.76
68.9
69.01
69.07
69.11
69.15
69.24
69.72
70.0
70.09
70.19
70.28
70.36
70.59
70.66
70.77
70.81
70.91
70.95
71.03
71.14
71.41
71.56
71.62
71.71
71.85
71.91
72.0
72.09
72.19
72.24
72.29
72.36
72.4
72.48
72.57
72.71
72.84
72.95
73.05
73.25
73.34
73.39
73.46
73.52
73.81
73.9
74.0
74.1
74.17
74.34
74.4
74.48
74.62
74.78
74.83
74.95
75.23
75.37
75.43
75.74
75.81
75.91
76.0
76.06
76.12
76.17
76.22
76.29
76.38
76.47
76.52
76.6
76.66
76.77
76.86
77.06
77.12
77.19
77.27
77.33
77.53
77.58
77.71
77.81
78.29
78.37
78.42
78.52
78.59
78.66
78.76
79.24
79.72
79.8
79.96
80.19
80.27
80.33
80.44
80.55
80.67
80.75
80.81
80.91
81.0
81.05
81.14
81.38
81.61
81.71
81.86
82.09
82.19
82.23
82.34
82.46
82.57
82.82
83.05
83.22
83.29
83.42
83.53
83.61
83.78
84.0
84.15
84.25
84.37
84.48
84.57
84.61
84.85
84.89
84.95
85.32
85.43
85.91
85.99
86.15
86.27
86.37
86.63
86.86
86.95
87.33
87.41
87.81
88.06
88.18
88.28
88.38
88.53
88.62
88.69
88.76
88.85
89.01
89.12
89.23
89.33
89.71
89.81
89.86
89.96
90.08
90.19
90.44
90.57
90.66
90.77
90.82
90.9
91.14
91.22
91.39
91.47
91.62
91.71
91.76
91.86
91.99
92.1
92.2
92.34
92.43
92.58
92.93
93.05
93.13
93.44
93.53
93.65
93.77
93.88
94.0
94.08
94.52
94.64
94.96
95.07
95.24
95.47
95.59
95.74
95.9
98.93
