0.42
1.81
2.22
2.43
2.62
2.82
2.94
3.02
3.22
3.42
3.56
3.82
4.03
4.22
4.42
4.62
4.83
4.94
5.02
5.22
5.42
6.01
6.22
6.82
7.019999999999999
7.42
7.62
7.81
8.22
8.62
9.02
9.23
9.63
9.82
10.22
10.44
10.62
11.01
11.23
11.42
11.82
12.03
12.22
12.83
13.02
13.43
13.62
14.03
14.22
14.42
14.52
14.62
14.74
14.83
14.93
15.02
15.22
15.32
15.42
15.62
15.72
15.82
16.03
16.12
16.22
16.42
16.62
16.82
16.92
17.02
17.22
17.32
17.41
17.63
17.82
18.02
18.12
18.22
18.33
18.52
18.61
18.72
18.92
19.01
19.12
19.42
19.51
19.62
19.82
19.92
20.12
20.21
20.32
20.42
20.52
20.62
20.82
21.02
21.42
21.63
21.72
21.82
22.02
22.11
22.22
22.43
22.53
22.61
22.92
23.02
23.22
23.42
23.62
23.72
23.82
24.03
24.22
24.42
24.52
24.62
24.82
25.01
25.12
25.32
25.41
25.62
25.82
25.92
26.02
26.12
26.22
26.33
26.43
26.52
26.61
26.82
26.92
27.02
27.31
27.42
27.63
27.82
28.02
28.21
28.62
29.02
29.22
29.42
29.62
29.82
30.02
30.22
30.42
30.62
30.829999999999995
31.02
31.22
31.41
31.62
31.82
32.02
32.22
32.42
32.62
32.83
33.11
33.23
33.42
33.62
33.82
34.22
34.42
34.62
34.82
35.01
35.22
35.42
35.82
36.02
36.22
36.42
36.62
36.83
37.02
37.42
37.63
37.82
38.02
38.21
38.62
38.82
39.02
39.23
39.42
39.63
39.82
40.02
40.22
40.62
40.82
41.02
41.22
41.42
41.62
41.82
42.22
42.43
42.62
42.83
43.02
43.22
43.42
43.72
43.82
44.03
44.43
44.61
44.82
45.02
45.42
45.62
45.92
46.03
46.11
46.22
46.41
46.62
46.93
47.02
47.23
47.42
47.62
47.82
48.02
48.22
48.62
48.82
49.02
49.23
49.42
49.62
49.82
50.13
50.22
50.42
50.83
51.01
51.23
51.42
51.63
51.73
51.82
52.03
52.22
52.42
52.62
52.82
53.01
53.42
53.62
53.72
53.81
54.02
54.21
54.42
54.62
54.82
55.02
55.22
55.33
55.42
55.62
55.81
56.02
56.22
56.42
56.53
56.62
56.82
57.02
57.22
57.42
57.62
57.82
57.92
58.02
58.22
58.42
58.52
58.72
58.83
58.92
59.02
59.22
59.42
59.82
60.02
60.22
60.42
60.61
60.82
61.02
61.22
61.42
61.62
61.82
62.02
62.22
62.43
62.62
62.82
62.92
63.02
63.22
63.42
63.62
63.81
64.02
64.22
64.62
64.82
65.01
65.22
65.42
65.62
65.81
66.22
66.62
66.82
67.01
67.22
67.42
67.62
67.82
68.02
68.12
68.22
68.43
68.61
68.82
69.02
69.22
69.32
69.42
69.62
69.82
70.02
70.21
70.42
70.62
70.72
70.82
71.02
71.22
71.33
71.52
71.61
71.72
71.82
72.02
72.21
72.62
72.82
73.01
73.42
73.62
73.82
74.02
74.22
74.42
74.61
74.82
75.02
75.23
75.42
75.62
75.82
76.02
76.22
76.42
76.61
76.82
77.01
77.22
77.42
77.91
78.02
78.22
78.32
78.42
78.53
78.62
79.02
79.32
79.41
79.51
79.62
79.72
79.81
80.02
80.22
80.42
80.62
80.83
80.92
81.02
81.13
81.22
81.32
81.63
81.82
82.02
82.12
82.22
82.33
82.52
82.61
83.01
83.42
83.62
83.82
84.11
84.32
84.42
84.52
84.62
84.82
85.02
85.42
85.82
86.02
86.12
86.22
86.43
86.62
87.02
87.22
87.32
87.42
87.52
87.62
87.72
87.82
88.03
88.22
88.42
88.52
88.62
88.82
89.01
89.12
89.32
89.42
89.52
89.62
89.82
90.02
90.22
90.33
90.52
90.62
90.82
90.91
91.02
91.12
91.22
91.32
91.42
91.83
92.02
92.22
92.42
92.62
92.82
93.01
99.4
