0.7
2.01
3.33
3.7
4.08
5.01
5.39
5.86
5.95
6.32
6.52
6.7
7.07
7.46
8.4
8.96
9.32
9.7
10.25
11.39
11.97
12.33
12.7
12.9
13.08
13.45
14.02
14.95
15.15
15.24
15.33
15.7
15.9
16.27
16.64
16.82
17.22
17.39
17.82
17.86
17.95
18.32
18.7
19.28
19.64
20.02
20.39
20.78
20.87
20.96
21.32
21.53
21.71
21.9
22.08
22.27
22.64
22.82
23.01
23.39
23.58
23.95
24.33
24.53
24.7
24.9
25.27
25.63
25.83
26.55
28.04
28.09
28.24
28.65
28.82
28.96
29.39
29.52
29.57
29.77
30.21
30.52
30.7
31.079999999999995
31.41
31.61
31.82
32.21
32.55
32.94
33.31
33.52
33.7
34.06
34.45
34.8
35.21
35.4
35.55
36.31
36.52
36.69
37.08
37.45
38.02
38.39
38.58
38.95
39.14
39.32
39.69
39.9
40.06
40.26
40.65
41.38
41.58
41.86
41.95
42.12
42.32
42.71
42.89
43.07
43.45
43.63
43.77
44.02
44.38
44.58
44.94
45.14
45.33
45.7
45.89
46.05
46.26
46.44
46.63
46.82
47.19
47.39
47.78
47.88
47.97
48.13
48.32
48.7
48.9
49.06
49.27
49.45
49.83
50.39
51.16
51.32
51.7
51.89
52.08
52.65
53.03
53.39
53.96
54.32
54.69
54.89
55.05
55.09
55.27
55.45
55.62
55.99
56.21
56.39
57.32
57.7
57.9
58.25
58.65
59.02
59.38
59.96
60.32
60.7
60.9
61.08
61.45
62.02
62.37
62.58
62.95
63.14
63.31
63.63
63.69
63.9
64.09
64.26
64.36
65.39
65.58
65.83
65.95
66.14
66.32
66.51
66.71
66.9
67.07
67.27
67.45
67.63
68.02
68.38
68.58
68.95
69.14
69.33
69.7
69.8
70.08
70.26
70.47
70.83
70.99
71.19
71.39
71.87
72.14
72.32
72.52
72.7
72.9
73.08
73.26
73.45
73.64
73.83
74.01
74.39
74.58
74.86
74.95
75.15
75.32
75.7
75.9
76.06
76.17
76.26
76.64
77.38
78.15
78.33
78.51
78.63
78.69
78.9
79.08
79.83
80.01
80.38
80.95
81.14
81.33
81.7
81.89
82.06
82.26
82.45
82.82
83.0
83.39
83.58
83.88
84.14
84.32
84.7
84.89
85.1
85.27
85.44
85.64
85.82
86.39
86.59
86.8
86.87
86.96
87.15
87.32
87.62
87.7
87.9
88.07
88.64
88.84
89.39
89.95
90.14
90.33
90.7
91.08
91.45
91.65
92.38
92.95
93.15
93.33
93.7
93.9
94.08
94.65
95.39
95.88
95.96
96.14
96.32
96.7
96.89
97.08
99.62
