0.01
0.05
0.09
0.13
0.17
0.21
0.25
0.29
0.33
0.37
0.41
0.45
0.49
0.53
0.57
0.61
0.65
0.69
0.73
0.77
0.81
0.85
0.89
0.93
0.98
1.03
1.19
1.37
2.25
2.32
3.01
3.06
3.1
3.27
3.31
3.97
4.98
5.06
5.29
5.66
5.82
5.98
6.17
6.5
6.59
6.67
7.39
8.62
8.7
8.9
9.06
9.19
9.23
9.32
10.27
10.94
11.27
12.02
12.07
12.48
12.88
13.35
14.19
14.44
14.65
15.03
15.15
15.35
15.46
15.53
15.68
15.85
16.02
16.16
16.49
16.59
16.65
16.85
17.23
17.55
17.6
17.77
17.93
18.42
18.78
19.83
19.87
20.13
20.66
20.82
21.18
21.52
21.85
22.04
22.13
22.2
22.41
22.74
23.03
23.43
23.75
25.26
25.6
25.76
25.94
26.29
26.62
26.8
26.96
27.13
27.46
27.64
27.98
28.32
28.49
28.66
29.0
29.34
29.68
29.86
30.03
30.19
30.37
30.55
30.71
30.89
31.05
31.22
31.4
31.74
32.07
32.29
32.41
32.59
32.91
33.09
33.26
33.44
33.78
33.95
34.12
34.46
34.8
34.97
35.14
35.31
35.49
35.83
36.0
36.34
36.51
36.85
37.02
37.2
37.36
37.54
37.7
37.87
38.05
38.56
38.73
39.06
39.24
39.58
39.74
39.92
40.09
40.26
40.43
40.6
40.77
40.94
47.76
47.93
48.1
48.44
48.62
48.79
48.96
49.3
49.46
49.8
49.98
50.15
50.32
50.66
50.83
51.0
51.17
51.51
51.85
52.02
52.19
52.53
52.71
52.88
53.04
53.21
53.39
53.55
53.9
54.07
54.24
54.41
55.26
56.38
57.99
58.15999999999999
58.33
58.5
58.67
58.84
59.01
59.35
59.52
59.69
59.87
60.21
60.37
60.71
60.89
61.06
61.22
61.57
61.74
61.90999999999999
62.08
62.42
67.66
68.06
68.18
68.46
68.78
68.86
69.09
69.3
69.35
69.56
69.86
69.95
70.02
70.27
70.76
70.86
71.79
72.14
72.48
72.81
72.99
73.15
73.5
73.84
74.01
74.18
74.35
74.53
74.69
74.86
75.37
75.54
75.88
76.05
76.56
76.91
77.26
77.59
77.76
77.92
78.1
78.27
78.44
78.61
79.12
79.29
79.46
79.81
79.98
80.15
80.31
80.49
81.68
83.04
83.38
84.41
84.58
84.75
84.92
85.09
85.26
85.43
85.77
86.28
86.45
86.62
89.85
90.7
93.95
94.04
94.64
94.98
95.31
96.0
96.17
96.33
96.68
96.85
97.02
97.19
97.36
97.53
97.69
97.88
98.89
99.24
99.4
99.58
100.08
100.27
100.43
100.52
100.94
101.46
101.79
101.97
102.14
102.81
103.67
104.18
104.35
106.58
106.62
107.45
109.45
110.15
110.31999999999998
110.49
110.65
111.16
111.34
112.19
113.04
113.22
114.75
114.92
115.08
115.43
115.94
116.11
116.62
116.97
117.14
117.31
117.99
118.14
118.33
120.71
121.22
121.4
121.56999999999998
122.56999999999998
123.27
123.45
144.57
