0.45
0.54
1.85
2.03
2.31
2.76
2.88
4.41
4.62
4.72
5.54
6.57
6.68
6.8
6.92
7.15
7.74
7.85
8.3
8.42
9.23
9.88
10.14
10.27
12.0
12.11
12.17
12.47
12.71
12.82
12.92
13.15
13.29
13.38
13.5
13.61
13.73
13.84
13.97
14.07
14.3
14.41
14.57
14.64
14.76
15.01
15.22
15.56
15.68
15.8
16.6
16.83
17.07
17.2
17.52
17.65
17.76
17.96
18.22
18.45
18.68
18.91
18.96
19.06
19.25
19.38
19.49
19.6
19.82
20.3
20.43
20.53
20.76
20.88
21.0
21.11
21.23
21.45
21.79
21.89
21.93
22.17
22.37
22.53
23.07
23.19
23.3
24.0
24.13
24.43
24.8
25.6
25.64
25.84
25.88
25.95
26.18
26.28
26.58
26.65
26.75
26.99
27.08
27.13
27.19
27.59
27.73
27.82
27.93
28.05
28.14
28.26
28.39
28.49
28.61
28.84
28.95
29.07
29.18
29.34
29.41
29.53
29.63
29.75
29.98
30.329999999999995
30.46
30.67
31.15
31.37
31.84
32.17
32.31
32.48
32.53
32.63
33.23
33.68
33.87
33.92
34.02
34.14
34.37
34.5
34.93
35.06
35.52
35.64
35.87
35.99
36.22
36.92
37.04
37.14
37.37
37.72
37.82
38.07
38.47
38.53
38.77
39.22
39.56
39.69
39.91
40.33
40.37
40.61
41.05
41.41
41.53
41.76
41.9
41.99
42.22
42.46
42.9
43.03
43.26
43.38
43.6
43.78
43.84
43.95
44.18
44.3
44.41
44.53
44.76
44.9
45.14
45.21
46.35
46.57
46.65
47.18
47.59
47.63
48.24
48.28
48.39
49.84
50.17
50.68
50.83
50.93
50.98
51.06
51.15
51.45
52.14
52.3
52.37
52.53
52.6
52.84
53.06
53.3
53.53
53.87
53.99
54.23
54.45
54.68
54.90999999999999
55.0
55.37
55.61
55.72
55.83
55.96
56.07
56.3
56.40999999999999
56.53
56.64
56.75
56.99
57.15
57.22
57.68
57.98
59.07
59.34
59.40999999999999
59.49
59.53
59.75
59.99
60.22
60.46
60.59
60.68
60.90999999999999
61.14
61.37
61.84
62.06
62.15999999999999
62.42
62.51
62.6
62.76
62.99
63.21
63.44
63.68
63.90999999999999
64.15
64.27
64.37
64.6
64.84
64.96
65.06
65.53
65.76
65.88
66.11
66.22
66.35
66.45
66.69
66.79
66.91
67.26
67.37
67.6
67.71
67.83
67.95
68.07
68.29
68.47
68.52
68.65
68.76
69.13
69.22
69.44
69.67
69.76
69.91
70.14
70.34
70.59
70.68
71.06
71.29
71.54
71.65
71.75
71.99
72.22
72.45
72.57
72.67
72.8
72.91
73.14
73.26
73.38
73.49
73.72
73.84
73.96
74.16
74.28
74.76
74.99
75.45
75.67
76.0
76.13
76.38
76.48
76.6
76.83
77.18
77.29
77.53
77.76
77.98
78.08
78.22
78.35
78.45
78.68
79.04
79.14
79.37
79.6
79.82
79.98
80.29
80.52
80.73
80.99
81.22
81.67
81.77
81.82
81.89
81.94
82.14
82.38
82.72
82.83
82.97
83.06
83.52
83.67
83.87
83.99
84.22
84.57
84.68
84.91
85.35
85.48
85.59
85.83
86.41
86.53
86.76
86.99
87.21
87.33
87.56
87.68
87.91
88.03
88.14
88.25
88.37
88.49
88.6
91.65
92.51
92.88
94.67
94.82
95.26
95.56
96.15
96.81
96.94
97.85
97.94
98.08
98.29
98.53
98.77
99.22
99.59
100.18
100.78
100.86
101.52
101.75
101.87
101.99
102.11
102.41
102.84
102.93
103.03
103.15
103.5
104.55
104.99
105.23
105.55
105.68
106.04
106.14
106.37
106.72
106.83
107.07
107.52
107.99
108.22
108.32
108.44
108.57
108.67
108.9
109.15
109.37
109.6
109.74
109.83
110.06
110.16
110.21
110.42
110.52
110.76
110.99
111.11
111.22
111.31999999999998
111.58
111.68
111.91
112.26
112.37
112.6
112.84
112.97
113.05
113.15
113.2
113.53
113.75
113.88
113.97
114.06999999999998
114.12
114.22
114.45
114.8
114.91
115.37
115.6
115.81999999999998
115.91
116.06999999999998
116.29
116.75
117.1
117.22
117.45
117.81
117.87
117.91
118.04
118.14
118.38
118.6
118.72
118.84
118.96
119.06999999999998
119.29
119.41
119.53
119.65
119.88
119.99
120.11
120.34
120.44
120.91
121.13
121.34
121.49
121.6
121.83
122.29
122.43
122.53
122.63
122.76
122.99
123.09
123.33
123.45
123.68
123.92
124.14
124.23
124.38
124.6
124.83
125.29
125.44
125.53
125.76
125.97
126.34
126.44
126.67
127.04
127.14
127.37
127.72
127.81999999999998
128.17
128.29
128.53
128.87
128.98
129.12
129.22
129.67
129.77
129.82
129.94
130.02
130.14
130.37
130.62
130.72
130.83
131.07
131.32
131.5
131.61
131.67
131.74
131.99
132.57
132.68
132.91
133.15
133.37
133.48
133.6
133.72
133.84
134.07
134.18
134.29
134.41
134.52
134.64
134.76
137.62
