0.02
0.25
0.41
0.51
0.8
1.11
1.27
1.38
1.85
2.19
2.52
2.85
3.18
3.5
3.83
4.16
4.48
4.81
5.14
5.47
5.8
6.12
6.45
6.78
7.11
7.43
7.76
8.09
8.42
8.75
9.08
9.4
9.73
10.06
10.39
10.72
11.05
11.29
11.37
12.68
13.01
13.34
13.67
13.99
14.32
14.65
14.98
15.3
15.63
15.96
16.29
16.62
16.93
18.26
19.57
24.49
27.11
27.68
28.41
28.99
29.73
45.02
45.59
45.86
45.9
45.94
46.61
46.94
47.92
48.42
49.23
49.57
49.72
49.83
49.97
50.06
50.55
50.88
51.03
51.21
51.64
51.69
51.86
52.19
52.27
52.61
53.17
53.36
54.48
54.81
55.14
55.32
55.79
56.04
57.1
57.44
57.61
57.77
58.19
58.40999999999999
58.76
59.17
60.37
60.47
61.04
61.21
61.37
62.35
62.68
63.98
64.41
64.97
65.3
65.39
65.71
66.28
66.85
78.46
78.65
78.75
122.23
123.34
