1.78
2.87
5.81
6.09
6.17
6.41
6.58
6.71
7.0
7.15
7.3
7.46
7.59
7.64
7.83
10.06
10.5
10.76
10.81
11.03
11.33
11.38
13.42
13.56
13.71
14.02
14.16
14.92
15.22
15.36
15.51
15.66
15.97
16.11
16.4
16.81
17.47
17.51
17.75
17.9
18.12
18.2
18.49
18.79
19.38
19.69
19.98
20.14
21.46
22.81
22.97
23.11
23.27
24.67
24.71
25.28
26.23
26.36
26.45
26.97
27.03
27.07
27.27
27.34
28.06
28.16
28.22
28.86
29.829999999999995
30.05
30.52
31.62
32.68
35.06
36.2
37.15
39.75
40.29
40.43
40.58
41.13
42.38
43.42
44.87
44.91
45.02
45.15
45.19
45.28
45.37
46.08
46.14
46.45
46.76
46.95
47.06
47.16
47.2
47.27
47.35
47.41
47.45
47.65
47.73
47.77
47.87
47.95
48.05
48.25
48.34
48.43
48.52
48.64
48.79
48.84
49.2
49.31
49.94
49.99
50.05
50.46
50.65
50.73
50.88
51.13
51.33
51.55
51.67
51.74
51.86
51.92
52.29
54.13
58.9
60.12
60.22
62.33
63.71
64.31
64.92
67.48
71.83
72.3
72.36
72.45
72.51
72.74
72.92
72.96
73.03
73.09
73.15
73.22
73.31
73.37
73.52
73.6
73.67
73.84
73.9
73.95
74.1
75.64
75.73
77.08
77.31
77.37
77.46
77.6
77.87
77.91
77.96
78.29
78.4
78.45
79.03
79.19
79.81
80.07
80.25
81.37
81.59
81.79
82.18
82.61
82.78
83.38
83.49
83.6
83.71
83.79
83.87
83.96
85.21
85.68
86.81
86.86
87.24
87.53
87.65
87.75
88.16
88.27
88.9
89.03
89.72
89.92
89.96
90.06
91.85
92.65
95.4
99.68
99.8
103.42
111.6
112.63
114.06
114.5
115.35
115.47
115.74
116.06
116.18
116.58
117.0
117.12
118.81
