1.42
1.51
2.18
2.51
3.01
4.31
4.99
5.29
5.66
5.99
6.16
6.32
6.49
6.67
6.83
6.99
7.16
7.48
7.66
7.99
8.16
8.32
8.65
8.82
8.98
9.07
9.16
9.32
9.74
9.82
9.99
10.24
10.32
10.41
10.66
10.76
10.82
10.98
11.16
11.24
11.49
11.6
11.65
11.82
12.16
12.49
12.65
12.83
12.98
13.16
13.32
13.49
13.65
13.82
13.95
14.16
14.28
14.5
14.62
14.82
15.15
15.49
15.98
16.31
16.58
17.83
18.31
18.65
18.83
18.98
19.08
19.15
19.48
19.81
20.14
20.32
20.65
20.81
21.69
21.83
21.98
22.15
22.31
22.47
22.89
22.98
23.16
23.3
23.46
23.58
23.65
23.79
23.97
24.15
24.31
24.48
24.63
25.16
25.32
25.43
25.65
25.82
26.11
26.32
26.46
26.6
26.66
26.81
26.97
27.15
27.32
27.84
27.92
27.99
28.16
28.5
28.65
28.82
28.99
29.17
29.3
29.46
29.65
29.82
29.97
30.16
30.25
30.31
30.5
30.6
30.82
30.99
31.29
31.4
31.45
31.62
31.79
31.829999999999995
31.9
32.0
32.16
32.32
32.49
32.65
32.81
32.98
33.64
33.81
33.98
34.15
34.31
34.48
34.66
34.82
34.98
35.06
35.15
35.24
35.41
35.66
35.83
35.97
36.48
36.82
37.16
37.32
37.49
37.66
37.75
37.82
37.91
38.07
38.84
38.94
39.16
39.3
39.48
39.64
39.82
40.16
40.32
40.49
40.57
40.83
40.99
41.5
41.65
41.94
42.16
42.83
42.98
43.1
43.14
43.21
43.25
43.31
43.49
44.82
45.0
45.31
45.65
45.83
45.99
46.15
46.32
46.65
46.92
46.99
47.25
47.32
47.49
47.65
47.92
47.99
48.25
48.32
48.66
48.82
48.99
49.12
49.17
49.26
49.32
49.48
49.65
49.99
50.11
50.15
50.32
50.59
50.66
50.78
50.92
50.99
51.16
51.32
51.48
51.66
51.82
51.92
51.98
52.32
52.66
52.82
52.98
53.12
53.32
53.46
53.66
53.99
54.15
54.32
54.44
54.65
54.99
55.14
55.24
55.32
55.49
55.65
55.96
56.49
56.98
57.49
58.32
58.5
58.65
59.28
60.15
60.31
60.57
60.84
61.15999999999999
61.49
61.65999999999999
62.14
62.48
62.65
62.83
62.98
63.12
63.15999999999999
63.31
63.65
63.99
64.49
64.82
65.31
65.79
65.98
66.16
67.33
67.38
67.44
67.48
67.66
67.82
67.99
68.66
68.82
68.99
69.15
69.65
69.83
69.96
70.15
70.32
70.43
70.49
70.59
70.64
70.75
70.91
71.08
71.15
71.41
71.57
71.65
71.82
72.5
72.82
72.98
73.32
73.43
73.49
73.65
73.81
73.93
74.16
74.31
74.49
74.82
75.16
75.29
75.33
75.5
75.65
75.83
75.98
76.16
76.31
76.49
76.62
76.83
76.98
77.16
77.3
77.43
77.49
77.82
77.98
78.15
78.49
78.61
78.98
79.16
79.25
81.65
82.83
83.77
83.99
84.25
84.32
84.58
84.62
84.98
85.16
85.5
85.84
86.31
86.91
86.99
87.3
87.5
87.83
87.96
88.17
88.31
88.76
89.28
89.65
90.17
90.49
90.66
90.82
90.99
91.74
91.99
92.08
92.23
92.62
93.15
93.48
93.62
93.74
93.83
93.98
94.31
94.44
95.49
95.65
95.8
95.99
96.64
96.99
97.32
97.65
97.99
98.33
98.58
98.65
98.99
99.31
99.48
99.65
99.98
100.26
100.32
100.65
100.99
101.29
101.65
101.99
102.12
102.32
102.49
102.58
102.66
102.82
102.98
103.15
103.32
103.42
103.48
103.65
103.81
103.98
104.14
104.32
104.49
104.65
104.83
104.99
105.07
105.16
105.32
105.62
105.74
105.82
105.99
106.24
106.34
110.81
