1.19
2.0
2.7
5.68
5.93
6.12
6.95
8.67
9.48
12.44
12.71
13.02
13.21
14.05
14.9
15.92
16.62
16.8
16.94
17.36
18.33
20.04
20.26
20.53
20.68
20.9
21.75
22.41
22.61
23.47
25.19
25.84
26.04
26.9
27.11
27.23
27.49
27.54
27.65
27.76
27.87
27.97
28.079999999999995
28.18
28.69
30.329999999999995
30.54
30.61
30.69
31.18
31.32
31.47
31.61
32.04
32.26
32.36
32.44
32.68
32.89
33.04
33.12
33.33
33.41
33.53
33.65
33.75
34.09
34.15
34.19
34.6
34.83
35.25
35.45
35.91
36.12
36.66
36.98
37.34
39.11
39.83
40.1
40.5
40.62
40.99
41.26
41.47
42.23
42.55
42.72
44.03
44.47
44.66
45.12
45.54
45.72
46.08
46.37
46.82
47.35
47.48
47.78
48.1
48.31
48.42
48.65
48.96
49.08
49.42
49.82
51.12
51.53
51.67
51.88
51.97
52.09
53.26
53.81
53.91
54.11
54.21
54.33
54.54
54.64
54.97
55.35
55.4
55.82
55.99
56.26
56.35
56.40999999999999
56.69
57.54
57.65
57.98
58.18
59.25
59.42
59.61
59.65
59.71
62.37
62.9
62.99
63.12
63.34
64.62
64.72
64.79
64.83
64.97
65.04
65.47
65.76
66.0
66.11
66.33
66.49
66.55
66.76
66.97
67.19
67.27
67.37
67.41
67.72
67.93
68.04
68.26
68.48
68.6
68.69
68.79
68.9
69.01
69.11
69.23
69.33
69.43
69.55
69.65
69.76
69.85
69.97
70.08
70.15
70.19
70.29
70.4
70.51
70.62
70.72
70.83
70.93
71.04
71.15
71.26
71.37
71.43
71.47
71.58
71.69
71.79
71.91
72.01
72.12
72.23
72.34
72.54
72.65
72.76
72.86
72.96
73.07
73.18
73.3
73.36
73.56
73.73
73.88
73.94
74.04
74.22
74.48
74.58
74.79
74.9
75.02
75.12
75.29
75.33
75.42
75.55
75.67
75.75
75.86
76.25
76.51
76.61
76.77
76.99
77.25
77.32
77.37
77.47
77.69
77.91
78.01
78.23
78.32
78.42
78.55
78.76
78.87
78.92
78.97
79.18
79.42
79.6
79.84
79.97
80.42
80.8
80.89
81.11
81.33
81.44
81.66
81.75
81.88
81.98
82.14
82.19
82.28
82.52
82.61
82.88
82.94
83.05
83.42
83.47
83.59
83.64
83.85
84.0
84.23
84.32
84.76
84.85
85.08
85.18
85.28
85.4
85.61
85.83
86.04
86.36
86.46
86.69
86.83
86.9
87.34
87.55
87.69
87.75
87.98
88.11
88.19
88.3
88.4
88.52
88.61
88.72
89.05
89.18
89.26
89.41
89.47
89.7
89.9
90.33
90.43
90.5
90.65
90.76
90.98
91.09
91.18
91.4
91.48
91.62
91.73
91.84
91.94
92.04
92.14
92.27
92.36
92.47
92.58
92.69
92.79
92.9
93.13
93.23
93.33
93.42
93.54
93.76
93.87
93.92
94.09
94.19
94.28
94.4
94.55
94.61
94.83
95.05
95.16
95.26
95.38
95.47
95.6
95.65
95.97
96.14
96.32
97.18
97.3
97.35
97.51
97.62
98.49
99.12
99.34
99.56
99.66
99.77
99.97
100.08
100.18
100.41
100.62
100.79
100.83
100.93
101.03
101.25
101.46
101.69
101.86
101.9
101.99
102.1
102.33
102.41
102.56
102.64
102.73
102.97
103.18
103.4
103.82
104.04
104.26
104.42
104.48
104.9
105.22
105.35
105.55
105.75
105.89
106.61
107.47
107.69
107.79
107.94
108.32
108.71
108.96
109.09
109.18
109.49
109.83
110.03
110.26
110.8
110.9
111.01
111.28
111.54
111.75
112.61
112.73
113.47
113.69
114.11
114.29
114.33
114.44
114.53
114.65
114.76
114.95
115.39
116.04
116.17
116.66
116.9
117.31999999999998
117.75
118.06999999999998
118.4
118.71
119.78
120.11
120.54
120.76
121.19
121.83
122.9
123.51
123.76
123.97
124.08
124.39
124.59
124.83
124.93
125.04
125.26
125.67
125.88
126.1
126.54
126.76
126.97
127.06
127.15
127.4
127.51
127.83
128.04
128.23
128.32
128.47
128.63
128.68
128.98
129.11
129.34
129.75
129.87
130.05
130.1
130.18
130.4
130.62
130.8
131.03
131.26
131.46
131.68
131.78
132.11
132.23
132.32
132.51
132.55
132.98
133.19
133.4
133.83
133.94
134.14
134.23
134.69
134.9
135.12
135.29
135.34
135.54
135.74
135.94
135.99
136.18
136.39
136.52
136.62
136.75
136.83
136.94
136.99
137.04
137.25
137.47
138.11
138.3
138.47
138.55
138.75
138.98
139.14
139.4
139.82
140.0
140.09
140.17
140.26
140.3
140.36
140.47
140.7
141.54
141.66
141.83
141.94
141.98
142.61
147.52
