0.01
0.05
0.09
0.13
0.17
0.21
0.25
0.29
0.33
0.37
0.41
0.45
0.49
0.53
0.57
0.61
0.65
0.69
0.73
0.77
0.81
0.85
0.89
0.93
0.97
1.01
1.05
1.09
1.13
1.17
1.21
1.33
1.66
1.83
2.13
2.49
2.61
2.65
3.16
3.24
3.52
3.7599999999999993
3.93
4.08
4.17
4.32
4.4
4.55
4.65
4.71
4.85
5.03
5.22
5.29
5.38
5.46
5.53
5.61
5.77
5.84
6.0
6.1
6.16
6.26
6.32
6.51
6.82
7.15
7.769999999999999
7.87
8.6
9.09
10.47
11.19
11.67
12.63
12.81
12.95
13.13
13.29
13.46
13.6
13.91
14.09
14.39
14.57
14.74
14.89
14.99
15.15
15.19
15.289999999999997
15.37
15.53
15.64
15.77
15.86
16.09
16.18
16.35
16.67
16.82
17.0
17.32
17.65
17.97
18.13
18.61
18.92
19.08
19.25
19.9
20.16
20.22
20.69
21.01
21.19
21.33
21.52
21.83
23.28
24.09
24.74
24.9
25.38
25.55
26.03
26.18
26.67
26.83
27.16
27.32
27.48
27.89
28.12
28.61
28.76
29.26
29.42
30.05
30.54
30.7
31.19
31.35
31.829999999999995
31.99
32.63
33.28
33.62
34.41
35.22
35.71
36.35
36.51
37.0
37.16
37.64
37.8
39.09
39.58
40.07
40.38
40.87
41.03
41.67
42.16
42.32
43.36
45.55
46.67
46.84
50.7
51.19
51.99
52.48
55.07
57.64
60.7
65.87
68.1
68.4
68.46
68.93
69.75
70.05
70.68
70.79
70.88
70.95
71.17
71.25
71.3
72.06
72.24
72.31
72.81
72.99
74.1
74.9
76.19
78.28
78.45
79.26
85.23
87.32
89.09
89.26
89.42
91.19
93.28
93.77
93.93
94.25
96.36
98.93
99.41
99.58
99.74
102.0
104.26
113.06999999999998
113.12
113.16
113.2
113.24
113.28
113.31999999999998
113.36
113.4
113.44
113.48
113.52
113.56
113.6
113.64
