0.38
0.62
0.78
0.89
1.17
1.4
1.57
1.69
1.96
2.19
2.36
2.48
2.75
2.98
3.15
3.27
3.54
3.77
3.94
4.06
4.33
4.56
4.73
4.84
5.12
5.35
5.52
5.63
5.91
6.14
6.31
6.5
6.7
6.9
7.1
7.29
7.49
7.69
7.78
7.88
8.08
8.28
8.48
8.67
8.87
9.07
9.27
9.37
9.46
9.56
9.66
9.76
9.86
9.96
10.05
10.15
10.25
10.35
10.45
10.55
10.65
10.84
10.94
11.04
11.83
11.93
12.03
12.12
12.23
12.33
12.42
12.53
12.82
13.02
13.21
13.41
13.61
13.81
14.0
14.2
14.4
14.6
14.789999999999997
14.99
15.19
15.39
15.58
15.78
15.98
16.18
16.37
16.57
16.77
16.97
17.16
17.36
17.56
17.75
17.95
18.15
18.35
18.44
18.54
18.74
18.93
19.13
19.33
19.53
19.73
19.93
20.12
20.32
20.52
20.71
20.91
21.11
21.31
21.5
21.7
21.9
22.1
22.29
22.49
22.69
22.89
23.08
23.28
23.48
23.67
23.87
24.07
24.27
24.46
24.66
24.76
24.86
25.06
25.15
25.25
25.45
25.64
25.84
26.04
26.24
26.44
26.63
26.83
27.03
27.22
27.42
27.62
27.82
28.02
28.21
28.4
28.61
28.8
29.0
29.2
29.4
29.59
29.79
29.99
30.19
30.38
30.579999999999995
30.78
30.98
31.079999999999995
31.17
31.37
31.56
31.77
31.96
32.16
32.36
32.55
32.76
32.95
33.14
33.35
33.54
33.74
33.85
33.93
34.13
34.33
34.53
34.72
34.82
34.92
35.03
35.12
35.32
35.52
35.62
35.71
35.91
36.11
36.31
36.4
36.5
36.61
36.7
36.89
37.09
37.19
37.29
37.39
37.49
37.59
37.7
37.88
37.99
38.08
38.27
38.48
38.67
38.87
39.07
39.26
39.46
39.66
39.86
40.06
40.25
40.45
40.65
40.84
41.04
41.44
41.63
41.84
42.03
42.23
42.42
42.63
42.82
43.02
43.21
43.41
43.6
43.81
44.0
44.2
44.4
44.6
44.79
44.99
45.18
45.39
45.58
45.78
45.97
46.18
46.37
46.57
46.76
46.97
47.15
47.36
47.56
47.76
47.95
48.15
48.34
48.54
48.75
48.94
49.14
49.34
49.53
49.73
49.92
50.12
50.32
50.44
50.51
50.72
50.9
51.11
51.3
51.5
51.7
51.9
52.1
52.29
52.49
52.69
52.88
53.08
53.27
53.48
53.67
53.87
54.07
54.27
54.46
54.6
54.65999999999999
54.85
55.06
55.25
55.46
55.64
55.85
56.04
56.24
56.43
56.63
56.83
57.03
57.23
57.42
57.62
57.82
58.02
58.21
58.40999999999999
58.61
58.81
59.01
59.19
59.4
59.6
59.79
59.99
60.18
60.38
60.58
60.78
60.98
61.17
61.37
61.56
61.77
61.96
62.15999999999999
62.35
62.56
62.65
62.75
62.95
63.14
63.34
63.54
63.74
63.93
64.14
64.33
64.53
64.72
64.92
65.12
65.32
65.51
65.71
65.9
66.11
66.3
66.51
66.7
66.9
67.09
67.19
67.29
67.49
67.69
67.88
68.08
68.28
68.48
68.67
68.87
69.06
69.27
69.36
69.46
69.66
69.85
70.05
70.25
70.45
70.64
70.85
71.04
71.24
71.43
71.53
71.63
71.83
71.93
72.03
72.22
72.33
72.42
72.62
72.81
73.01
73.11
73.21
73.41
73.6
73.8
73.9
74.0
74.2
74.29
74.39
74.59
74.7
74.79
74.9
74.99
75.08
75.18
75.29
75.39
75.58
75.69
75.98
78.84
79.98
80.12
80.32
80.42
80.47
80.52
80.62
80.72
80.87
81.01
81.21
81.42
81.61
81.81
81.9
82.11
82.78
82.99
83.18
83.48
83.67
83.89
84.76
84.87
85.06
86.64
86.73
86.83
86.92
87.31
87.41
87.71
87.91
88.02
88.31
88.41
88.61
88.8
89.01
89.2
89.4
89.6
89.79
89.99
90.19
90.39
90.58
90.69
90.78
90.98
91.17
91.37
91.57
91.77
91.97
92.06
92.16
92.36
92.56
92.75
92.96
93.15
93.34
93.54
93.74
93.85
93.94
94.14
94.33
94.53
94.72
94.92
95.12
95.22
95.32
95.51
95.71
95.82
95.91
96.11
96.31
96.5
96.7
96.9
97.09
97.29
97.49
97.69
97.88
98.08
98.28
98.48
98.67
98.87
99.07
99.26
99.46
99.66
99.86
100.06
100.25
100.45
100.55
100.65
100.84
101.04
101.24
101.44
101.64
101.83
102.03
102.23
102.42
102.62
102.82
103.02
103.21
103.41
103.61
103.81
104.0
104.2
104.4
104.6
104.8
104.98
105.19
105.38
105.58
105.78
105.98
106.17
106.27
106.37
106.56
106.77
106.96
107.06
107.16
107.36
107.56
107.75
107.95
108.05
108.15
108.35
108.55
108.74
108.94
109.13
109.33
109.43
109.53
109.63
109.72
109.92
110.12
110.22
110.31999999999998
110.51
110.71
110.91
111.11
111.3
111.4
111.5
111.7
111.8
111.9
112.09
112.2
112.29
112.49
112.59
112.69
112.79
112.89
113.08
113.18
113.28
113.47
113.87
114.06999999999998
114.27
114.46
114.66
114.86
115.06
115.25
115.45
115.65
115.84
116.04
116.24
116.44
116.64
116.83
117.03
117.23
117.42
117.62
117.81999999999998
118.02
118.21
118.41
118.61
118.81
119.0
119.2
119.4
119.5
119.6
119.79
119.99
120.19
120.39
120.58
120.78
120.97
121.18
121.37
121.56999999999998
121.77
121.96
122.16
122.36
122.55
122.75
122.95
123.15
123.35
123.54
123.74
123.93
124.13
124.33
124.53
124.73
124.93
125.12
125.31999999999998
125.52
125.71
125.81999999999998
125.91
126.1
126.3
126.5
126.7
126.89
127.09
127.29
127.49
127.68
127.88
128.0
128.08
128.28
128.48
128.67
128.79
128.87
129.06
129.26
129.46
129.66
129.86
130.05
130.25
130.45
130.64
130.84
131.04
131.24
131.44
131.63
131.83
132.03
132.14
132.22
132.42
132.62
132.82
133.01
133.21
133.41
133.61
133.8
134.0
134.2
134.4
134.59
134.79
134.99
135.19
135.38
135.51
135.58
135.78
135.98
136.17
136.36
136.57
136.77
136.96
137.15
137.36
137.57
137.75
137.94
138.15
138.35
138.44
138.54
138.74
138.94
143.99
