9.71
10.07
10.18
10.23
10.39
10.58
10.74
10.92
11.09
11.26
11.34
11.46
11.79
11.92
11.99
12.1
12.26
12.47
12.82
12.97
13.17
13.51
13.63
13.67
13.73
13.87
13.97
14.02
14.13
14.46
14.56
14.91
15.25
15.61
15.78
15.95
16.13
16.3
16.48
16.63
16.87
17.0
17.05
17.33
17.7
17.91
18.03
18.26
18.38
18.72
19.21
19.39
19.67
19.79
20.11
20.47
20.81
21.16
21.34
21.51
21.71
21.85
22.01
22.19
22.54
22.88
23.24
23.37
23.57
24.27
24.61
24.79
24.91
24.96
25.13
25.19
25.32
25.66
26.01
26.35
26.71
27.04
27.22
27.3
27.4
27.51
27.57
27.74
27.9
28.01
28.07
28.21
28.43
28.65
28.79
29.04
29.12
29.42
29.47
29.74
29.82
30.16
30.51
30.63
30.73
30.98
31.13
31.21
31.55
31.66
31.73
31.79
31.91
31.96
32.09
32.26
32.42
32.61
32.95
33.12
33.28
33.81
33.98
34.33
34.67
34.95
35.04
35.12
35.2
35.37
35.71
35.89
36.06
36.24
36.58
36.75
37.1
37.44
37.62
37.72
37.79
37.97
38.12
38.49
38.83
39.36
39.52
39.71
39.88
40.21
40.4
40.49
40.58
40.75
40.92
41.09
41.26
41.43
41.61
41.8
41.91
42.13
42.3
42.66
42.99
43.17
43.26
43.35
43.52
43.69
43.86
43.96
44.04
44.38
44.74
44.91
45.08
45.43
45.77
46.13
46.29
46.46
46.59
46.81
46.95
47.16
47.52
47.68
47.85
48.0
48.2
48.45
48.55
48.68
48.72
48.81
48.9
49.07
49.24
49.41
49.52
49.59
49.93
50.11
50.28
50.47
50.63
50.97
51.15
51.32
51.5
51.67
51.85
52.01
52.2
52.36
52.7
52.85
53.05
53.18
53.23
53.4
53.56
53.69
53.75
53.92
54.04
54.09
54.27
54.43
54.61
54.79
54.96
55.13
55.36
55.48
55.82
56.01
56.35
56.46
56.53
56.72
56.84
57.21
57.4
57.58
57.74
57.90999999999999
58.08
58.25
58.6
59.12
59.25
59.3
59.48
59.52
59.64
59.76
59.82
59.90999999999999
59.99
60.17
60.51
60.68
60.86
60.99
61.38
61.73
61.89
61.97
62.07
62.40999999999999
62.57
62.61
62.77
63.13
63.29
63.46
63.63
63.71
63.8
63.98
64.15
64.34
64.48
64.67
64.85
65.19
65.37
65.71
65.8
65.89
66.06
66.24
66.34
66.41
66.58
66.92
67.44
67.62
67.82
67.96
68.1
68.25
68.31
68.53
68.67
68.83
69.0
69.19
69.28
69.35
69.7
70.22
70.34
70.39
70.58
70.74
70.92
71.01
71.09
71.27
71.61
71.78
71.96
72.12
72.48
72.84
72.99
73.1
73.17
73.52
73.87
74.39
74.55
74.65
74.9
75.06
75.25
75.66
75.77
75.94
76.12
76.22
76.29
76.47
76.98
77.79
77.94
78.51
80.12
81.14
81.81
83.05
83.19
83.45
83.8
84.26
84.89
85.63
85.68
86.0
86.27
86.54
86.68
86.91
87.36
87.74
88.16
88.27
88.36
88.43
88.51
88.75
88.79
89.1
90.17
90.5
90.85
91.2
91.42
91.5
91.55
91.72
91.9
92.05
92.24
92.44
92.59
92.68
92.79
92.86
92.94
93.07
93.28
93.63
93.97
94.28
94.32
94.67
94.85
95.01
95.36
95.71
95.88
96.06
96.23
96.4
96.74
96.93
97.08
97.45
97.63
97.79
97.98
98.14
98.49
98.65
98.83
99.01
99.18
99.36
99.52
99.69
99.87
100.05
100.22
100.57
100.76
100.86
101.11
101.26
101.61
102.13
102.3
102.59
102.99
103.18
103.26
103.52
103.69
103.87
104.02
104.38
104.56
104.9
105.02
105.08
105.25
105.35
105.43
105.54
105.6
105.7
105.78
105.95
106.29
106.47
106.64
106.81
107.16
107.43
107.51
107.68
107.76
107.86
108.19
108.4
108.55
108.84
108.91
109.07
109.24
109.42
109.49
109.58
109.76
109.93
110.13
110.25
110.45
110.63
110.97
111.1
111.15
111.49
111.67
111.84
111.96
112.02
112.36
112.7
112.92
113.22
113.4
113.74
113.87
114.09
114.31
114.61
114.79
114.97
115.09
115.13
115.48
116.0
116.09
116.17
116.36
116.52
116.7
116.87
117.05
117.38
117.56
117.74
117.91
118.26
118.34
118.62
118.77
118.9
118.95
119.3
119.61
119.65
120.17
120.33
120.43
120.51
120.68
120.87
121.03
121.21
121.44
121.52
121.72
121.91
122.01
122.06999999999998
122.25
122.43
122.76
122.94
123.54
123.58
128.98
