0.02
7.7
9.13
9.29
9.37
9.45
9.52
9.6
9.9
10.2
10.5
10.65
10.72
10.8
10.95
11.03
11.1
11.17
11.4
11.47
11.55
11.62
11.7
11.85
12.0
14.39
14.69
15.0
15.3
15.45
15.52
15.6
15.75
15.83
15.9
15.96
16.05
16.2
16.27
16.35
16.5
16.65
16.94
17.09
17.17
17.24
17.4
17.69
17.84
18.0
18.15
18.29
18.37
18.45
18.53
18.6
18.9
18.97
19.05
19.3
19.5
20.1
20.25
20.32
20.4
20.55
20.62
20.7
21.0
21.07
21.15
21.23
21.3
21.46
21.59
21.82
22.0
22.05
23.1
23.25
23.54
23.69
23.85
23.92
23.99
24.14
24.3
24.45
24.54
24.6
24.75
24.82
24.9
24.99
25.06
25.2
25.27
25.45
25.49
25.64
25.8
25.89
25.94
26.1
26.17
26.24
26.38
26.48
26.55
26.7
26.77
26.85
27.26
27.44
27.63
27.74
27.9
28.19
28.35
28.5
28.57
28.65
28.73
28.79
29.1
29.38
29.7
29.85
30.14
30.22
30.29
30.6
30.67
30.75
30.82
30.91
31.05
31.2
31.42
31.64
31.78
32.05
32.09
32.21
33.14
33.3
33.44
33.6
33.75
33.9
34.12
34.19
34.34
34.5
34.66
34.8
34.87
35.1
35.18
35.25
35.39
35.79
35.92
36.0
36.22
36.3
36.59
36.83
36.89
37.19
37.94
38.02
38.09
38.25
38.4
38.69
38.91
38.99
39.3
39.44
39.52
39.74
39.82
39.9
40.2
40.27
40.35
40.5
40.64
40.79
41.02
41.24
41.67
42.74
42.89
43.19
43.34
43.5
43.65
43.72
43.79
43.95
44.03
44.09
44.25
44.4
44.47
44.7
44.84
45.0
45.14
45.58
45.74
45.84
45.9
46.04
46.64
46.82
46.94
47.09
47.25
47.39
47.55
47.7
47.92
48.0
48.45
48.64
48.88
49.77
50.39
50.64
50.98
51.06
51.14
51.26
51.37
52.79
53.97
54.49
55.19
55.52
55.64
61.93
62.09
62.17
62.24
62.32
62.54
62.7
62.77
62.84
63.44
63.75
63.9
64.05
64.19
64.35
64.5
64.58
64.65
64.73
67.19
67.27
67.35
67.49
67.57
67.64
67.79
68.4
68.55
68.69
68.77
68.85
68.93
69.0
69.29
69.37
69.45
69.6
69.82
69.89
70.19
70.43
70.49
70.79
71.4
71.47
71.55
71.62
71.69
71.84
72.0
72.14
72.3
72.37
72.44
72.59
73.2
73.35
73.49
73.57
73.65
73.8
74.09
74.18
74.25
74.34
74.4
74.55
74.7
74.99
75.45
75.75
75.89
76.2
76.5
76.57
76.65
76.72
76.8
76.93
77.1
77.25
77.32
77.47
77.56
77.7
77.85
77.92
78.15
78.22
78.29
78.6
78.68
78.75
78.82
78.91
79.04
79.3
79.35
79.5
79.57
79.64
79.73
79.8
80.09
80.41
80.55
80.69
80.78
80.84
80.92
81.0
81.07
81.3
81.44
81.59
81.75
81.9
81.97
82.07
82.19
82.27
82.34
82.5
82.8
82.88
83.11
83.25
83.39
84.15
84.24
84.3
84.37
84.45
85.04
85.34
85.5
85.79
85.95
86.1
86.18
86.25
86.32
86.4
86.68
86.91
86.98
87.08
87.3
87.45
87.52
87.75
87.82
87.9
88.19
88.27
88.35
88.43
88.5
88.64
88.86
89.01
89.1
89.17
89.24
89.33
89.84
90.15
90.29
90.59
90.74
90.89
90.98
91.05
91.13
91.19
91.34
91.5
91.65
91.95
92.02
92.1
92.25
92.4
92.47
92.7
92.79
92.84
93.0
93.3
93.6
93.74
93.82
93.9
94.2
94.43
94.5
94.65
94.79
95.32
95.39
95.69
95.85
95.92
98.29
