0.0
2.13
2.3
2.83
3.0
3.17
3.52
3.86
4.22
5.25
6.31
6.65
7.01
7.35
7.6
7.71
8.3
8.4
9.01
9.11
9.8
10.14
10.4
10.84
11.18
13.97
16.76
17.99
18.16
19.38
19.56
19.73
19.9
20.08
20.25
20.43
20.6
20.78
20.95
22.34
22.52
22.69
22.87
23.04
23.39
23.57
23.74
23.92
24.09
24.43
24.61
24.79
24.96
25.13
25.48
25.66
25.83
26.18
26.53
26.71
26.88
27.06
27.23
27.579999999999995
27.76
27.93
28.27
28.45
28.62
28.97
29.15
29.32
29.5
29.67
30.02
30.19
30.37
30.55
30.72
31.06
31.41
31.59
31.76
32.11
32.28
32.64
32.82
32.99
33.16
33.34
33.51
33.68
33.85
34.03
34.2
34.38
34.55
34.73
34.9
35.08
35.25
35.6
35.77
35.95
36.13
36.3
36.47
36.65
36.82
36.99
37.34
37.69
37.87
38.04
38.22
38.39
38.57
38.74
38.92
39.44
39.62
39.78
39.96
40.14
40.48
40.66
40.83
41.01
41.18
41.35
41.53
41.88
42.23
42.57
42.75
42.93
43.27
43.45
43.81
44.32
44.5
44.67
45.01
45.71
45.89
46.07
47.11
47.29
47.46
47.81
48.16
48.51
48.68
48.86
49.2
49.38
49.55
49.9
50.08
50.25
50.6
50.95
51.65
52.34
52.69
53.05
53.22
53.57
53.73
54.0
54.09
54.27
54.44
54.62
54.79
55.13
55.83
56.18
56.35
56.53
57.23
57.58
57.75
57.92
58.62
58.98
59.15
59.5
59.58
59.68
60.01
60.37
60.54
60.72
61.07
61.40999999999999
62.12
62.64
62.81
63.15999999999999
63.51
63.86
64.03
64.18
64.9
65.0
65.25
65.43
65.6
65.95
66.29
66.64
67.0
67.35
67.69
68.05
68.38
68.74
68.91
69.09
69.44
69.79
69.88
70.14
70.31
70.48
70.84
71.19
71.53
71.88
72.23
72.58
73.97
75.37
76.59
77.14
77.23
77.46
77.81
78.16
78.85
79.03
79.2
79.91
80.08
80.43
80.6
80.78
80.95
81.13
81.29
81.48
81.65
81.82
81.99
82.17
82.35
82.52
82.69
82.87
83.04
83.21
83.39
83.57
83.73
83.92
84.43
84.62
84.78
84.96
85.31
85.49
85.66
85.83
86.01
86.18
86.36
86.53
86.71
87.06
87.23
87.4
87.58
87.92
88.1
88.27
88.45
88.61
88.8
88.98
89.15
89.33
89.49
89.67
89.84
90.01
90.2
90.37
90.72
90.89
91.06
91.24
91.42
91.59
91.77
91.94
92.29
92.46
92.63
92.81
93.16
93.51
93.68
94.21
94.55
94.73
94.9
95.08
95.43
95.59
95.78
96.3
96.64
96.82
97.17
97.35
97.52
97.69
97.87
98.22
98.91
99.09
99.26
99.61
99.97
100.13
100.31
100.48
100.66
101.0
101.18
101.71
101.88
103.28
103.62
103.97
104.15
104.32
104.5
104.67
104.85
105.02
105.37
105.72
105.89
106.06
106.41
106.59
106.76
106.94
107.11
107.29
107.46
107.64
107.81
108.16
108.51
108.69
108.86
109.2
109.38
109.55
109.9
110.25
110.43
110.6
110.78
110.95
111.12
111.3
111.48
111.65
111.81999999999998
112.0
112.34
112.69
113.04
113.22
113.39
113.56
113.74
113.91
114.26
114.44
114.79
115.14
115.49
115.83
116.19
116.53
116.75
116.88
117.06
117.23
117.58
117.93
118.28
118.63
118.8
118.97
119.31999999999998
119.5
119.54
119.58
119.68
120.02
120.73
121.06999999999998
121.16
121.24
121.42
121.59
122.47
122.64
122.81
122.98
123.16
123.33
123.51
123.68
123.86
124.03
125.38
125.6
125.67
129.4
