0.78
1.26
1.48
2.02
2.17
2.64
2.97
3.32
3.94
4.03
4.48
4.84
4.96
5.19
5.89
6.12
6.35
6.71
6.83
7.05
7.28
7.75
7.96
8.21
8.34
8.68
8.91
9.13
9.6
10.07
10.42
10.54
10.77
11.47
11.8
11.93
12.28
12.51
12.64
12.86
13.33
13.55
13.789999999999997
14.14
14.28
14.48
14.61
14.72
14.83
15.19
15.42
15.66
16.12
16.33
16.71
17.05
17.52
17.86
17.98
18.21
18.91
19.37
19.71
19.84
20.08
20.2
20.63
20.76
21.01
21.23
21.58
21.68
21.81
21.93
22.4
22.51
22.62
22.85
23.09
23.56
23.71
23.78
24.24
24.49
24.95
25.31
25.65
26.36
26.81
26.99
27.28
27.52
27.86
28.21
28.67
29.03
29.15
29.38
29.61
29.72
29.829999999999995
29.95
30.07
30.15
30.23
30.31
30.55
30.89
31.01
31.13
31.24
31.48
31.7
31.93
32.04
32.18
32.4
32.75
32.87
33.1
33.21
33.34
33.57
33.69
33.8
34.26
34.61
34.72
34.94
35.07
35.19
35.31
35.42
35.56
35.66
35.86
36.01
36.12
36.48
36.59
36.82
37.06
37.28
37.41
37.52
38.34
38.45
38.68
39.03
39.14
39.38
39.62
39.84
40.19
40.32
40.52
40.67
40.77
41.0
41.13
41.24
41.47
41.59
41.7
42.06
42.17
42.41
42.5
42.64
42.76
43.0
43.56
43.91
44.03
44.27
44.5
44.74
44.85
44.96
45.19
45.32
45.42
45.88
46.35
46.6
47.07
47.28
47.53
47.75
48.0
48.22
48.44
48.57
48.67
48.8
48.93
49.61
50.08
50.32
50.54
50.78
51.01
51.27
51.47
51.71
51.94
52.17
52.29
52.4
52.65
52.87
53.3
53.56
53.67
53.81
54.03
54.26
54.5
54.73
54.97
55.08
55.44
55.65999999999999
55.88
56.03
56.12
56.37
56.6
56.84
57.05
57.52
57.98
58.12
58.22
58.45
58.9
59.15
59.37
59.62
60.08
60.31
60.42
60.77
61.0
61.25
61.35
61.47
61.58
61.68
61.9
62.64
62.86
63.57
63.89
64.03
64.26
64.5
64.73
64.85
65.09
65.19
65.43
65.67
65.89
66.35
66.59
66.75
66.82
67.18
67.29
67.74
67.84
67.98
68.1
68.21
68.45
68.55
68.64
68.79
68.92
69.14
69.38
69.51
69.61
70.07
70.19
70.3
70.77
71.01
71.47
71.7
71.82
71.94
72.17
72.39
72.54
72.87
72.99
73.11
73.33
73.79
74.03
74.17
74.27
74.5
74.63
74.73
74.86
74.96
75.09
75.2
75.3
75.43
75.66
75.89
76.03
76.48
76.58
76.81
77.49
77.99
78.45
78.68
78.9
79.0
79.06
79.39
79.62
79.84
80.08
80.31
80.53
80.77
80.9
80.99
81.23
81.46
81.92
82.17
82.65
82.87
83.11
83.33
83.46
83.57
83.69
83.8
84.02
84.5
84.94
85.19
85.31
85.43
85.66
85.79
85.89
86.12
86.82
87.06
87.1
87.3
87.38
87.75
87.99
88.16
88.23
88.57
88.68
88.91
89.02
89.14
89.6
90.08
90.44
95.74
